1338.7000637846 3
93.04508209 47479.30859375
95.06099701 45287.70703125
96.70344543 43330.12109375
101.0715485 1043953.3125
102.0555801 84352.4453125
104.0534286 183774.65625
106.4084702 39693.1953125
110.0718384 956503.0
112.0873871 47364.015625
115.0504837 75265.78125
115.0868378 62812.54296875
116.071373 68946.1171875
120.0812378 505297.875
127.0868607 179766.46875
129.0661011 551442.5
129.1025238 1368022.25
130.0651245 77488.046875
130.0866699 479677.65625
130.0960846 60143.73046875
131.0691681 41865.11328125
132.0807495 67360.2265625
133.0432739 220553.5
135.0392151 44716.62109375
136.075943 635261.25
139.1059113 43978.484375
141.102356 72185.03125
143.0452728 55479.515625
143.1180267 667344.3125
145.0608826 76521.4921875
147.0767822 49276.1953125
147.1131897 551815.3125
155.1188965 47056.04296875
157.0973053 74349.2421875
157.1341705 73842.2890625
158.0930786 191819.265625
159.0918427 249375.796875
159.1133881 232566.0
166.0614471 251343.3125
169.0975342 208243.984375
169.1336212 65614.703125
171.0751801 70121.0546875
171.0894928 51243.5
171.1131744 242340.90625
173.0559082 464273.09375
173.1290283 527935.625
175.0891266 47402.05859375
175.1192627 858047.5625
182.1296997 58421.23828125
183.1134796 282981.875
183.149704 58477.1328125
185.0563202 442315.96875
185.0709686 49397.5859375
185.0921478 87090.5234375
185.1289978 52870.22265625
187.1084137 104178.7109375
187.1446991 805552.625
195.0409698 172225.828125
196.145462 61103.83203125
197.1287994 97236.9921875
200.1400452 171129.46875
201.1236572 186738.921875
202.0829468 71927.2109375
204.1341095 55848.71875
207.1250458 173635.546875
210.1231384 91005.15625
212.0667419 97096.7109375
212.1025238 55497.21484375
213.0506287 87640.515625
213.0884094 56424.99609375
215.1028442 192445.296875
215.1392975 280495.40625
225.0991211 105838.4765625
225.1221771 85465.71875
228.1342773 251802.890625
228.1708527 48348.1171875
230.0772247 878117.8125
230.1145477 197640.546875
230.1499176 60237.1796875
235.1194611 1089989.5
236.1223907 101972.8046875
238.1190338 61720.16796875
240.1342468 64557.0078125
242.1516266 56600.11328125
244.1629486 54174.66796875
251.1526031 59043.703125
254.1520233 64584.4140625
258.1451111 103273.6015625
267.7166138 45853.0703125
271.1782837 66790.375
276.1571045 56901.0859375
280.1315002 60605.8828125
282.1462402 82127.3984375
285.1564026 93433.8046875
287.135437 68996.3359375
294.1817627 247412.171875
297.1556091 272985.5
298.1413879 229375.6875
299.0981445 176661.59375
299.1721802 69272.1328125
304.1637268 84331.8359375
305.1839905 106120.75
315.1667175 216852.671875
322.1504211 191199.03125
335.1932678 697032.0
336.1945801 58306.06640625
343.1591187 68440.03125
350.216095 50916.546875
359.2418518 54639.30859375
365.2203369 63844.90234375
369.2255249 312775.3125
405.1871643 79522.734375
412.1801147 153998.71875
423.1964417 105141.0859375
430.1937561 50591.33203125
430.6264954 59332.43359375
441.2086182 62323.44140625
454.2387695 100278.5078125
456.2952881 475760.65625
463.3048096 59429.45703125
470.2691345 336931.21875
472.2527161 238963.546875
473.2579041 68434.234375
490.783783 99904.328125
491.2853699 59921.38671875
503.293335 78050.890625
515.3200073 83901.2109375
516.3261719 47581.9609375
517.3096924 96421.1640625
523.2860107 216217.796875
533.2817383 94300.96875
534.2695313 63444.79296875
541.2733765 50547.2890625
551.2901611 273045.75
552.3022461 56536.75390625
556.2810059 49434.234375
559.2824707 57817.22265625
569.3048706 1448335.375
570.3068848 626275.3125
571.3109741 43984.015625
596.309021 47772.30859375
650.3575439 89556.515625
652.3433838 79099.6796875
663.3861084 63281.1875
674.3521118 60857.40625
680.3737183 547342.6875
681.3757324 72455.8828125
682.3853149 97516.5859375
683.3956909 68937.8046875
685.4364624 54097.02734375
699.418335 61318.5703125
707.3713379 58283.86328125
769.4153442 424291.0625
770.4247437 238171.484375
797.2843018 58671.05078125
921.6390991 54369.05078125
