1148.63115097047 2
84.04529572 224102.6875
84.08158112 232455.484375
86.09715271 3208664.5
87.05599976 43645.265625
87.10060883 180897.140625
90.36626434 27774.4296875
91.05487061 170512.984375
92.03473663 65909.3828125
98.02519226 32056.53515625
101.0715637 130222.5546875
102.0556107 120487.21875
110.0719528 66748.7265625
111.0397186 30726.138671875
112.0875702 41407.1171875
115.0869522 40114.7265625
116.070549 45319.75390625
119.0495911 132298.921875
120.0811615 1178039.0
121.0845413 54351.23828125
129.0661163 32214.451171875
129.1024475 304589.09375
130.0864563 145284.4375
131.1180573 194259.15625
133.0435028 64442.0625
136.0758667 2829587.25
137.0796051 235516.140625
143.1176147 47733.796875
147.112854 214786.53125
152.6910553 33383.140625
157.133606 173416.703125
158.0925293 138110.28125
159.0926819 28904.671875
161.0917816 37934.33984375
171.0764313 37645.46875
175.1192932 510802.875
185.1290283 133896.25
197.128479 45695.48046875
198.0873413 41732.5703125
199.180954 172148.375
200.102478 38905.640625
204.1385651 49845.33984375
214.1182098 52160.546875
215.1387329 293583.96875
225.1239777 63789.60546875
227.1761475 53851.078125
228.1351776 136934.5
233.1654663 73279.03125
235.1081848 51542.9921875
242.1504822 156039.296875
243.1335144 241054.15625
248.1606293 65920.25
249.1599579 2197836.25
250.1637421 392082.28125
255.1456146 35360.79296875
257.1616211 52117.6484375
259.0925903 61750.46484375
274.1878052 55982.49609375
277.1257324 55638.66015625
277.1551819 480537.375
278.15802 61146.3046875
357.1773071 35362.81640625
371.202179 134559.84375
372.1756592 117044.9609375
387.5921936 32845.671875
388.2314758 122257.765625
465.2132874 62940.78125
501.3162537 280466.5
502.315155 51826.46875
508.7805481 58974.7109375
532.321167 47498.109375
551.90271 33599.375
575.3294067 127964.3359375
594.2526245 58159.60546875
616.4107056 36585.98046875
630.3553467 507673.96875
631.3620605 233545.078125
635.3508911 59332.24609375
685.8730469 38507.1328125
705.2857056 39689.66015625
741.3791504 137605.921875
742.3837891 33242.6015625
750.3704834 53749.2109375
759.401123 843644.4375
760.4003296 347414.71875
761.4046021 55953.84375
777.4639893 48438.96875
793.3406982 70036.4765625
864.4109497 133569.875
865.428833 54173.2421875
872.4849243 1419924.875
873.4885254 851907.5625
874.4864502 124179.0
897.3417969 36570.3828125
906.4971924 150877.296875
907.5001221 62183.64453125
985.5579834 60812.296875
