1120.53516870449 2
84.04511261 33334.01171875
84.08142853 76206.2109375
86.09718323 330355.625
99.80079651 8862.892578125
102.0558929 15662.9150390625
110.0718689 14072.3671875
120.0812531 187944.9375
129.1028748 136326.328125
130.0867615 13467.9921875
136.0761108 11637.4609375
147.1131134 53097.984375
148.5188141 9391.7685546875
173.1286774 13715.9013671875
175.1195374 67729.453125
179.0758209 8668.7099609375
186.0866547 10539.4716796875
186.1243134 10524.4111328125
187.1078339 11916.5126953125
191.1177673 18726.87890625
199.0715027 10574.478515625
199.1818237 9967.6689453125
201.1250458 11703.3544921875
215.1392975 39247.87109375
228.134552 11969.7041015625
233.1649475 136919.578125
234.1682434 13649.0224609375
260.1980591 16724.6875
261.1603394 66536.53125
273.1734924 10683.701171875
332.1953125 13048.12109375
360.2001038 51406.2578125
434.6086731 10916.2607421875
487.0860291 10917.7431640625
546.2590332 80948.2421875
547.2637939 14589.8759765625
548.279541 9979.3095703125
561.3595581 20642.623046875
661.2866211 56882.3984375
662.2937012 17820.15625
789.3390503 43756.69921875
790.3482056 17052.322265625
860.3886719 101467.046875
861.3834229 42928.9453125
1007.441528 13230.951171875
