1919.97171830276 3
133.0430145 176797.359375
136.0750732 49064.6484375
145.0610657 18194.029296875
147.112442 50853.65234375
149.0742645 27339.5
155.0814972 168364.25
157.0968933 35488.91796875
159.0912781 95389.0390625
169.1330566 16864.01953125
173.3901367 18904.544921875
175.1187439 35842.765625
177.185257 20843.89453125
183.1128082 18499.197265625
186.0872955 38401.5859375
187.1448364 17766.51953125
188.7341919 19448.962890625
200.1395721 59218.03515625
201.122818 29585.150390625
216.0996704 36178.8984375
218.1494141 57224.1796875
219.1493835 266483.71875
225.914917 19738.263671875
226.0825653 22610.7734375
226.1187439 59213.171875
227.0822754 21267.837890625
228.1332245 32738.6171875
240.1348877 38396.29296875
240.1697388 41052.9140625
242.1156616 24046.58203125
243.1099548 29991.712890625
243.1342316 36611.03125
247.144516 202312.1875
248.1594086 19087.857421875
258.9897766 22482.541015625
268.1653748 34940.953125
275.1720886 57048.53125
276.1344299 32343.25390625
284.1628418 22566.048828125
313.1504517 33631.04296875
315.1127625 39852.16015625
329.1826782 38875.71875
330.1413879 95183.9921875
339.0557556 24023.1796875
351.2031555 96783.0078125
360.2273254 30120.42578125
372.2243652 708762.25
373.228363 132817.125
398.2052612 39457.09765625
414.2367859 132220.71875
414.73526 51509.578125
425.2164917 33472.015625
426.1995544 131528.375
443.228302 161735.578125
456.2516174 27021.3203125
459.2575989 255973.28125
460.2549133 40329.47265625
481.2468262 32616.6015625
524.2954712 28810.048828125
542.2965088 30403.78125
557.3104858 37860.83203125
560.307312 227763.703125
561.3104248 41827.3359375
563.281189 33016.703125
575.3303833 39750.74609375
587.3270874 28820.6328125
606.5894165 28342.232421875
645.3442993 28900.251953125
672.3457642 38250.03125
673.3858643 111814.828125
674.3886719 54558.18359375
689.3638916 211253.3125
690.3602905 35302.98046875
730.411499 272152.5625
731.418457 46568.578125
746.4194946 37986.03515625
802.4425049 114818.328125
803.4489746 102507.390625
805.4043579 33477.375
809.4467773 39461.7734375
816.4645996 33252.87109375
827.4630127 636760.0
828.4649048 368934.71875
829.4730835 32425.01953125
946.5605469 30157.1171875
963.5393677 39535.58203125
987.4951172 127553.296875
988.4991455 52941.37109375
1092.596191 43128.8671875
1118.539185 38234.19921875
1732.702759 38408.40234375
1903.274536 32525.615234375
