1825.81952170918 2
127.0856552 1138.9230957031
129.1018219 1029.1723632813
136.4577332 989.9006958008
228.1334686 7008.5249023438
242.8273468 1360.0767822266
244.0924225 2306.5856933594
248.1612244 3031.080078125
251.1828156 1326.8704833984
272.303894 1440.6314697266
355.1256714 1593.1336669922
356.1280823 1603.1912841797
356.1906128 1490.8499755859
373.1363831 1992.5051269531
484.1724854 1651.0834960938
583.236145 2211.173828125
592.2965088 1588.3543701172
657.3648682 1657.3658447266
744.7057495 1706.6688232422
844.3828125 2353.1477050781
848.9189453 2051.2341308594
855.3966064 1793.8701171875
913.4283447 2501.7412109375
913.911499 1859.2181396484
1110.489136 2110.3430175781
1127.494263 12420.4697265625
1128.500244 6914.8520507813
1131.889893 1714.2573242188
1226.573608 3521.5983886719
