1420.71520460109 2
101.0714111 7957.0439453125
102.0557632 11494.3671875
110.0721359 9477.9365234375
115.0871429 45438.73828125
116.0709152 8732.5068359375
120.0808792 11286.830078125
129.1025238 38753.515625
130.0867615 27469.60546875
135.8913116 7881.6352539063
136.0759125 13158.396484375
141.101593 6275.6528320313
143.0819397 68355.390625
143.1183014 27917.291015625
147.1132355 59651.4453125
157.1078033 7310.8325195313
171.1129456 12244.615234375
175.1190186 42338.34765625
183.1132813 8717.0537109375
197.12883 58368.1953125
199.0720367 7083.2080078125
200.103714 12024.0771484375
200.1386261 10376.1494140625
201.1239777 59355.5078125
229.1183014 86258.3125
230.121933 9075.142578125
242.1500702 63329.54296875
245.0753174 7908.3818359375
251.1034088 16860.982421875
260.1964722 28729.7578125
300.1549377 11023.705078125
304.1140442 30351.20703125
337.1061096 6797.7788085938
343.1249695 7629.1254882813
344.1459045 14185.087890625
361.2444763 36030.375
377.1772156 9152.9638671875
395.1917114 8875.4599609375
423.1902771 10627.3984375
428.2142639 14127.7841796875
451.1859741 10192.5224609375
459.2521667 10439.4501953125
490.2903748 24698.3984375
543.2379761 9138.2734375
589.3465576 11243.5234375
654.2755127 8466.9638671875
666.3425293 12070.634765625
709.3366089 51909.703125
710.3685303 52365.68359375
711.3713989 16573.650390625
791.4532471 10801.5009765625
848.4688721 33287.421875
923.5217896 9767.22265625
935.5007324 52367.19921875
1032.506226 14856.154296875
1050.532593 55530.203125
1051.522095 39261.01171875
1161.551514 16859.83203125
1174.993896 8937.0244140625
1179.554321 37060.06640625
1180.560547 28962.595703125
