1628.8471750496 2
122.2310867 23225.923828125
123.9173508 22700.509765625
129.0652008 64770.22265625
129.1025696 29806.314453125
130.0852051 25799.60546875
136.075058 44742.0390625
143.118103 371348.8125
144.1206665 27920.482421875
147.1134033 28967.76953125
155.1169586 24503.638671875
157.0965271 31792.66015625
169.1332245 48614.3359375
171.1122894 46089.4375
175.1192474 34525.69140625
185.1654205 36655.26953125
186.0871124 230567.921875
186.101532 29440.263671875
194.9786377 32982.23046875
197.1289825 76260.203125
211.1813354 34901.734375
220.5262146 32603.96484375
228.1350555 66030.5859375
234.1451263 163289.21875
240.1339417 40002.7109375
243.1081696 135633.03125
254.1499634 157999.703125
271.1772461 238151.984375
285.1561584 154249.4375
296.196991 61808.51953125
311.1724548 97242.921875
314.132843 42855.33984375
328.1994629 65027.14453125
339.2396851 66395.2109375
353.2193604 97114.015625
354.21875 46635.18359375
367.2347412 55625.47265625
370.243042 84264.0234375
385.218689 226031.375
395.2067871 76712.046875
413.2116699 57815.671875
424.2586365 57529.515625
481.2742615 78494.8984375
498.3045044 159120.15625
508.2914124 187344.5
509.2887573 53523.0078125
529.2692871 58260.2265625
547.274231 304600.5
548.2786255 49995.0625
565.309082 162233.515625
586.2902222 49610.85546875
604.2939453 812958.4375
605.2992554 182236.40625
715.3289185 91238.609375
733.3348999 312700.84375
734.3481445 71244.8046875
815.5119019 401971.34375
832.4085083 207132.421875
833.4190063 76968.375
933.4446411 391705.9375
934.4611206 230710.9375
968.5198975 53913.53515625
1046.534912 72488.3203125
1103.561768 634985.8125
1104.560913 266497.90625
1105.578979 72124.046875
1216.647705 80741.1484375
1273.658447 164310.171875
1274.687988 65536.671875
1330.687012 481562.625
1331.685913 244532.578125
