2331.17994920119 3
173.1287537 412719.40625
174.1315155 17077.55078125
175.1188812 100652.1953125
185.0918579 14754.35546875
195.0767517 10730.6875
197.1273804 13797.37109375
201.1234436 114296.984375
202.0835419 15420.7373046875
213.0870667 55001.26953125
215.1389313 14498.3935546875
216.665329 10241.1064453125
226.0825653 8398.96484375
231.0980225 20107.853515625
233.2083435 8754.8544921875
242.1510468 8370.7138671875
244.0919342 10051.4482421875
272.1587524 10697.7841796875
273.1201477 12111.7919921875
274.1879272 109817.015625
275.1930542 9864.0869140625
299.1385193 20450.150390625
308.3145447 9176.388671875
330.1658936 14435.3271484375
339.282074 10058.6279296875
403.2298889 16959.130859375
431.2183228 10055.0947265625
437.1844177 10803.654296875
525.1980591 12187.5849609375
585.8244629 10685.95703125
629.8412476 14420.5478515625
630.3413696 18712.162109375
648.8044434 13814.2412109375
693.8740845 22112.05859375
694.3768311 23213.01953125
734.3926392 11700.849609375
750.4143677 90362.53125
750.9113159 59098.39453125
777.3867798 71127.7265625
778.4060669 77052.953125
779.4128418 21151.20703125
785.9309692 87856.859375
786.4338989 86163.8046875
786.9360352 15477.283203125
787.4346924 14863.380859375
829.4458008 87343.2421875
829.9487915 83226.578125
830.4544678 50052.93359375
848.3982544 11674.9814453125
877.9592896 36728.09375
878.465271 18605.55859375
886.4666138 144312.25
886.9738159 137229.125
887.4727173 57788.27734375
887.977478 19504.068359375
941.9811401 21741.98046875
942.4890747 21393.904296875
942.9859619 36578.26171875
950.9887695 74469.2578125
951.4906616 80760.859375
952.0011597 35779.65625
952.4954224 37186.69140625
979.5010376 19608.28515625
993.0159912 23690.29296875
993.522522 17401.939453125
1001.518616 184333.671875
1002.01709 168666.984375
1002.519653 153724.734375
1003.00708 23764.4375
1034.482666 30844.142578125
1057.028442 19456.474609375
1057.532104 62978.2890625
1058.037964 44675.6796875
1058.527466 15660.556640625
1066.041138 144210.453125
1066.535645 116959.8046875
1067.036377 78607.1015625
1067.531616 23736.69921875
1128.567505 44799.15625
1129.549072 12763.8662109375
1241.636475 22510.025390625
1276.599365 18433.416015625
1369.71167 14698.8359375
1370.722534 18139.61328125
1482.765381 13823.755859375
