1451.67547611438 2
102.0555115 43824.7734375
103.3644943 8734.5390625
104.0532837 19102.62890625
110.0719757 14574.53125
120.0808334 84510.9375
129.0661469 13694.8046875
129.1028748 18144.75
133.0323944 11038.365234375
133.0614929 8920.59375
136.0613861 10273.37109375
136.076004 70981.7578125
136.8100891 8692.9052734375
147.1130524 14664.6572265625
150.0587006 40395.984375
157.0977783 12332.701171875
159.0922089 34927.58203125
167.0823212 44397.5
169.1338806 20059.44140625
171.1134338 12448.5458984375
173.0557556 68409.3203125
173.1292114 18055.251953125
175.1191406 20290.548828125
183.1135559 14132.310546875
183.149353 11931.4560546875
187.1446075 14080.193359375
197.1285706 16354.455078125
198.0882874 10637.865234375
199.1809387 15844.48046875
201.1233978 107114.8515625
211.1442108 11575.3095703125
213.086731 21120.689453125
216.0986176 42741.61328125
226.0823669 59177.66015625
226.1177521 9270.34765625
227.175415 11837.6689453125
228.1342773 36249.8203125
229.1184845 54080.66796875
232.1407471 13763.35546875
233.1314697 69228.078125
244.0926208 84375.8203125
261.0908203 75202.28125
261.125946 60204.53515625
262.0910034 8732.3779296875
264.1003418 15807.7294921875
294.1454773 11199.6298828125
312.1546936 9987.5498046875
327.131073 19702.38671875
342.2033081 13195.0947265625
343.1647644 11748.2001953125
344.1629944 12215.5634765625
357.1742249 11682.1513671875
376.1555481 30309.2734375
377.1817932 11999.6787109375
393.1790161 10699.5791015625
395.1903687 9557.3818359375
440.2150269 17978.81640625
504.2093201 19180.634765625
587.2451172 28272.58203125
590.2875366 10092.796875
604.3010254 13750.71484375
605.2587891 43228.1875
608.6311646 10725.837890625
697.4718018 10291.0419921875
700.335083 13230.7587890625
718.3428345 36121.18359375
803.3995972 12214.505859375
894.4413452 20770.08984375
946.4363403 11926.6005859375
964.4675293 15571.9189453125
