1882.91970306426 2
133.0597992 3594.9079589844
136.0753021 6336.5336914063
147.1126862 10003.337890625
147.3761444 3920.0344238281
148.5552673 3801.2966308594
155.0801086 4393.2124023438
159.0906219 5253.0903320313
165.1019592 5608.2661132813
171.0380707 3992.8940429688
173.1285248 28630.68359375
175.1188507 13365.7958984375
183.1128387 6367.3818359375
186.123642 5780.359375
187.1439972 5785.974609375
197.1283112 14304.978515625
201.1235657 28151.392578125
214.1188202 10475.2099609375
218.1505432 8777.6376953125
226.0847778 5423.4311523438
227.0662231 5320.12890625
228.1351471 8164.2978515625
231.0976105 5234.4741210938
235.1070557 5552.7001953125
240.1346741 7103.5776367188
242.149231 8704.638671875
244.0930023 30686.728515625
263.1008301 6950.5786132813
282.178833 5877.5244140625
283.1011047 5203.4780273438
301.1145325 7791.3344726563
302.1503906 5114.8842773438
313.1873779 28044.333984375
322.9248047 5799.3784179688
324.8405151 5813.728515625
325.1896362 7322.4008789063
329.1828613 23617.0703125
349.1950989 7175.94140625
353.1078491 6918.9262695313
370.1396179 6444.3588867188
406.2150879 7897.9155273438
415.1691895 7679.85546875
519.300293 11742.62109375
526.4277344 6055.458984375
573.2312012 7594.9467773438
627.2161865 8101.853515625
633.3476563 8541.5048828125
671.0637817 6734.8032226563
720.3699341 43532.71484375
833.4575806 6697.1049804688
895.2957153 7664.7719726563
920.4893799 38865.48828125
921.4959106 22992.892578125
1003.556213 8388.8505859375
1016.559998 41267.19140625
1017.559082 25866.95703125
1019.564636 13887.4306640625
1118.616577 9640.9765625
1119.647339 9009.3623046875
1233.660522 8469.5078125
1250.657593 9175.3603515625
1291.682007 9288.0576171875
1348.737549 8962.5927734375
1461.28479 8528.9150390625
1869.341675 9182.9443359375
