2007.88425136007 2
140.6589661 1397.427734375
143.1173706 1530.9051513672
147.1122437 3776.3657226563
157.0963898 1513.3197021484
157.1312866 1377.2375488281
159.0908203 10183.7763671875
167.0809631 2417.1325683594
171.1126099 2187.1420898438
175.1188965 13548.9814453125
175.1315155 1403.9212646484
183.1113129 1555.8505859375
185.0914917 8500.150390625
187.1073151 1718.2614746094
187.1439056 26272.943359375
188.1461792 1807.8074951172
195.0756378 1818.4074707031
196.0592804 2687.0922851563
197.127655 3161.5361328125
199.1079559 2450.7172851563
200.4370422 1342.1091308594
201.1233521 2570.1801757813
204.1335144 3978.3586425781
206.0567322 1269.2774658203
212.102356 2577.7233886719
213.0860901 8431.0
215.1380768 11421.423828125
227.1011353 1884.548828125
229.1183167 2397.2309570313
235.1082153 4205.9248046875
240.1329956 1770.2198486328
252.0981293 1881.0423583984
256.1289673 1874.7080078125
260.1970215 2766.5874023438
263.1015015 2028.2310791016
278.1090393 1832.8977050781
287.0968018 1926.5360107422
288.2021484 3154.6838378906
290.0805054 1892.7037353516
294.1578369 1867.3834228516
296.1226501 3268.8725585938
297.1578674 1830.3747558594
314.1334839 3310.6286621094
328.1132202 3973.2048339844
332.192627 8131.2504882813
333.1924133 2745.2482910156
335.1359863 2041.5297851563
353.145874 4545.0688476563
363.1273499 2716.0087890625
371.1569824 3140.2114257813
396.2254333 2791.2817382813
405.1426697 2188.0939941406
426.202179 2590.8012695313
433.2398987 12237.62109375
502.1972656 3136.0444335938
518.5245361 2220.0053710938
521.2991333 2671.0639648438
551.3337402 2495.890625
566.5343018 2124.1811523438
613.2778931 2090.7160644531
616.7737427 2301.8176269531
617.22052 2857.2587890625
634.3780518 3977.7866210938
649.3175659 10428.04296875
650.3257446 2970.0402832031
690.3858032 4147.08203125
690.8833618 2939.263671875
762.4486694 2574.8942871094
796.3830566 12486.046875
797.3804321 2533.2277832031
943.460083 8741.04296875
948.5103149 2504.9875488281
961.5812988 14309.9306640625
962.550293 3650.1303710938
987.5606689 10220.0029296875
988.5516357 4552.4375
1004.598572 124117.515625
1005.601501 42409.0859375
1044.50061 3961.5495605469
1158.543457 10269.8095703125
1185.053345 2469.3149414063
1257.614502 3511.2353515625
1258.626343 3339.5009765625
1282.718262 2661.5964355469
1295.247803 2417.51171875
1344.55188 2749.6877441406
1388.692871 14203.568359375
1389.695435 11776.0
1390.704468 8134.1694335938
1443.65332 4072.7509765625
1794.754517 2659.306640625
