1228.62947523513 2
86.09712982 286843.15625
101.0714722 12654.154296875
102.0557175 46853.09375
104.0530167 7399.537109375
110.0715408 30207.19921875
112.0874786 11565.8876953125
120.0807343 9203.9970703125
122.07164 16521.5390625
129.1025848 78632.96875
130.0864716 9693.4404296875
136.0757446 11388.10546875
141.0668335 6709.083984375
147.1128693 47255.45703125
150.066391 11627.5107421875
157.1342163 8119.2788085938
158.0919952 7147.2026367188
167.0930481 74882.921875
175.1192017 70607.8515625
185.1290588 13598.603515625
186.0866852 9134.78515625
197.1286926 13875.6826171875
199.1805573 77197.1875
201.1234741 235279.578125
202.127533 13194.69140625
204.1342163 8536.5703125
206.7513275 7061.4643554688
212.1150055 11338.2919921875
215.1391296 34045.19140625
221.1031647 10572.71875
227.1756439 26714.767578125
228.1337128 9402.5703125
229.1184235 498839.25
230.1212006 55786.0859375
244.0940247 10495.31640625
244.1660767 8206.875
249.0980682 16031.8671875
255.1102753 7193.4750976563
257.1617126 9564.1875
258.144043 7694.42578125
267.1101685 10767.7841796875
278.1232605 8506.1142578125
323.1460876 8671.0166015625
332.191925 9318.73046875
342.2020264 77965.921875
343.2055359 10044.0966796875
346.1834412 31420.97265625
401.1938477 8324.2333984375
456.2311401 16339.369140625
457.2149048 33603.0546875
474.2416992 145749.859375
475.2434692 28890.384765625
520.2573242 13108.40234375
589.2678223 30016.173828125
611.2654419 7084.9975585938
614.4047241 62641.921875
615.4213257 46216.06640625
686.2869263 11505.9208984375
703.3110962 97823.734375
704.3131714 32158.041015625
757.3258057 28148.478515625
758.3200684 15051.8447265625
774.3494873 268458.625
775.3461914 105688.7734375
776.3515625 8714.869140625
870.3911133 10316.0263671875
887.4351807 170098.53125
888.4386597 81834.6875
906.4621582 10528.97265625
961.496521 9509.69921875
983.4922485 8367.2080078125
1000.517822 86892.9296875
1001.522522 50839.6796875
1002.520874 9230.4814453125
