1718.81437174814 2
120.0811996 69815.078125
127.0864716 13826.9833984375
129.1022949 36965.36328125
130.0642395 11650.5498046875
130.0861206 14162.9814453125
132.0805359 21959.576171875
136.0753937 59706.51953125
142.0648956 7629.837890625
147.1126862 20284.931640625
159.0782623 9881.3642578125
159.0918579 253652.53125
160.0950165 16310.0146484375
164.4223175 6674.3833007813
173.0908508 9026.1494140625
175.0896759 12426.927734375
175.118515 22625.220703125
181.0965576 8510.4267578125
185.0920563 10555.37109375
186.0876312 8213.205078125
187.1070862 7477.060546875
191.1175232 15441.3955078125
203.0852509 8467.296875
204.1343842 19599.1171875
210.1779633 7307.0454101563
213.086853 17823.66796875
219.1124115 16982.30859375
224.1915436 8034.5366210938
244.0924072 11358.84765625
248.1610107 46900.07421875
260.2000122 8864.048828125
270.1089783 12417.7744140625
301.1155396 10077.1455078125
302.1483459 12866.5546875
319.1619263 20115.728515625
347.2276917 10828.7529296875
398.1678467 11328.1708984375
430.2192078 9226.3359375
482.2276917 40001.6953125
518.7045898 9980.330078125
526.2271729 12631.9970703125
567.49823 10317.79296875
577.3192749 18221.443359375
641.2492676 31100.96484375
662.2634277 9419.5849609375
665.8384399 21646.91796875
666.3338623 14513.4072265625
754.3400879 15417.564453125
773.9120483 10304.55078125
818.4324341 14015.9599609375
859.4264526 12184.2861328125
860.4211426 90656.21875
861.4204712 85441.859375
933.5023193 15507.5439453125
984.4299927 11284.603515625
986.3616333 11323.6484375
1118.585693 34234.26953125
1119.578613 17965.466796875
1330.660522 54328.44921875
1331.647339 42403.77734375
