1398.77365920515 2
101.0717239 54779.66796875
102.0555496 27845.69140625
104.0533447 29247.19140625
106.6077576 20030.705078125
110.0721817 25295.244140625
113.0711975 29670.384765625
115.0874481 32847.375
120.0812073 350920.875
121.0840302 24720.3828125
123.2407074 23123.216796875
126.0559464 20125.830078125
127.0876007 22271.48046875
129.0660553 32056.595703125
129.1028137 183684.0625
130.0865631 100975.3828125
131.1180725 243009.96875
133.0432129 45469.40625
136.0756683 181417.484375
138.091507 48437.44140625
143.1186981 30145.55078125
147.1125641 100999.03125
155.1181335 46865.26953125
157.0973053 34646.38671875
158.0929871 32867.2421875
166.0860901 28073.326171875
167.0809021 28298.291015625
169.096817 103102.3125
170.0932617 29987.125
175.1192474 324536.0625
182.1289063 219863.828125
183.1127777 263719.40625
185.1299591 30330.23046875
191.0821838 28790.1171875
197.1291199 26730.451171875
198.0871429 32763.029296875
199.0703888 31705.29296875
199.1808777 104601.765625
200.1397705 279717.53125
201.1230621 22145.65625
208.0958862 38991.6484375
209.092804 41519.953125
210.1234589 89075.6640625
211.1068115 37873.08203125
212.1030579 124708.65625
214.1561432 27935.87109375
216.0969391 34170.203125
217.0817871 20714.4296875
217.1374207 27378.65234375
225.1235352 199069.28125
227.1752472 88484.5234375
228.1345825 354514.5625
230.1137238 38264.98046875
241.082428 42659.10546875
242.149765 459193.8125
243.1335754 30649.337890625
244.1652527 25845.51171875
248.5280304 21862.666015625
256.1663208 35412.73828125
258.1090698 98124.703125
263.1042786 42268.8671875
276.0657349 28692.63671875
278.1140442 34706.078125
282.1810913 45630.62109375
285.191925 30204.38671875
288.2029114 28525.859375
295.1401672 40859.25390625
312.158844 38842.53515625
313.151123 86801.8984375
322.1885681 27981.33203125
323.20578 27422.6875
324.1921997 39994.5390625
325.1894836 32227.248046875
341.2175293 130588.203125
354.1671448 28740.333984375
361.2423706 29728.904296875
370.2072754 28330.11328125
371.1932373 52481.32421875
393.2149353 48502.8359375
406.1728516 27121.666015625
441.2440186 42155.953125
470.7342224 26574.654296875
482.2114258 40746.703125
516.2944946 88429.6015625
552.3485107 37985.51171875
569.3769531 448010.15625
570.3773193 145066.578125
657.3250732 29430.189453125
668.2786255 263920.625
669.2834473 51607.31640625
673.9555054 24865.046875
700.3264771 43610.953125
700.4371948 44294.67578125
701.4373169 53673.17578125
716.4457397 91277.046875
717.4448242 43210.98046875
725.3588257 38341.04296875
781.3622437 135585.71875
782.3582764 91672.859375
817.4870605 112475.21875
854.4557495 28037.529296875
927.4904785 27583.7578125
931.5275879 82633.609375
944.4199219 121535.96875
945.4321289 29757.681640625
984.5634155 29151.94921875
1011.557312 36299.38671875
1028.393311 35712.16015625
1028.587769 851161.3125
1029.591064 415633.59375
1030.592773 156230.21875
1058.467041 178103.390625
1059.46521 32732.97265625
1060.476318 30644.650390625
1157.630005 212300.859375
1158.621582 130555.140625
1159.612671 34427.09765625
1171.552246 173036.375
1172.546631 116282.140625
1199.177124 28324.56640625
