1336.68203382682 2
101.0714874 29592.384765625
102.0555878 34887.46484375
115.0867081 18427.453125
120.0812225 154179.140625
129.1023254 92657.4296875
130.0863037 35349.96875
136.0757294 17793.056640625
143.1174164 21470.921875
145.5179443 20102.287109375
147.1128998 103848.3046875
159.0912781 16735.24609375
167.0814362 128639.625
171.1488953 25142.251953125
173.055954 36258.8203125
173.0926056 22907.30078125
175.1196289 18516.189453125
185.0926056 162402.3125
187.1443939 26016.205078125
199.1458435 18426.728515625
199.1813049 29366.515625
201.1227417 14901.98046875
215.0852661 18270.115234375
228.134903 123731.15625
231.1164703 23980.35546875
233.0957642 249038.703125
234.1000824 28466.88671875
242.1502686 22598.224609375
243.0803528 61181.40234375
261.0910034 199029.53125
262.0932312 26080.0
286.1398315 18089.0546875
294.1818542 195777.234375
295.1837158 24593.73046875
314.1521912 23772.28515625
327.2015686 64228.640625
339.2076721 18108.32421875
341.2166138 26495.357421875
342.1477661 87885.234375
344.1437683 19403.69921875
360.1571045 28020.279296875
372.8014221 17165.65234375
399.3735657 18564.583984375
409.208252 32691.947265625
457.2284546 20831.8515625
485.3065491 18995.525390625
524.2363892 83124.9296875
568.2709961 18625.529296875
591.3140259 18525.728515625
637.317749 94262.0703125
750.4039307 115197.703125
751.4069824 25167.705078125
816.8712769 20691.630859375
860.4499512 19516.63671875
861.4331665 97502.1328125
878.4612427 36215.91796875
977.5248413 67006.875
978.5216675 36728.76953125
1146.765503 19257.244140625
