1628.78664830535 2
115.0867386 10251.81640625
116.0707626 8695.0751953125
119.0485077 8089.7216796875
120.0807877 70682.5234375
127.0866241 14657.251953125
129.0659027 9087.01171875
129.1028137 103043.84375
129.1097717 10387.6552734375
130.0651703 17666.111328125
130.0862885 11492.396484375
133.0426483 8649.2236328125
136.0753784 51982.35546875
136.0847931 10188.1201171875
141.1020355 11653.9072265625
147.1126251 15358.4833984375
155.0819092 10963.494140625
155.1179352 13296.3564453125
158.0924835 14002.8310546875
159.0918274 143073.984375
169.1330719 67485.15625
172.0722809 23775.4921875
173.1288757 137121.921875
175.1189423 86806.0625
181.0977783 19064.96875
183.1131744 52980.796875
183.1491699 24345.052734375
185.1651917 235439.0625
187.0865784 18659.2890625
187.1443176 14103.2568359375
197.1280365 15983.353515625
197.1761627 10332.5048828125
200.1033936 12180.6826171875
201.0873566 12882.498046875
201.1231842 84920.46875
204.1342773 14042.853515625
211.1443481 91011.9765625
212.1026764 77320.671875
213.16008 215487.90625
214.1629028 21404.037109375
217.1361389 24051.794921875
228.1340179 9790.44140625
240.134201 12414.888671875
244.0913696 13905.0673828125
245.1305695 84672.3828125
246.1272125 78780.5546875
256.1083374 16733.662109375
260.1973877 51505.53515625
268.1656494 15713.388671875
271.1407166 15339.0263671875
274.1210632 26312.77734375
282.1814575 16438.861328125
283.1393738 12267.6923828125
286.1550903 19732.599609375
296.1974182 307266.21875
297.2002563 54365.8203125
310.1795349 17807.8359375
314.2076111 196089.921875
323.1723328 11976.529296875
324.102356 19045.052734375
324.229126 24213.109375
325.2316284 11945.06640625
327.1456909 28634.73828125
327.2009277 14112.421875
331.4837036 13299.822265625
338.1822815 15761.4052734375
344.2008057 14660.4853515625
345.1594238 14318.3740234375
375.1671143 28791.552734375
387.2035217 21299.41796875
395.2658997 64298.30859375
422.2414246 12848.9736328125
455.2619629 14574.8955078125
470.3333435 172077.765625
471.3391113 86326.359375
472.3414307 16023.9755859375
498.2134705 29793.19140625
535.2003784 17698.787109375
661.2754517 17379.900390625
758.2958374 19544.197265625
765.3803101 19679.412109375
770.3660278 20133.140625
771.3654785 21411.576171875
813.5050049 108233.4765625
814.5076904 88373.2109375
815.5151978 22388.0234375
855.3486938 60803.94140625
856.3571777 18999.66015625
872.3726196 472322.53125
873.3792725 200259.65625
874.3844604 55988.59765625
943.4064331 187363.34375
944.4099731 82675.5859375
1030.444458 440528.25
1031.44165 230145.609375
1032.447998 54195.49609375
1165.562988 25434.189453125
1199.513428 30964.70703125
1216.52478 483041.9375
1217.525269 284315.25
1218.515991 98008.140625
1315.599243 25451.380859375
1316.592773 58072.640625
1416.652954 58272.12890625
1417.635254 52394.70703125
1418.641357 25369.8984375
1432.706543 27126.673828125
