1486.79047128037 2
104.053627 23249.6171875
104.3032608 9135.123046875
110.0716934 73286.234375
115.0506592 10461.49609375
115.0867157 49337.12109375
116.0708771 46481.6328125
120.0810318 216747.1875
122.3085251 10288.626953125
127.086731 70922.203125
129.0653381 15113.1923828125
129.1024933 150680.6875
130.0870056 69112.03125
131.1192474 10027.134765625
133.0439758 12459.5810546875
136.0760193 176975.890625
139.0870361 9864.009765625
141.1019745 72787.125
143.1172028 17023.060546875
144.8377533 9828.1025390625
147.112854 103022.3125
151.4011993 9202.640625
152.1107941 10409.9443359375
155.0814056 70652.890625
155.1178436 16722.6796875
157.0974884 56606.11328125
158.0918121 12523.1708984375
159.0778809 15954.568359375
159.0919037 46720.6875
167.0815735 24225.896484375
168.3588257 9332.453125
169.0614929 14624.94921875
169.0972137 175509.34375
169.1342621 63550.74609375
170.1004333 12248.5751953125
171.1131897 56431.81640625
171.1495056 36744.64453125
173.1279602 13418.05078125
175.1190643 109367.75
183.1130219 54223.328125
183.1491547 111940.296875
185.0924835 48342.5390625
185.1286011 12961.041015625
185.1651917 35575.5859375
186.0870209 75313.125
186.124115 44160.4609375
187.0711975 48919.27734375
187.1074677 66895.65625
187.1442108 24354.126953125
197.1287231 99846.15625
198.1319275 12990.4951171875
199.1082001 14904.6484375
199.1802979 14827.96484375
201.1230011 70967.1640625
203.0436096 9259.0830078125
210.025177 19184.791015625
211.1440125 62950.6953125
213.0874786 70516.3984375
213.1601105 39353.125
215.1390381 57377.13671875
216.0989838 18047.408203125
217.0813599 10960.65234375
223.1076813 20418.5546875
226.0828552 13429.5947265625
226.1188354 92415.203125
228.1341095 14857.2021484375
229.1190186 48160.796875
233.1646729 59087.4453125
235.1078491 21614.841796875
238.1184235 12840.56640625
240.1338959 16947.11328125
240.1708374 12653.0146484375
241.1178284 17878.609375
242.1501617 19247.705078125
243.1113739 12441.0654296875
243.1342926 56475.87890625
244.0923767 50652.015625
246.1820221 86122.1796875
247.1861572 19370.19140625
258.1451416 16776.236328125
261.1597595 51004.00390625
263.1416626 39798.88671875
266.113678 373069.0
267.1176453 57353.9921875
268.164978 69074.2421875
270.1081848 53838.26953125
272.1729431 18094.814453125
276.1651611 12989.1005859375
280.1651001 21569.376953125
284.1244202 73312.078125
284.1626282 14099.75
285.1549377 75065.8984375
292.1297302 19003.78515625
296.1968384 12557.4453125
297.1923218 55091.91015625
298.1749878 126369.375
299.1750488 14818.6552734375
309.1559753 199185.109375
310.157074 14643.4677734375
310.2127686 31840.451171875
312.1566467 13727.4970703125
320.1603088 22168.89453125
325.1877747 52883.39453125
327.1659241 56527.96484375
328.1141663 52079.65234375
329.1161194 20382.5078125
333.1558228 98559.046875
334.1600342 16489.78515625
337.1502075 214227.640625
337.1873169 19985.431640625
338.1730347 15867.8583984375
340.1500854 35155.0
342.2059631 21160.943359375
343.1612549 49324.68359375
348.1522217 15894.39453125
355.1612549 63169.71484375
357.1790161 41380.21484375
359.2392578 60812.3828125
361.2080994 49751.94921875
368.2416992 10622.59375
381.2163696 11706.5595703125
383.2643738 15778.125
385.135376 12922.8818359375
387.2011414 10381.9501953125
389.2169495 19379.6015625
393.2454834 13855.8759765625
404.2264709 17339.728515625
408.2243042 83074.1015625
409.209137 66533.4140625
411.2600098 85548.90625
418.2505493 11986.9775390625
426.2335815 56258.3984375
432.2243042 24518.865234375
436.2215881 86672.75
437.225647 10465.9560546875
446.2388916 24264.783203125
447.2380066 12265.205078125
454.228363 53957.08984375
458.1701355 10411.0712890625
471.2576294 21131.732421875
472.2401733 64460.64453125
476.5956116 13967.92578125
489.2673035 104897.734375
490.2665405 23784.572265625
491.2640686 11334.830078125
492.3140869 11319.4111328125
504.2436218 18612.302734375
510.3285522 17445.212890625
535.2825928 14238.6416015625
545.3040771 18973.8125
575.3174438 13900.79296875
587.3536377 71825.75
602.347168 57053.76171875
628.3416748 12467.3623046875
629.7061157 11232.794921875
635.3150024 12659.0546875
678.3386841 13386.7958984375
702.3737183 41723.60546875
703.3786011 16573.291015625
744.402771 22763.98828125
749.4140625 51771.6953125
750.4179077 18092.177734375
768.3484497 14838.3076171875
788.3900757 46209.07421875
792.3464966 35937.11328125
815.3779907 14985.4833984375
839.383606 45747.296875
869.5026245 11218.400390625
870.4494019 16611.75
877.4627075 47255.625
884.5029297 9900.1513671875
887.4553223 12103.66796875
888.4768066 143682.28125
889.4863892 87348.2109375
890.4816895 17134.408203125
905.4237671 52271.5390625
917.4584961 15183.154296875
934.3257446 10920.115234375
934.5005493 235196.3125
935.4992065 92308.8203125
937.4003296 20482.806640625
962.4970703 13439.978515625
970.4650879 11723.9677734375
976.487854 13202.3125
987.5455322 40032.79296875
988.5472412 13805.0849609375
1016.54425 17747.7109375
1018.519653 13949.427734375
1033.567261 223685.890625
1034.571777 120826.2109375
1035.571777 20340.94140625
1050.481689 46350.6328125
1071.544067 13820.755859375
1101.527588 11127.1484375
1102.544556 16587.37109375
1132.626831 41222.796875
1133.616333 47024.4921875
1189.543457 12238.7236328125
1203.652832 17519.701171875
1218.592896 15519.67578125
