2487.97383281764 3
171.0767517 18019.810546875
171.113205 10498.2177734375
172.1080933 12787.3671875
173.0555725 11438.0556640625
175.1188507 15828.0771484375
181.0596771 11666.548828125
185.0551147 20797.9296875
186.0874634 229263.0
187.0710602 12927.2060546875
187.1438904 13256.4755859375
195.0766144 12729.5908203125
197.1273651 12126.5146484375
199.0724335 10675.5048828125
201.1235657 85064.59375
212.1036072 20627.888671875
216.0985565 12642.8681640625
217.0807343 12871.42578125
219.0796204 57105.40625
226.0826721 14129.12890625
227.0670319 21502.666015625
228.1339569 19036.07421875
229.1186066 127153.796875
230.1131134 26547.14453125
232.0752869 14017.220703125
240.0980377 48368.2890625
240.1347046 25865.455078125
242.8444977 11302.0
244.0932159 105276.3828125
245.0970917 12030.0849609375
246.181488 29223.884765625
247.0752869 26562.732421875
256.0932922 33516.18359375
257.1238403 26291.857421875
258.1448669 81765.1640625
260.1063843 80004.8125
261.0909424 19209.169921875
265.0908203 12249.7109375
267.0598145 13480.873046875
270.1797485 13017.7421875
276.0652466 65962.4921875
276.1554565 62324.609375
283.1414795 17666.583984375
284.1230774 14129.2138671875
297.1225891 18402.251953125
297.1562805 69016.4140625
301.1144714 157321.078125
301.1502991 56422.32421875
315.1325684 28976.3828125
326.1711121 21364.533203125
327.1335449 16092.6201171875
328.1870117 16337.2509765625
332.1111755 69583.4140625
333.1145325 14504.4755859375
338.0987854 20309.18359375
339.1300964 17980.58203125
341.1467896 23504.724609375
341.2198181 15597.009765625
347.1019287 20783.01953125
354.1411743 30151.837890625
355.1263733 83972.6953125
360.2218628 23982.908203125
372.1478271 23868.365234375
375.1332397 65266.03515625
396.2254944 28890.98828125
407.1969299 122871.8046875
408.199585 20895.4921875
414.2392578 19365.9296875
416.288269 65268.65234375
426.1603699 26500.810546875
432.152771 52908.40625
445.1396484 19004.611328125
448.1541138 18159.52734375
461.1831665 19395.166015625
463.1505127 30620.32421875
471.2583618 140828.640625
472.257843 25707.361328125
478.2335205 173485.34375
479.2375183 27229.01171875
486.1718445 17566.625
499.175415 15684.5615234375
519.1860962 15844.4052734375
558.2063599 19311.013671875
578.1763916 23600.451171875
584.3418579 20801.84765625
588.2866821 26352.111328125
589.2749634 21190.794921875
591.2106323 22130.16796875
606.2971191 55699.4921875
618.2215576 25292.83984375
629.2352905 20128.119140625
630.223877 31426.03125
631.2156982 18172.20703125
647.2498779 58319.45703125
648.2414551 18815.888671875
649.2341309 18503.220703125
660.3274536 16481.251953125
707.3363647 139472.40625
708.3439941 85578.4765625
709.3421631 22766.5390625
715.4719238 16572.5
729.2572021 17909.337890625
763.2631226 104813.90625
764.2573242 29518.85546875
778.3779297 125207.15625
779.3795776 24123.033203125
786.4984741 93184.6875
787.5036011 69890.703125
789.3630371 22629.66796875
829.5162964 495715.8125
830.5255127 293030.8125
831.4628296 60591.90234375
845.477478 78647.578125
851.4827271 17805.880859375
938.4013062 130259.2265625
939.4157715 74206.078125
940.4066772 19395.755859375
959.4725952 115317.09375
960.4863281 25278.5625
1015.574585 25712.650390625
1016.562744 26663.146484375
1036.415527 22688.267578125
1053.430054 314038.46875
1054.437256 166548.234375
1055.437866 69014.4765625
1058.552368 28690.939453125
1087.54895 20120.7109375
1102.615601 23869.1484375
1152.507568 110023.875
1153.514404 66961.75
1203.648193 26067.19140625
1223.540527 57773.87890625
1272.682373 26257.09375
1338.564941 27098.919921875
