1176.65371203333 2
84.04506683 48437.00390625
84.08154297 54178.9609375
86.09716797 427948.75
87.0558548 16376.0068359375
87.10036469 31844.08984375
88.03995514 9493.44921875
91.05490875 12502.2109375
92.02838898 5013.4663085938
93.07053375 3277.8168945313
95.04999542 3223.3173828125
99.05574799 3255.921875
101.0713959 25232.00390625
101.1075668 2807.1123046875
102.055481 28056.55078125
103.054718 22380.419921875
104.0533218 16826.91796875
110.0715637 26174.140625
112.0876389 4518.0688476563
112.3748627 2061.7399902344
113.0714645 2618.7126464844
115.0506897 4180.3876953125
115.0869675 18952.591796875
116.070488 3400.5886230469
118.0607758 2985.751953125
119.0496521 3511.2990722656
120.0811844 507244.0625
120.1911469 2181.4555664063
121.0846634 42247.49609375
125.0713272 3541.9616699219
127.0499878 3688.4201660156
129.0661926 10503.8515625
129.1025238 61436.46484375
129.111496 3708.8601074219
130.0654755 21921.06640625
130.0864868 24165.03125
130.0951843 2335.1921386719
131.081665 4742.1186523438
131.1178741 4501.3940429688
132.081192 12014.2158203125
133.0429688 10656.3662109375
133.061264 3004.4233398438
136.0758362 83744.6875
137.0789337 8462.0380859375
141.0666809 3327.7641601563
141.1027374 13622.1689453125
142.1232147 3408.7497558594
143.0814819 5161.4213867188
143.1181946 4975.341796875
144.0777435 3651.69140625
147.1128387 58297.828125
152.1070709 2061.7807617188
155.0824432 3339.1154785156
155.1183014 3208.0080566406
156.0768738 16130.771484375
157.0605316 2276.3352050781
157.0978546 17335.234375
157.108902 3294.9523925781
157.1336212 12869.115234375
158.0933685 13707.3193359375
159.0779877 8611.029296875
159.0917053 56443.7109375
160.0950165 3232.119140625
163.0867462 2897.6850585938
166.0870056 2837.3181152344
167.082077 3648.9956054688
169.060379 3145.8044433594
169.0971375 20179.740234375
169.1338043 20565.86328125
170.0605469 15556.662109375
171.1128387 4719.46875
172.0716095 23955.37890625
173.0560303 3277.2138671875
173.0926971 9517.65625
173.1286926 19056.982421875
175.0870514 2400.4631347656
175.1192932 41876.01953125
179.0487061 2987.4448242188
183.112915 18548.23046875
183.1496735 17310.908203125
184.1531219 2616.6579589844
185.0921021 9857.306640625
185.1290741 17800.01171875
185.164978 22047.61328125
186.0875244 4820.419921875
187.0721588 5497.7426757813
187.088089 3796.1279296875
187.1081696 24660.34375
187.1443176 17473.2734375
188.1448517 2951.9899902344
191.0486603 2700.1345214844
193.0983276 3292.7810058594
195.113266 2477.2197265625
197.12883 26829.8359375
199.0718384 3594.1860351563
199.1806793 20508.859375
200.1390228 3831.2700195313
201.0868835 10970.6083984375
201.1240845 34794.20703125
202.0836029 2514.8376464844
202.1078033 2386.9663085938
209.6352692 2587.8767089844
211.1444244 11288.9345703125
212.1038971 5208.3779296875
213.0865479 5715.7060546875
213.1593781 17711.705078125
215.1037903 27454.966796875
215.1391296 39379.21484375
216.0991516 2493.6513671875
217.0817871 3401.3352050781
217.1003876 3787.5266113281
217.135025 11848.6513671875
218.1536713 2448.3693847656
221.0930634 4798.65234375
221.1287994 8878.3349609375
222.0886078 2583.5581054688
225.1243896 2123.3942871094
226.1557312 4022.6066894531
227.1757507 11519.9794921875
228.1347198 9979.5361328125
229.118103 18595.09765625
230.1303101 3352.9528808594
233.1651154 150018.015625
234.1457825 3791.57421875
234.1674957 27500.6171875
235.1082764 9620.10546875
239.1133423 3213.5478515625
240.1349182 14612.0966796875
242.1502533 11663.2744140625
243.134079 43126.0859375
243.1562958 2753.2216796875
244.1391144 4024.8715820313
244.1660156 25076.99609375
245.0764313 4270.3784179688
245.1290741 11081.46875
245.1676636 3454.376953125
249.123642 9524.8935546875
249.1611176 4480.1206054688
254.1507568 2458.0961914063
255.146286 4579.9243164063
256.1438293 5526.6245117188
256.1671448 5063.2724609375
258.1456909 18485.62109375
260.1970825 8219.2255859375
261.1335449 3703.8601074219
261.1595459 32554.74609375
262.1501465 4220.4208984375
263.1032104 2356.865234375
263.13974 15624.1572265625
268.1651611 5600.6430664063
270.1458435 3919.720703125
272.1710205 8557.947265625
274.1202698 4728.912109375
276.1563721 13578.2685546875
277.1584473 2905.9226074219
278.1532288 2641.6401367188
280.236908 2308.3168945313
282.1156006 2523.6911621094
282.1477051 2610.0698242188
282.1813965 12823.3369140625
283.1437378 9461.78515625
284.1398621 14795.7724609375
284.1973572 5131.7377929688
288.2034912 10876.8916015625
294.1807556 4607.1977539063
296.1629639 3599.8825683594
296.1987915 3035.6174316406
299.137207 9923.1572265625
304.1314697 4334.0883789063
311.1730042 10841.193359375
312.1565247 5314.8540039063
314.1716919 12704.044921875
326.1696167 3405.1447753906
328.1887512 22955.228515625
329.1841125 9830.8798828125
330.1715698 2510.6945800781
338.1826477 2755.8510742188
342.1350708 3139.8312988281
342.2033081 5777.0805664063
344.161499 6640.2944335938
344.2015991 3827.4831542969
347.1933289 37675.58203125
348.1949463 4802.3002929688
356.217804 13836.583984375
357.1766357 4001.2453613281
376.1878052 33147.58984375
377.1909485 4536.33984375
387.1835632 2738.7878417969
404.1977844 17200.7265625
411.2269287 5314.5576171875
412.195282 12664.4892578125
419.1221619 3255.875
421.1983337 2850.4631347656
429.2358093 3091.2377929688
435.1980286 2654.6938476563
436.2544556 3903.6940917969
443.2140198 3392.25390625
444.1707458 14341.177734375
457.2287598 35303.4375
458.2414856 4893.3208007813
460.2770081 29924.9765625
461.2765198 12228.7802734375
515.2998047 2905.3837890625
525.2844849 4900.7495117188
566.2938843 3764.2556152344
568.3866577 4117.974609375
569.2155151 2900.3154296875
570.3118286 4759.0185546875
571.3125 9661.1484375
579.2871704 4899.9907226563
581.3779297 2958.9577636719
589.319397 21530.712890625
589.8887939 37204.08984375
596.2785645 13636.9169921875
603.3297119 3057.2536621094
621.3145142 5178.0537109375
633.3999023 3440.3452148438
671.4029541 3027.4423828125
687.3248291 16585.423828125
688.3289795 4771.4453125
689.3422241 3313.4929199219
690.3450928 4674.1396484375
694.4369507 3110.1765136719
702.4046631 29517.513671875
703.4082031 20811.40234375
704.4076538 4389.4360351563
722.3825684 8655.1875
743.3531494 3450.1188964844
767.4016724 3110.1257324219
801.4730835 10248.9658203125
802.4729614 3438.8942871094
816.4847412 5544.4477539063
817.494873 3655.7651367188
819.3977661 3274.7509765625
908.447937 3933.3676757813
916.4987183 44274.0234375
917.5027466 21072.001953125
918.5073242 4902.8359375
963.5460815 3341.0559082031
964.5705566 2943.4111328125
1029.582031 4633.255859375
1073.602539 2645.8747558594
