3021.57441098715 4
211.1432953 34191.4296875
215.139389 103511.8515625
226.1192627 45822.78515625
229.1188354 92106.4609375
235.1079102 47048.38671875
242.1144409 166532.1875
243.1343842 192586.421875
246.1279449 187480.5625
252.0598755 56808.37890625
259.1057434 51649.2578125
264.0123291 36385.2421875
268.166626 38157.9765625
269.0889282 295544.78125
274.1235352 76908.2421875
276.0655823 319391.71875
284.1993713 45615.42578125
287.0992126 898359.125
288.1029358 54101.6328125
295.1052856 90242.6484375
296.1615906 51815.44140625
298.1408386 183438.90625
300.1585999 45339.56640625
311.1348267 314106.15625
313.1165771 76990.7421875
314.1721802 103836.3515625
317.1806946 43721.26953125
327.2022705 73043.421875
329.1465759 77285.328125
340.1247253 48950.28515625
355.2016907 92045.5625
358.1354065 373429.6875
361.1536865 50946.6640625
368.2315063 65141.25390625
385.257019 200051.1875
386.2577515 52110.62890625
389.1494446 383286.46875
397.2084045 52245.16796875
400.1872559 75131.9453125
410.1333008 74329.6015625
426.5811768 323492.15625
426.9195862 180587.671875
427.258606 73269.375
428.144928 88677.78125
442.2321167 217448.5
452.2637024 100593.265625
455.2169189 45653.7890625
460.2441101 53465.859375
492.2232361 53295.52734375
495.2601318 65978.9296875
496.3317261 74366.1171875
513.3519897 3559995.75
514.3545532 1130668.125
515.3600464 158716.78125
568.2003174 66195.3984375
582.3331299 50208.05078125
585.2387695 65929.4921875
590.8453979 382728.34375
591.3463135 428890.0625
600.2664795 48236.9140625
608.3482056 80369.46875
617.3582764 61416.82421875
630.3673706 182822.71875
630.8595581 657735.1875
631.3612671 492953.625
631.8627319 92879.4765625
639.37146 3654577.75
639.8730469 2990347.0
640.3751831 1133175.625
640.8770752 246616.9375
651.2368164 91408.890625
666.3388672 59672.32421875
667.3842773 64006.16796875
668.3577271 89889.5234375
669.2501831 59969.5859375
686.2810059 68138.4140625
687.2746582 54299.0390625
687.3978271 87543.4609375
687.9067383 169915.96875
695.9144897 1344299.0
696.4158936 1193941.25
696.9140625 491526.75
704.2871704 75711.015625
737.3884277 61282.984375
748.3642578 97594.21875
752.4592896 670268.0
752.9595337 511336.40625
753.4641113 228737.234375
753.9603271 87727.6796875
756.4071045 56427.7421875
764.3220825 81023.6484375
765.3901978 990269.0
766.399292 368973.65625
767.3804321 202370.40625
773.40979 57374.546875
782.3395996 251562.3125
783.3354492 89206.171875
799.3623047 231360.671875
800.3589478 248219.40625
817.3691406 175346.765625
823.4603271 60186.625
823.9608765 90024.375
826.4804688 355105.0
827.4883423 151658.140625
832.4720459 1326207.625
832.9741211 1115171.25
833.4733887 680815.625
833.9764404 247341.8125
834.4736938 68518.53125
864.9467163 70789.453125
878.4785767 326518.5
879.4760742 84747.859375
881.9761353 96980.4609375
889.9842529 1366643.25
890.4853516 1233532.375
890.9848633 976553.0625
891.4810181 371556.625
893.4857178 73540.0078125
930.465332 89756.796875
938.5182495 71077.296875
946.5252686 732624.25
947.031311 599782.25
947.5292969 485873.03125
948.0392456 103572.71875
982.0465698 728248.9375
982.5491943 916817.5
983.0424805 431341.25
983.5581665 216586.703125
991.5558472 174648.046875
1025.539795 59471.2421875
1033.515015 79325.3359375
1038.064209 253847.15625
1038.573486 84749.3984375
1039.062622 67029.8515625
1042.48645 230491.609375
1046.571533 778929.4375
1047.069702 899081.75
1047.571655 528886.9375
1048.076294 284642.28125
1048.570923 105315.53125
1058.562988 77916.1171875
1059.512207 88447.875
1068.493164 78687.6328125
1094.560913 66466.28125
1103.109985 711664.3125
1103.606201 822816.8125
1104.109497 577834.75
1104.610229 225345.8125
1113.511597 83532.484375
1121.635254 63006.84375
1130.5354 210509.34375
1151.5896 321477.84375
1152.594604 82145.1015625
1153.587158 67020.3671875
1159.65625 166559.71875
1160.158936 189603.625
1160.666138 85730.234375
1163.652344 87791.8125
1164.664063 84563.3515625
1210.669312 78632.46875
1211.17334 207741.84375
1217.690918 164095.578125
1243.653198 68982.78125
1260.70752 293534.65625
1261.703003 90005.53125
1262.713989 85726.671875
1266.615479 261405.375
1267.619263 360427.1875
1268.630981 161204.328125
1278.65332 83484.3671875
1379.712769 197143.578125
1380.692749 86064.84375
1450.744385 101457.46875
1451.723389 87688.15625
1579.767578 101252.125
1580.787964 90109.234375
1581.747314 63288.140625
1692.849731 89317.8359375
1693.883057 183071.828125
