1003.49472729199 2
70.06602478 300593.46875
72.08167267 119929.28125
84.04524231 291350.90625
84.08157349 319374.375
86.09714508 1358119.0
87.05588531 104021.3203125
88.04004669 214876.921875
91.37075806 49701.125
101.0714417 69606.5546875
102.0555191 346091.46875
116.0712128 64104.45703125
120.0810699 95003.296875
124.1108627 49806.6484375
129.1021729 545730.875
130.0865936 203639.234375
138.0909119 73817.7265625
141.102951 86859.4765625
143.082016 52962.8125
146.7265015 50073.375
147.1128693 245314.640625
155.1182556 89763.5859375
157.0970917 62749.65234375
159.0918884 83508.7265625
175.1198883 57716.76953125
183.1131439 329617.09375
196.3854218 55473.78125
200.1399384 868170.5625
201.1239471 74927.25
201.1421204 67951.8125
211.1082001 68494.6015625
215.1390686 114595.8203125
243.1335754 124031.640625
258.1453857 253713.390625
259.0932922 114938.6171875
260.9603577 61134.0859375
276.1557007 223687.3125
323.1230164 60106.5
354.1663513 206201.578125
372.1777039 68243.7734375
387.1867371 201538.59375
427.8253174 50868.9921875
518.2806396 77131.140625
647.3168335 78670.625
648.3096313 67317.640625
758.3641968 107854.875
776.3623047 209121.78125
871.1483154 75248.7265625
