812.430768290574 2
60.04534912 16090.4990234375
60.05649948 21403.90234375
61.03206635 3305.6511230469
65.53817749 3261.9577636719
69.07073975 7505.294921875
70.02949524 4119.7509765625
70.065979 301026.6875
71.06916809 7230.455078125
72.08158875 196283.40625
73.10116577 3302.1252441406
73.71156311 3674.6025390625
74.0608139 22126.26953125
75.45068359 4252.1547851563
83.06121063 22115.673828125
84.04016113 5576.5766601563
84.04510498 136234.703125
84.08152771 197938.875
85.08483124 9180.724609375
86.09716797 1936330.875
87.0560379 8525.65625
87.0946579 5283.1362304688
87.10043335 104405.7890625
88.03974152 21104.630859375
91.0549469 16175.28515625
101.0714417 96180.71875
101.1076813 7655.6147460938
102.0555267 25275.404296875
102.0746689 5496.5444335938
104.053093 8966.466796875
110.0717163 35599.4140625
111.0746536 4300.8627929688
111.9201355 4426.9741210938
112.0761948 4277.5546875
112.0873108 23124.17578125
113.0712814 6534.52734375
114.4919281 4239.6313476563
115.0508575 18458.150390625
115.0870285 31065.50390625
116.0710678 23683.822265625
120.0811691 1198915.5
121.0769806 6469.90625
121.0845642 107349.3046875
127.0866013 3939.1994628906
129.065979 23956.2578125
129.1024933 206421.015625
130.0499573 19915.578125
130.0653076 25881.546875
130.0866241 82345.421875
130.0967865 10078.6435546875
130.1061707 7540.5991210938
131.0897675 5379.5981445313
131.1178894 4228.0283203125
136.0758514 222399.203125
137.0797119 18067.54296875
141.1018524 5037.4047851563
142.1225281 7111.8759765625
143.1185303 35509.5703125
146.0602264 21354.55859375
147.1128387 116587.078125
148.1167145 3892.26171875
155.0813904 5160.541015625
157.0970306 8712.9462890625
157.1086273 5642.939453125
157.1337128 37069.87890625
158.0925598 71978.8828125
159.0933533 5913.765625
165.101944 29902.21484375
167.0812378 20646.1015625
169.1339417 5105.2573242188
172.1101532 3607.9514160156
173.092453 6233.037109375
173.1289063 19850.55078125
174.0549469 8317.4208984375
175.071228 19659.33984375
175.0869446 21394.427734375
175.1191254 320158.0625
176.1221466 16963.896484375
181.1334534 5168.55859375
183.113266 5462.0512695313
183.1497803 5967.0014648438
185.0918884 15365.7060546875
185.1287231 15491.927734375
185.1648407 36117.75
186.0917969 23954.490234375
186.1230469 5104.013671875
187.1082306 58477.51171875
187.1443024 26814.203125
195.113327 7388.3637695313
197.1285553 8474.0791015625
199.1808319 62038.25
200.1388245 9445.462890625
200.184433 4038.4953613281
201.1233826 26309.00390625
203.0655365 5148.6596679688
203.1181183 8332.3349609375
204.1344299 20209.267578125
206.0929565 55115.75
207.1131897 5222.0791015625
210.079483 5283.67578125
213.1604614 20631.19140625
214.1548004 6191.1162109375
215.1026001 23386.775390625
215.1391144 26574.287109375
217.0983276 27129.255859375
217.1338043 16820.51171875
226.1186676 6923.6557617188
227.175354 6966.5708007813
228.1357422 6806.6840820313
229.1185455 7221.34375
230.1292267 87614.15625
231.112793 103264.3046875
231.1328125 7439.1811523438
231.1500397 4417.0380859375
232.1155243 8507.1875
233.164917 290379.1875
234.1237793 54566.8828125
234.1677094 41253.6484375
235.1072998 14873.0205078125
235.1443481 19545.267578125
239.150177 7408.5073242188
240.1345673 26917.935546875
243.1348267 5459.2529296875
244.1316681 3904.0952148438
244.1653748 23841.267578125
245.1291962 14845.64453125
248.1393738 26721.583984375
249.1226959 7345.375
249.1607056 6274.2446289063
251.1499329 5778.7280273438
255.1438446 6589.017578125
257.1612549 58700.5625
258.1229248 63849.51171875
258.1454163 76137.8203125
259.1070251 17721.564453125
259.1495972 7006.669921875
260.1973877 3842.3395996094
261.1588135 58381.2578125
262.161499 5878.45703125
263.1025085 37140.4921875
263.1379395 9015.234375
272.1717529 9442.6416015625
274.6441345 17734.078125
275.1456299 14085.7314453125
275.1715698 25610.091796875
276.1339111 51477.4765625
276.1614075 5944.4028320313
278.1498718 5214.0551757813
288.2026367 17118.05859375
301.1882324 44882.90625
302.1913757 6338.9243164063
321.1559143 145307.078125
322.1617737 27469.333984375
329.1972961 5894.4438476563
338.1823425 53859.58984375
362.1698914 18468.99609375
369.1441956 4541.1318359375
371.2072449 53821.96875
372.2062683 6677.8559570313
374.2371826 5400.8901367188
387.2014465 33875.64453125
388.1979065 4284.2778320313
389.2166443 13420.4267578125
391.1903381 5243.638671875
396.7240906 9519.47265625
402.2146301 5273.3520507813
420.2251282 18525.818359375
422.2408142 57323.41015625
423.2395325 5476.6899414063
437.2506409 228803.90625
438.255249 71970.859375
451.2287598 18047.4453125
452.2314758 7237.677734375
482.3100891 4766.4887695313
490.2834778 5254.478515625
518.2769775 19293.705078125
519.2876587 4358.546875
531.2536011 4653.9321289063
533.2806396 4989.2924804688
534.2745361 7014.7646484375
535.24823 17907.00390625
535.3179321 20888.4765625
536.3278809 7569.9326171875
548.2832031 32250.630859375
549.2890625 31786.478515625
552.2780762 328552.15625
553.2800293 93080.28125
554.2806396 15161.6103515625
699.244873 5780.8017578125
699.3469238 103023.4375
700.3481445 51784.41015625
701.3477783 14785.654296875
