1954.06419189805 2
136.0868378 19789.4296875
137.7723999 14387.6669921875
141.1022949 23596.79296875
143.118103 18483.740234375
147.113266 171174.421875
156.076416 22227.306640625
164.1187592 26515.353515625
169.1338196 45199.80078125
171.1122894 33510.51953125
175.1201782 25370.494140625
183.1482544 91592.046875
190.0970917 24842.025390625
195.0756226 19541.73828125
197.1287231 145574.375
199.1075134 125148.734375
209.5478058 21525.05078125
211.1442108 150748.03125
221.102829 118427.0546875
226.1554565 247665.96875
227.1025543 239431.015625
235.119278 49374.5546875
235.1552582 45584.66015625
239.1134796 25367.03515625
244.1658173 1003813.4375
245.1682129 50520.6171875
249.0988159 106313.9296875
263.1502075 94062.109375
267.108551 223715.34375
277.5385742 20739.333984375
296.1608276 51524.3984375
297.1921082 46884.9609375
298.1394958 36357.6171875
310.2128906 209673.953125
311.2175293 27828.642578125
313.1871338 111057.78125
316.1771545 36956.06640625
325.1875305 408290.5
328.1538391 39690.7890625
340.1966858 25937.044921875
341.1831055 296278.09375
342.1833496 25428.029296875
346.4102173 23804.927734375
356.1463623 445150.84375
357.1496887 39587.296875
358.2094116 269022.75
373.1726074 50635.0546875
378.1411133 38075.6328125
395.3050537 33841.96875
396.2250977 98239.7734375
397.210968 36468.0546875
411.2777405 26627.994140625
423.2995605 54373.6484375
424.1469727 125080.3359375
427.1847839 38673.66015625
465.2105103 274023.0
466.212738 55032.66015625
475.1931152 49707.59375
493.2046814 509641.0625
494.2090149 116330.75
499.7690125 35149.5078125
524.3466797 33647.046875
526.257019 109168.828125
536.2470703 95382.7890625
551.3202515 190069.234375
557.303772 25811.982421875
564.24823 116016.9765625
568.3468018 744741.1875
569.3487549 179139.921875
573.2965088 50921.8046875
584.8236084 32035.615234375
590.2644653 32082.232421875
592.2711182 28397.70703125
622.3540649 43078.078125
625.3756714 29683.736328125
635.3093262 329850.3125
639.3776855 214503.140625
640.385498 31785.541015625
653.3909302 96806.25
658.3449097 49410.80078125
661.3255005 33795.8984375
663.3098755 590318.875
664.3183594 156355.203125
680.5275269 28128.673828125
689.3296509 53393.2421875
705.911377 100417.78125
706.4129639 173704.15625
724.4243774 187939.890625
725.4265747 34875.3515625
760.3637085 55393.640625
768.4255371 59217.64453125
802.4125366 57844.625
831.4512329 34069.7109375
859.4379272 178157.671875
860.4381104 93379.8203125
861.4820557 37320.90625
869.4745483 165914.6875
870.4821777 42505.69921875
892.4846802 297586.65625
892.9866333 226787.25
893.4815063 44758.55859375
915.4875488 52855.46484375
916.5021362 46455.63671875
928.5054932 56186.93359375
935.5576172 30435.05078125
959.4362183 39763.61328125
972.5106812 247607.25
973.5275879 107910.40625
976.4707642 107099.0
977.5344238 204993.984375
978.0480347 177817.875
978.5206299 34763.5
982.557373 139101.40625
983.5597534 97477.53125
998.5387573 48660.703125
1085.602417 129354.71875
1086.608765 37721.52734375
1095.637817 119311.71875
1096.642944 50670.96875
1133.640137 35670.62109375
1145.587158 95576.90625
1146.565308 50713.1171875
1168.635986 48185.40234375
1194.712524 51589.12890625
1195.709839 40277.2109375
1216.608521 169785.140625
1217.627075 101815.2109375
1291.76123 771118.0
1292.761353 566424.625
1293.765991 181730.609375
1297.678345 98341.15625
1315.690796 170988.15625
1316.693848 105802.8671875
1386.717529 333095.46875
1387.731079 150325.03125
1388.754883 105281.8984375
1428.814331 98979.359375
1540.818726 98518.4140625
1541.805786 37947.00390625
1596.86377 41614.5390625
1710.898926 116320.453125
1711.901123 55383.4140625
1712.918823 38989.45703125
1785.009277 43140.98828125
