1547.756324 2
129.1020203 29692.73046875
130.0867767 18253.40234375
136.0755005 4497.8125
147.1130524 46867.5546875
167.9209595 4231.2670898438
175.1192474 12609.3564453125
187.1082916 5323.0268554688
230.0764923 8798.9306640625
260.0412598 12265.078125
260.1962585 12864.326171875
344.1205444 29884.037109375
347.2315674 8451.701171875
355.3721008 7232.09765625
366.1068115 5191.1127929688
457.2082825 11288.2744140625
476.2755127 7914.1596679688
492.2254028 22910.78515625
492.7253723 11389.673828125
652.4487915 5985.6108398438
709.855896 9363.841796875
752.7176514 25133.2109375
753.0546875 10357.7509765625
753.3865356 22572.62109375
765.8684082 20934.166015625
766.3797607 10436.3896484375
772.3497925 8594.2421875
773.4020996 11560.380859375
774.3771973 103565.7890625
774.8856812 67378.296875
775.3775635 63902.09765625
849.8441162 7509.7143554688
871.7623901 6885.7915039063
1054.482544 8993.52734375
1201.53125 20891.517578125
1202.505615 7167.2358398438
1260.562134 7298.1362304688
1288.569336 26023.677734375
1289.584595 10912.6826171875
1373.663818 12603.6416015625
