996.47385312848 2
69.07051086 5368.927734375
69.95088959 3804.2658691406
70.02955627 6618.23828125
70.06600189 170680.515625
70.87674713 4298.287109375
71.06954193 5957.3120117188
72.08162689 193905.984375
73.08514404 5005.3671875
74.06090546 49393.23828125
84.04506683 120364.2421875
84.0814743 88335.4140625
85.04875183 5869.556640625
86.09714508 230331.390625
86.10237885 7531.24609375
87.05599213 86641.2734375
87.10053253 9588.228515625
88.04019165 19613.1171875
91.05471802 5822.8110351563
92.03500366 7313.697265625
99.05535889 4402.8452148438
99.07482147 4751.998046875
101.0714493 71195.5546875
102.0557327 32260.52734375
104.0534744 52528.0703125
110.0717545 106062.4375
112.0517044 5778.919921875
112.0874939 24747.158203125
113.0715866 8505.5849609375
114.1031952 25680.8828125
115.0506058 4436.02734375
115.0871658 32773.59765625
116.0172577 5515.9677734375
116.0714188 8768.14453125
119.0490036 4539.392578125
119.0821381 8374.271484375
120.0810547 41146.80078125
121.0845337 4434.6708984375
126.0548172 4623.806640625
127.05056 17932.35546875
127.0868683 7425.9096679688
129.0660248 29107.275390625
129.1025848 100212.3984375
130.0866852 39594.8046875
130.0960541 5768.1665039063
131.1185913 7417.8500976563
131.1298523 6169.9545898438
133.0432892 85791.3671875
136.0653534 6002.4389648438
136.0758209 162942.6875
137.0798187 9864.5263671875
138.0672455 6285.3950195313
141.0663757 15021.6826171875
141.1021118 8967.72265625
143.1182709 32923.1953125
147.0760803 6554.2348632813
147.1130981 57507.11328125
155.0458679 4712.62109375
155.0815735 16226.19140625
156.315155 4278.7900390625
157.1085663 7181.50390625
158.0917053 35171.33203125
159.0764771 8824.634765625
160.0759277 8138.7944335938
169.1336517 32203.599609375
171.077179 7956.6000976563
171.1131134 8409.912109375
173.0907898 4463.3559570313
175.1191406 153346.78125
178.0863495 39500.2578125
178.1338196 5709.158203125
181.0977325 4878.0180664063
183.1125183 4952.6479492188
183.1504517 5686.8745117188
185.0929413 6050.0053710938
187.1443024 79612.359375
188.1469421 17712.5234375
193.0975342 5620.8784179688
197.1286316 60227.15234375
199.0539398 5099.1000976563
199.0704193 8417.7119140625
208.3510132 4188.724609375
210.0784607 32202.33203125
211.1436768 5583.3427734375
212.1025848 10086.7255859375
213.1255341 4704.2690429688
215.1393127 71993.0546875
217.1373291 26203.798828125
223.1079254 378227.21875
223.1549988 51294.90625
224.1116028 55918.85546875
224.1588745 6561.4848632813
225.1243134 18935.494140625
226.1183777 30019.05859375
240.0992126 8881.5908203125
240.1339111 7894.5146484375
244.16716 5700.6166992188
246.0980072 5086.9086914063
251.10289 74321.8984375
251.1498718 39175.98046875
252.1060944 8690.94140625
255.1466064 36091.63671875
256.0925293 6423.189453125
257.1249084 5357.7412109375
262.0868225 10408.755859375
270.1082153 4105.1772460938
272.0718689 4792.611328125
272.1359253 5736.8916015625
272.1711426 27267.767578125
273.0521851 4826.1953125
282.1209106 5258.181640625
283.1039429 6581.8994140625
286.1505737 9303.3056640625
289.1313477 5465.875
289.1633606 4935.3852539063
290.0827332 10288.2607421875
303.1764832 49387.265625
306.1591492 8455.8828125
307.1424866 8277.064453125
308.1242371 78373.859375
309.1282959 5808.7211914063
320.1255798 5078.2890625
326.1451111 5472.3642578125
337.1520996 5585.6635742188
348.1663208 4914.97265625
349.5002747 4824.943359375
357.2487793 23317.89453125
364.1800232 31319.74609375
365.1853638 4975.4555664063
377.2292786 7666.8950195313
382.1906738 22152.21484375
402.2463074 5362.1684570313
404.1897278 5794.1362304688
421.2192078 25415.7890625
432.2198486 6854.5698242188
439.2172241 6168.5185546875
456.2376709 17086.47265625
456.2951355 21760.693359375
457.2432861 5956.7954101563
466.191864 42279.97265625
467.2002258 6265.3701171875
492.2209473 4999.7133789063
498.3415222 109738.6640625
499.2827148 7025.0771484375
499.3430176 25459.103515625
504.243042 5157.2944335938
510.2287903 5286.037109375
519.2487183 17017.943359375
536.24646 23992.990234375
537.2474976 8040.044921875
559.246582 5934.5771484375
567.2695923 25446.390625
575.2667847 5043.37109375
576.2752686 138592.765625
577.2732544 22462.89453125
582.3613892 6257.0419921875
594.2896118 7586.5971679688
595.2284546 35334.3125
596.2321167 5755.5009765625
607.2835693 31738.3125
608.2865601 6450.5502929688
609.2995605 8365.8515625
629.2575073 6043.5756835938
635.3178711 5086.3291015625
681.3098145 21352.279296875
682.3162231 5359.16015625
689.350708 10086.78515625
690.3585205 6752.423828125
729.350647 8617.162109375
730.3540649 5878.6098632813
746.258606 6659.8544921875
746.3803711 150245.484375
747.3841553 55252.9609375
754.3167725 6510.7456054688
755.2658691 57807.40625
763.385437 5942.8256835938
780.4064941 5851.8955078125
927.9503784 5216.904296875
