1467.75850388217 2
103.0542603 23082.462890625
104.5409012 22279.1953125
108.9745636 20494.04296875
110.0712509 38477.546875
113.0712051 34271.03515625
115.086647 22020.263671875
120.0811005 258749.609375
121.0846939 23572.1171875
129.1023865 130846.53125
130.0654602 27917.46875
130.0861206 38783.87890625
131.0814362 39721.94140625
134.546402 22405.65234375
136.0758057 139796.046875
141.0660095 274581.90625
143.117691 29048.615234375
147.1129303 50790.765625
157.0975342 37208.3203125
158.0920868 158899.9375
159.0780029 47401.234375
159.0921021 134863.078125
168.0765228 38261.8125
169.2824554 21863.236328125
171.1120453 26156.0703125
175.1187286 240598.96875
183.1494904 38727.75390625
185.1037445 27034.779296875
185.1291046 26361.955078125
186.0878754 52089.0
187.086441 206494.28125
195.1121979 34951.26953125
195.7268982 22895.12109375
198.0869598 27935.099609375
201.1239319 33683.29296875
202.098526 23846.009765625
211.1442871 80591.625
212.1032867 41301.60546875
216.0979614 97377.609375
216.4826508 22638.111328125
227.0666962 31065.953125
227.1764679 28529.42578125
230.0931244 39797.03125
230.1141205 24842.904296875
234.1466064 25622.39453125
234.4748077 22923.123046875
240.1339264 48432.45703125
248.0686035 22914.142578125
268.1278687 30067.35546875
269.1243286 105436.8203125
277.1178894 49478.37109375
285.1563416 111537.8046875
287.1369934 29008.318359375
299.1370239 27045.724609375
305.1600037 31839.16796875
306.1606445 33852.83984375
309.1164856 23141.48046875
315.1648254 37372.375
316.1139526 107050.4921875
322.1865234 45994.96484375
323.1704407 43941.51953125
324.9266357 22666.193359375
326.1445923 33718.5
327.1325989 22699.283203125
339.2034607 29190.068359375
341.1816711 26546.16015625
344.1561279 90786.28125
349.2070313 27745.8203125
380.1953125 28631.083984375
387.1509399 78872.34375
391.1593323 28633.85546875
397.2192993 33960.73828125
398.2042236 45541.34765625
408.1885071 40035.09765625
425.2110596 28760.896484375
435.2721863 104331.0390625
436.2755127 24818.77734375
443.2222595 36196.00390625
492.209137 24091.490234375
507.2601318 25714.0390625
551.8411255 24745.109375
564.3095093 32540.736328125
646.3358765 50539.96875
649.3425903 29074.740234375
711.3821411 87412.7578125
735.3474731 40004.66015625
775.8567505 23953.09765625
825.4205933 145037.15625
826.4233398 107891.3984375
926.4748535 447025.9375
927.4745483 200226.015625
928.4796143 42954.0390625
1025.540527 675830.3125
1026.544922 410232.03125
1027.535645 117667.46875
1124.592651 113590.2734375
1125.603027 74844.1328125
1181.627441 323271.15625
1182.630371 225722.71875
1183.637817 38917.98828125
1516.50415 27780.001953125
