1267.73886806605 3
88.04026031 10947.9404296875
91.05509949 11925.951171875
101.0715103 21271.171875
102.0556564 11189.8271484375
103.0544662 12377.791015625
106.2555008 8021.7861328125
110.071785 70480.2578125
111.0558395 10490.1171875
112.0876083 19693.412109375
112.4109268 7960.1928710938
113.0711594 10297.8486328125
115.0871201 220086.734375
116.0711899 36211.45703125
119.0497971 17541.634765625
120.0811081 475938.40625
121.08461 40400.63671875
127.0871124 12001.673828125
129.0662842 12999.7451171875
129.0936737 16525.83984375
129.1025696 241761.6875
129.1115112 15372.3740234375
130.065506 18808.51171875
130.0866547 62755.0703125
130.0968628 13597.9150390625
136.075943 198833.4375
137.0795288 12148.0888671875
141.1028137 41621.5234375
143.0816956 317495.5625
143.1184692 51139.7421875
147.0442657 14414.0
147.112793 115980.265625
153.1024323 15689.814453125
156.1136627 49929.69921875
157.0974579 57850.98828125
157.108902 20307.3984375
157.133728 442313.71875
158.0926971 107456.84375
158.1372681 32878.296875
159.0928192 15652.98828125
162.0224609 64985.25
165.0546875 116674.328125
166.0868835 10250.2529296875
169.09729 100529.0703125
170.0608521 21333.3203125
170.0923004 14563.2705078125
171.076889 33901.4375
171.1125641 32610.529296875
173.1287231 19436.29296875
175.1191559 423419.5625
176.122467 19162.001953125
181.0969391 32806.6015625
182.081604 117209.953125
183.1127167 37141.12890625
183.1495209 48191.58203125
185.0922699 14598.3359375
185.1286926 323555.1875
185.164917 38506.25
186.1321869 20898.109375
187.1074371 94238.8828125
187.1441193 11639.3935546875
188.1033173 13056.322265625
191.1181641 19425.05859375
197.1288757 14904.9072265625
199.180542 212691.4375
200.138504 15525.1044921875
201.1241455 61592.8046875
210.0260468 59472.1796875
211.0278625 16636.6875
211.1094971 11683.0546875
211.1445313 134044.453125
212.0219421 48446.11328125
213.0871429 154732.640625
213.1599731 13846.4267578125
214.1188202 377354.90625
214.1385651 16452.248046875
215.1031494 44500.90625
215.1213074 39821.61328125
215.139801 15844.435546875
216.098465 56833.62890625
217.0989838 15308.056640625
217.1339417 10603.216796875
218.1512909 12010.3955078125
226.1568146 33269.40234375
227.1752167 85744.2109375
228.1349335 64424.26953125
228.1734314 15372.5791015625
229.1189575 37384.6875
233.1641998 14228.9462890625
234.1242065 14038.7451171875
235.1095734 9158.2265625
242.1506348 11560.333984375
242.1857147 12560.66796875
244.1669769 10849.0478515625
245.092804 15623.2626953125
249.1348114 9162.478515625
250.6452789 162023.65625
251.1468964 67412.4765625
253.1664886 31928.119140625
253.1917419 17515.8984375
255.1458282 16721.3515625
256.165863 435384.25
257.1671143 63680.09765625
258.1462402 13109.833984375
258.6503296 15163.423828125
260.1974792 104811.734375
261.1591797 10126.0966796875
262.1191711 106083.3046875
262.1443176 12317.86328125
270.192749 10322.619140625
271.1757813 118247.3359375
272.174469 37887.125
281.1509094 8648.482421875
282.1816711 50300.65625
288.2032471 1351637.875
289.2060852 194441.984375
292.1628418 11981.2998046875
298.1826782 13230.3916015625
298.2137451 55516.6640625
299.1741333 23380.484375
299.2077026 187862.25
300.2107849 32801.671875
311.1657715 13903.2802734375
321.2283325 11085.9287109375
324.2290649 72413.9375
325.1884155 14184.884765625
325.2278748 10415.6865234375
326.1714478 54581.1328125
327.1670227 12689.0263671875
327.2035522 347908.09375
328.2053528 52634.75390625
339.2412415 33401.18359375
341.2185669 12374.26171875
341.2564087 19716.154296875
343.1955261 11616.576171875
345.2225037 9462.3095703125
349.183136 35031.62890625
349.6857605 17954.615234375
351.3899536 9777.0810546875
361.1924438 11526.1669921875
363.20401 11318.9150390625
369.2485962 79906.125
370.2062683 11643.85546875
370.2494202 12371.1689453125
372.2359314 8129.4462890625
385.2165222 10973.15625
386.2015991 15193.55859375
395.2654114 40665.32421875
396.2689209 10699.3056640625
403.2290649 133953.28125
404.2340393 9237.296875
405.2398071 10048.9208984375
410.1680908 13705.3642578125
412.2928162 61778.9921875
435.2709961 21239.810546875
437.3105164 14474.7802734375
440.2906189 135664.09375
441.2401428 16134.8896484375
441.2937012 19158.23046875
452.3254395 40837.4453125
472.2789612 81947.1171875
483.2562256 44383.828125
485.2750549 9204.583984375
488.309845 11472.3828125
495.2634583 10227.1396484375
500.2137146 12852.005859375
500.2835388 332012.0625
501.2876587 88001.0859375
505.2518005 34978.20703125
516.2930908 135423.21875
517.2962646 43799.8671875
524.2560425 8900.5625
540.28479 9954.6796875
553.3699341 11991.712890625
557.2997437 11438.57421875
565.4075317 85962.96875
566.4125366 20378.572265625
576.2993164 36463.2890625
583.3200684 15150.6103515625
585.3612061 11402.6962890625
601.3317871 74991.046875
617.3615112 16993.185546875
618.3344116 13039.2060546875
619.3374634 9542.259765625
621.3132324 18876.92578125
629.4009399 71418.796875
630.3934937 15542.1015625
654.3265991 15693.701171875
664.4743042 21208.859375
680.3328857 18868.189453125
689.3789063 17709.3984375
697.3626709 233390.8125
698.3557129 106779.96875
698.7506104 10169.73046875
699.3731079 19019.130859375
700.4431763 23081.611328125
701.4326172 13792.5556640625
715.374939 101558.984375
716.3743286 21014.431640625
766.4174194 11836.7236328125
767.4020386 12334.712890625
810.4492798 122426.546875
811.444519 110297.8828125
812.4385376 30560.130859375
828.4533691 38102.80078125
829.4467773 11520.181640625
923.5263672 15941.236328125
1005.162415 11113.09765625
