1385.74635445516 2
97.78786469 23592.296875
104.0534363 42711.640625
107.3858566 18412.27734375
119.3089752 18526.58984375
120.0815048 89793.0859375
143.1180267 23512.126953125
147.112854 26131.845703125
158.1010742 27376.720703125
175.1195526 25383.705078125
187.108078 29207.419921875
187.8392487 23137.591796875
201.1237183 231305.390625
203.1228027 88243.4140625
215.1042786 42569.7265625
229.1191101 180584.203125
231.1170654 26306.25390625
255.1463623 85580.6953125
267.5177002 25530.4453125
272.1688843 25391.4375
286.1405945 25813.4765625
299.1742859 24756.388671875
344.1450806 221797.015625
388.7377625 22288.6484375
399.2251892 31015.001953125
443.2203979 25340.02734375
490.2443542 29777.064453125
514.2549438 38460.6796875
547.2660522 180050.203125
548.2700195 24870.359375
646.3383179 146206.03125
647.3383179 25045.603515625
714.87323 25278.064453125
724.3809814 22688.138671875
744.230896 24415.4375
759.4152832 141937.8125
760.4163208 42771.56640625
826.3894043 26730.521484375
872.4963989 99976.6640625
943.541626 169967.15625
944.5379028 98666.25
953.619751 25348.4453125
