2127.01809351069 2
147.1127625 308799.15625
155.0813293 42498.18359375
157.133728 109786.1171875
159.0921631 42729.31640625
172.0721283 45413.25
173.0571747 36374.859375
173.1308136 39553.046875
175.1195374 62596.72265625
185.12854 299341.0625
187.072937 35833.22265625
193.0975189 241238.796875
197.128952 63645.36328125
199.0731506 49291.8671875
199.1078796 42575.90234375
199.1810913 1490849.25
200.1840363 78169.203125
201.1232452 52813.16796875
204.1390686 52062.48046875
210.0337982 48369.90625
211.1459656 45887.7109375
213.4395599 38784.80859375
221.0919495 57554.35546875
225.1955719 52905.2578125
226.1168823 56229.64453125
227.1031494 105320.71875
227.1760101 1957433.625
228.1794891 212731.0
235.1087036 75159.7890625
242.1508636 452965.28125
244.0936432 114962.25
244.1307373 54379.48046875
245.1291809 58673.578125
253.1930695 73624.0234375
260.1976929 199728.609375
262.1197815 77590.3203125
275.0813293 116097.140625
280.2417603 42485.43359375
292.129425 122140.1171875
294.1827698 96697.609375
295.1855164 46987.69921875
295.2384033 64191.98046875
298.213501 206255.203125
300.1558838 58450.61328125
302.1126099 115761.0546875
310.2147217 92054.46875
313.1174316 70266.9375
317.221344 71967.7421875
326.1729431 67428.4140625
327.2414246 98202.8671875
328.1300354 59274.49609375
331.2349243 456315.65625
336.1209106 92469.9375
340.260498 424452.0625
355.2359619 253225.296875
373.1522827 292485.28125
374.1537781 218029.765625
377.2185669 109356.1953125
385.1520386 107053.7578125
389.1251221 71722.65625
398.2033081 75994.734375
405.2160034 111059.8671875
406.21698 77356.1484375
407.1562195 98178.4375
438.2336426 56355.74609375
441.216217 55028.63671875
446.2627563 498572.0
447.2668457 113588.8515625
463.22229 62378.4453125
474.234375 64417.1875
488.1938782 202905.96875
490.3060608 73940.421875
508.2580566 58027.96875
524.2735596 60316.3125
586.272522 60551.9609375
602.2943726 322111.625
618.2296753 62557.6640625
632.3421021 739782.6875
633.3485718 401954.5625
639.3172607 74416.953125
721.3258057 108458.6171875
731.4083252 101159.921875
732.3982544 100490.65625
738.2826538 70338.09375
750.2908936 95676.2578125
766.2716064 69297.0
797.4880371 77965.484375
822.4404907 96475.1953125
828.4227295 71614.75
845.4542847 226101.796875
846.4666748 84503.484375
848.2799683 65896.21875
937.4649658 109826.546875
1005.492004 289430.15625
1006.483948 214518.65625
1112.446533 67371.34375
1119.527588 282987.9375
1120.528687 233620.875
1160.227783 65945.5859375
1208.619751 78688.953125
1266.611816 374860.15625
1267.609497 209297.53125
1273.699463 75035.15625
1335.587769 95737.0234375
1353.710938 114661.234375
1354.725098 81444.7421875
1381.624756 219345.328125
1382.613281 190352.484375
1383.605103 73643.96875
1409.534424 78262.5625
1470.740845 72197.171875
1471.736206 66565.8984375
1496.657837 268202.46875
1497.664063 211203.40625
1616.763428 86148.9609375
1660.694092 90083.796875
1716.729004 380211.875
1717.734497 273367.6875
1772.81897 74175.9140625
1787.793457 276816.78125
1788.76001 232862.234375
