1402.70443123854 2
97.47674561 77305.9375
101.0714951 460545.96875
101.4055862 69471.4296875
102.0556183 72830.7734375
110.0722961 71519.3203125
115.0873718 139102.890625
120.081192 258881.625
129.1025543 362859.25
130.0868225 87848.2265625
133.0435333 105238.71875
136.0764771 105399.921875
143.0819702 260176.953125
147.1123199 92088.328125
171.1132202 589440.125
175.1197205 550869.875
197.1293945 102749.96875
200.1036835 330109.25
216.099411 105770.203125
218.059494 285363.8125
224.140213 81857.1875
240.3234558 75819.515625
242.1499786 1537770.625
243.1528625 119146.0234375
248.1607056 307428.125
272.1345825 90907.96875
285.1560974 100340.4140625
287.1331177 72928.984375
288.2033691 324400.125
299.1711731 325106.53125
313.187561 94776.4609375
315.0768127 106492.7734375
316.059082 84195.8671875
322.1856995 108659.7578125
333.085907 1806405.625
334.0887451 373215.28125
341.2182617 1160511.0
361.2460938 250973.640625
388.2288208 82861.8203125
401.1460266 220751.65625
418.1734314 113417.8359375
446.1674194 292350.0625
454.3031311 111341.5
678.3544922 172816.875
701.463562 573936.25
702.3859253 931817.375
773.4298096 826265.375
774.4222412 346994.625
844.3154907 103664.1015625
844.4624634 1376976.625
845.46521 756469.5625
846.4627075 153021.078125
863.4381714 278196.0625
875.4283447 480801.09375
876.4313965 108913.15625
957.5521851 529824.3125
958.5457153 377751.15625
962.4622803 276007.15625
963.4655762 106302.84375
991.4857788 162775.0625
992.4937134 98700.765625
1070.630615 106256.28125
1104.565796 100292.109375
1105.563721 86924.140625
