1388.63706877277 2
102.0557632 43237.68359375
110.0714569 9929.0244140625
115.0870895 7589.61328125
116.4584732 6673.8193359375
120.0813522 23388.49609375
125.3581543 5452.39453125
129.1025696 66538.9921875
130.086319 10820.671875
133.0429077 13403.0361328125
136.0757446 13052.017578125
141.06604 36026.1875
144.0474091 10418.8193359375
147.1127014 10937.5693359375
159.0762329 63124.9296875
172.9192047 6843.0307617188
173.092804 6635.6108398438
175.1189728 15009.0673828125
178.0537872 12201.5751953125
183.0771027 8901.556640625
187.0715942 86781.0703125
198.086853 8141.3740234375
199.0715179 8704.8134765625
199.1086884 8881.1064453125
201.0868073 8114.0732421875
204.135025 13275.541015625
206.9458923 6318.8579101563
217.0815125 15185.3916015625
226.1542206 23294.013671875
232.0750732 7809.0522460938
244.1660919 81409.0234375
245.0767059 38161.29296875
270.1092529 13787.66015625
279.1352844 14924.7958984375
298.1047363 10214.541015625
316.1143799 66103.703125
330.1637878 12404.076171875
355.1983643 13732.068359375
359.1390991 23026.423828125
401.2028503 10665.5849609375
424.2555237 31242.7734375
425.2592468 11483.96875
432.2269287 41841.58984375
442.2678833 46910.796875
443.2701111 8687.271484375
479.2985229 7695.8803710938
602.2965698 29835.947265625
603.3040161 10174.126953125
651.3413696 10923.35546875
673.3305054 39929.3828125
694.3447876 13810.2587890625
694.8661499 10277.75
695.3776245 47437.90625
718.3482056 7544.1469726563
760.3547974 6554.3173828125
786.4014893 49075.03125
787.4100952 13999.607421875
888.4371948 7423.8715820313
915.4490967 12318.7705078125
916.4603271 8813.0341796875
1002.480042 37296.76953125
1003.477661 22288.673828125
1073.516846 12323.6015625
