1533.804724 2
110.0714798 87079.0859375
120.0813217 21565.265625
129.0665436 13602.6240234375
129.1024475 60131.75
132.076767 16214.298828125
136.0761871 39963.046875
147.1129303 14560.5556640625
157.1334229 38873.671875
158.0924835 45667.1640625
169.0978241 14633.1103515625
171.1125488 13220.904296875
173.1283722 10253.7392578125
175.1189728 72321.265625
183.1138611 15787.6494140625
183.1500549 15720.9130859375
185.1278839 11157.880859375
186.0881653 18338.345703125
199.1821289 10096.32421875
200.1394348 16199.876953125
201.0883636 8809.669921875
201.1239014 18024.740234375
209.1035461 9387.1279296875
213.087265 16736.421875
215.1390533 12277.4697265625
218.148819 13763.51171875
226.0833282 14899.0166015625
228.1350403 43550.484375
228.8440247 9333.0615234375
243.108551 17779.3671875
262.1498718 13247.748046875
330.5857239 9738.9052734375
375.2377014 10063.6669921875
415.1531982 12100.0341796875
446.2357788 44059.35546875
504.272522 15028.783203125
635.3262329 11443.12109375
731.3786011 50237.56640625
732.3878174 36221.29296875
777.4190063 11797.0283203125
845.4783325 10698.5849609375
878.4561768 39376.4609375
891.3829346 9757.8203125
892.447876 15707.517578125
916.5077515 13659.2080078125
971.3295288 12384.8408203125
979.5115356 53065.25390625
980.5153198 41100.609375
992.4645386 15770.478515625
1018.501343 11974.369140625
1060.540894 107695.7109375
1090.557983 11647.609375
1107.560913 14058.083984375
1108.550049 13365.923828125
1406.610474 11002.7880859375
