1070.63074546087 2
78.26153564 7162.3173828125
79.99914551 7053.1596679688
82.88514709 7391.90234375
84.04521179 10131.3115234375
84.08162689 10139.0087890625
86.09729767 90242.28125
91.33290863 7718.9272460938
101.0717316 45240.625
115.41185 8755.837890625
117.4614258 8441.9765625
124.8540802 7170.5229492188
129.066391 9135.0947265625
129.1026611 43901.90234375
130.0873413 8297.4189453125
131.081665 11697.5302734375
149.0461426 7644.56640625
157.1333008 32336.625
167.0558319 16525.921875
175.1193848 9925.6025390625
185.1289215 33750.21484375
186.0879974 13504.1982421875
208.953949 8446.7119140625
221.0849457 10708.3330078125
225.043457 17693.521484375
226.0444336 15596.37890625
226.7159882 8994.853515625
239.09552 31170.197265625
240.0962524 12724.70703125
241.09375 11482.119140625
243.1436157 10009.4951171875
251.1191711 7613.0649414063
257.1255798 13405.4853515625
285.1541748 11913.8955078125
343.1932373 10769.5146484375
442.8575439 9656.5517578125
444.2441711 14603.6962890625
447.7243958 12433.166015625
602.359436 45845.8203125
621.4516602 9212.509765625
701.4273682 16433.0234375
843.4213867 13000.1748046875
886.5040894 12905.4658203125
