2494.14421193791 4
172.1150208 2710.4104003906
173.0565033 5327.779296875
173.0923615 12897.916015625
173.1292725 3943.3977050781
175.1199799 10951.923828125
177.7753143 2224.3176269531
183.112793 3797.8215332031
185.0932312 2591.5646972656
185.1643982 7048.123046875
186.0876465 6591.3515625
197.1284637 2833.767578125
198.0883179 2989.123046875
200.1403351 2726.2741699219
201.0866699 14787.5517578125
201.1040497 2486.0317382813
201.1231995 10836.4189453125
202.1990814 2409.50390625
211.1448669 2745.5939941406
213.0879059 4958.4072265625
213.1580048 3902.6350097656
215.10466 2716.8068847656
215.9324646 2727.744140625
217.1371765 13511.4580078125
218.1502686 15757.216796875
226.0827484 2355.5407714844
226.118866 12061.8955078125
227.1010132 2667.4555664063
228.1342926 2473.5637207031
229.1185608 6565.6459960938
238.0851135 2632.4296875
244.0931854 12456.0947265625
246.1274109 5105.8911132813
251.1032562 14601.107421875
256.1662903 6867.8364257813
257.124939 3809.2634277344
257.1618652 2512.6943359375
258.1473694 3155.7199707031
260.086853 3217.7102050781
272.1731567 5855.109375
276.0668335 5200.9584960938
282.1813049 3161.326171875
285.1578979 3903.0581054688
286.1397705 5172.8999023438
311.1730957 11329.369140625
319.1990051 17891.81640625
329.1468811 3393.0222167969
339.1669922 4642.2456054688
345.1369629 3294.7529296875
347.1064758 3973.8959960938
359.1203003 10588.8623046875
363.0853577 3123.0854492188
371.1242371 3591.9887695313
375.1544495 5427.646484375
408.6881104 3152.4731445313
426.2033386 3884.1147460938
448.2391663 4146.8173828125
460.1659546 5408.8227539063
471.2245789 3461.4562988281
501.1552429 3288.3969726563
505.2636108 23435.490234375
506.2677917 12174.0654296875
513.2329712 4311.6982421875
541.2296753 14202.337890625
547.2962646 3033.7985839844
555.2730103 3253.2536621094
559.2389526 6770.9970703125
574.2836914 4386.431640625
584.3740234 6964.6040039063
592.2969971 67986.1015625
593.300415 12982.9140625
598.2533569 4015.0881347656
604.2504272 3860.39453125
612.2559204 3609.2734375
630.2747803 4645.6572265625
669.3729248 4967.2568359375
670.3816528 3939.3188476563
671.4091187 5198.966796875
705.3794556 51647.96875
706.3817749 17857.5859375
707.3886719 4143.9306640625
727.2993164 5918.3837890625
744.3179932 6270.45703125
745.3179932 4862.9321289063
763.4094238 6635.3051757813
770.3313599 3454.3591308594
784.3983765 3927.57421875
797.348999 3761.1064453125
798.3429565 11477.0068359375
815.3570557 22505.171875
816.3614502 4281.9267578125
836.4191895 62930.01953125
837.4229736 31321.400390625
878.4394531 4858.568359375
881.4579468 16631.68359375
882.4610596 11133.533203125
883.4591675 4526.1333007813
884.4255981 3317.0493164063
897.4068604 5042.8583984375
914.4199219 4494.5458984375
949.5108032 7115.4267578125
950.5079346 6784.1909179688
992.5131836 4349.7504882813
