2391.09755316522 2
173.1286011 5623.40625
183.1135712 7738.6416015625
201.1225281 7179.0322265625
202.0821228 8282.7412109375
211.8518372 4714.955078125
216.0982208 9960.794921875
226.1547852 8063.7524414063
229.1183014 24101.06640625
230.0772858 13123.6474609375
233.0953827 4553.9609375
243.1341095 7922.8154296875
243.6048126 4837.7529296875
244.1656952 65739.1171875
272.1717224 4833.4389648438
299.0991516 11902.169921875
300.0841064 4363.0688476563
302.1136169 6987.7368164063
303.1193237 4647.255859375
312.1295166 6695.0478515625
316.1285706 5967.4379882813
317.109375 10586.033203125
323.208313 6904.291015625
330.1420593 19707.478515625
341.2188416 240764.5
342.2221985 37384.5703125
343.161377 6280.9868164063
367.1634827 7055.3735351563
412.1834412 23132.15625
428.1432495 11063.0869140625
430.1964417 12073.4453125
445.1708069 21843.642578125
454.3014832 11411.748046875
541.2255249 8022.8642578125
544.2470093 7016.9311523438
558.2509766 9476.0302734375
768.3391724 7716.7963867188
808.2836304 10267.9677734375
843.4765625 7768.1962890625
902.4813843 10884.939453125
938.4071045 6935.1850585938
1005.373535 8620.2724609375
1195.651367 23782.666015625
1196.637817 9137.455078125
1504.758789 8840.05859375
1518.718506 8921.7373046875
1605.765747 8557.03515625
1606.753418 25416.298828125
1734.780151 9021.5634765625
1834.877319 8566.9443359375
