1693.91781663738 3
120.0806961 46170.4921875
128.8424072 4697.87890625
129.1018524 18389.037109375
130.0859375 7579.513671875
136.0754395 15231.7666015625
141.1021118 9346.091796875
143.1179962 86237.984375
147.1123962 10257.9677734375
169.1339417 7058.0073242188
171.1024628 3943.1774902344
171.1132813 56036.171875
171.1253357 5710.1440429688
176.9545441 6315.1938476563
185.0922089 10291.888671875
197.1290741 6235.0400390625
199.1068268 7277.6313476563
201.1247406 14202.25
202.0990906 6898.5903320313
213.0874329 79237.5703125
227.1023407 8283.9638671875
259.1089172 6841.0473632813
260.1974182 6722.2495117188
288.2032471 12411.7138671875
320.1277771 8501.95703125
326.1751404 9969.2138671875
342.1311646 12097.064453125
373.2812195 10995.693359375
564.3085938 16638.673828125
564.8120728 32453.04296875
673.397583 10648.369140625
878.3994751 9377.2060546875
1127.616211 13997.208984375
