827.510027427998 2
60.04524612 103001.2734375
70.06600189 700174.5625
72.08165741 2603677.0
73.08500671 67788.75
74.06073761 76158.171875
84.08171082 386339.3125
86.09716797 3342282.75
87.05605316 332808.6875
87.10046387 91857.3125
88.04009247 678957.875
98.02454376 51394.58984375
102.0553665 121496.765625
110.071846 132363.71875
112.0876617 123367.9375
113.0717621 54157.83984375
115.0866699 80472.6171875
116.070488 74198.4375
120.081192 251874.0
127.086792 508698.84375
129.102417 260586.953125
130.0660248 66835.4921875
130.0863953 126153.109375
132.0807343 133637.421875
136.0755157 137497.078125
141.1025543 989886.0
147.1131287 282824.84375
158.0929718 243710.578125
159.0920258 339627.6875
169.0974121 914651.6875
170.0608215 476277.96875
175.119339 1021940.8125
185.1653137 360114.59375
186.1239777 4188287.0
187.1273956 335687.15625
197.1279144 114201.90625
199.1435852 120783.2109375
199.1808014 399657.5
213.1601715 91172.8828125
214.1190948 939042.3125
215.1392822 208219.28125
227.1754303 316296.71875
235.7568512 58292.83203125
255.1081848 216821.9375
255.1461792 87791.203125
256.1793518 66277.6796875
260.1971741 210705.46875
268.1651611 88416.1015625
272.1361084 586141.9375
272.1723633 107595.2734375
273.1397095 80142.5390625
283.1031494 57092.7890625
289.1620483 266010.71875
293.1503296 130386.859375
297.2318726 60308.78515625
327.2024536 261965.609375
336.2297058 84428.0
354.1763 89558.453125
362.7268677 58047.47265625
371.2021179 212823.734375
388.2301025 774893.25
389.2349854 83612.3515625
397.8296509 55898.4921875
460.2365723 126128.203125
484.2902832 407953.0625
501.3148804 1030529.8125
502.3165894 373218.09375
503.3221436 80522.9375
515.3302612 93826.890625
531.2520752 58901.3125
597.3720093 70398.6171875
614.399292 1592181.125
615.4000854 512846.6875
723.4473267 218505.1875
724.4547119 64638.53515625
