1124.5606103443 2
84.04512024 65553.7734375
84.0812149 107187.5
84.85549927 53333.796875
86.0970993 700333.3125
87.05581665 227803.5625
101.6440887 55935.90625
103.1813126 63596.10546875
104.3132401 53852.54296875
128.1074219 262548.03125
129.1023865 119552.3515625
136.075592 68727.984375
147.112442 248130.359375
173.1285706 2838886.5
174.1316376 246104.609375
201.1232605 733804.3125
205.3146973 65507.26171875
216.0980072 147145.0625
248.1612091 147323.234375
284.1583862 78008.8671875
292.0368347 70195.9140625
408.1894531 619201.5
409.193634 114344.7890625
447.4850464 69085.34375
507.2578125 319212.6875
563.3305054 104090.6796875
582.411377 71404.609375
608.3050537 310758.34375
709.3510742 246018.5625
823.3922119 102450.6484375
907.4182129 93377.28125
924.4290161 362721.46875
925.4390259 115599.109375
926.437439 87049.7109375
1108.769165 84196.8515625
