1944.79499597346 2
147.1125946 9501.3291015625
153.4810486 5848.7763671875
172.5265961 5681.46875
175.1181946 11560.3369140625
201.1235352 9370.0654296875
213.1237183 7445.2319335938
240.1339111 15191.30078125
258.1448364 40482.125
266.3908081 9864.873046875
274.1859131 14558.0869140625
473.5574341 8891.091796875
504.2661438 18981.501953125
619.2981567 14353.7138671875
645.1766357 10311.7666015625
716.3673706 9877.5693359375
846.4098511 12824.4169921875
860.4571533 11466.240234375
923.9107056 38864.40234375
924.4174805 35222.00390625
924.9121704 15128.97265625
972.6018066 64152.5390625
973.5817261 76896.0859375
974.52948 19124.818359375
1283.353516 11942.0986328125
1589.685425 12316.09375
