2006.99275023772 3
147.1114197 33995.42578125
169.0968628 38216.234375
173.1287384 211004.90625
175.1189117 66627.0703125
183.148941 66883.28125
185.3058319 41112.8203125
195.0762177 48381.8671875
201.1235809 112651.390625
214.1189728 329608.75
215.1392975 46075.01953125
216.0982056 71023.9453125
227.102829 83807.25
230.1132507 47670.6875
231.0971985 51089.2109375
241.082077 209013.46875
259.0937195 60401.05078125
279.9476624 42926.3046875
280.1653442 53892.90625
327.2041016 68929.3515625
333.2137146 57386.8828125
370.1263733 61209.0859375
372.1933594 242111.9375
395.2323914 75665.6640625
435.7113953 54385.39453125
461.2711182 55420.02734375
562.3223267 106258.484375
602.3594971 71973.1015625
646.3299561 126534.4765625
673.4018555 243929.15625
675.4047241 220872.28125
676.4104004 102826.8203125
736.0357666 56483.84375
743.3788452 733892.125
744.3867798 260988.46875
772.4701538 357661.25
774.4770508 91220.4140625
861.5131836 268317.53125
901.5180054 297042.53125
917.2189941 63773.9453125
985.5546265 88944.3671875
1014.593628 254725.53125
1363.102905 77832.3046875
