1127.58720823588 2
83.06130981 28678.845703125
84.04521179 90504.71875
84.08151245 134414.3125
85.08483124 9607.2490234375
86.09718323 533941.8125
87.0559082 12542.7978515625
87.10067749 62981.34375
101.0715561 85044.359375
101.1078491 7884.3271484375
102.0555115 43349.0390625
102.0754623 8554.9619140625
104.0535889 27794.763671875
105.6762085 7152.8139648438
110.0646362 14840.763671875
110.0717545 202139.0625
111.0752411 31362.142578125
112.0871887 9737.9892578125
115.0510406 8236.9873046875
115.0870361 14646.4443359375
116.0712891 32237.134765625
119.081871 8323.412109375
120.0812225 129666.7421875
121.0846252 33424.78515625
127.0871506 9803.509765625
129.0666656 10700.158203125
129.1025848 155415.3125
130.086441 69328.328125
130.0960693 7119.4399414063
130.1064301 8779.771484375
131.0812225 7903.9208984375
131.1180878 166227.59375
132.1218109 31265.630859375
133.0432281 39729.11328125
135.0389252 11440.3212890625
136.0757141 116399.015625
141.1024628 8183.7294921875
143.0817261 12735.5615234375
143.1181641 415855.9375
144.1216736 11160.072265625
145.0973053 11943.9130859375
146.0638733 7472.8544921875
147.1132202 70452.0859375
155.0816498 14823.7998046875
155.0929108 15998.4501953125
155.1183929 12271.7333984375
157.0974884 29131.349609375
157.1338196 50277.328125
158.0930328 34067.19921875
158.1375427 10742.052734375
159.0774384 24667.3359375
159.091156 9264.255859375
159.113266 7233.2192382813
169.1344299 11465.8134765625
171.0762634 27227.78515625
171.1132965 163707.078125
173.0555267 12569.9990234375
173.128952 29027.98828125
175.0888824 7549.2763671875
175.1190948 155703.0
183.1131439 27028.201171875
185.0919647 15679.345703125
185.1289215 29717.30078125
185.1647339 16287.4365234375
187.0717163 42355.640625
187.1080933 8528.1279296875
187.1440582 10084.9287109375
195.878067 8707.841796875
197.1291199 8712.330078125
199.1077881 10717.0166015625
199.1808014 7755.0224609375
200.1031952 10004.3271484375
200.1386871 10047.806640625
201.124176 63861.26953125
203.0851898 11768.060546875
203.1034698 9462.4150390625
203.1267853 7458.6889648438
204.134613 11765.14453125
206.0931702 8315.650390625
209.103775 40327.8046875
210.1069489 14740.2587890625
212.0742188 7534.66015625
213.0876312 14018.736328125
215.1032257 16292.833984375
215.1390076 9538.1708984375
217.1385498 8121.5537109375
225.9738007 12043.0517578125
228.1353455 36306.7109375
229.1188354 13638.9423828125
230.1509094 9590.833984375
232.1126251 10579.20703125
234.1457214 9509.9609375
239.1139374 37722.9296875
240.1350555 10411.939453125
242.1506348 13393.255859375
243.0790863 8638.5
250.9836884 7499.853515625
257.0960999 14731.904296875
257.1599121 10441.302734375
258.1450806 30616.896484375
259.0926208 8358.1064453125
260.108551 21176.154296875
260.1977234 8160.4580078125
267.1343994 9936.6845703125
272.1643677 9003.9384765625
274.1234131 12897.55078125
275.1237183 11425.3232421875
276.1185608 28022.849609375
278.1533508 38596.7578125
279.1568604 11465.2470703125
282.1082764 11341.234375
285.1573486 13920.8720703125
286.1390991 172260.546875
287.1403503 9797.8193359375
289.1326904 12561.6103515625
289.1625366 13637.623046875
290.1174011 9213.1015625
298.0988159 30051.103515625
300.1557922 43413.0703125
307.1436462 105050.2265625
314.1449585 46287.97265625
315.1513062 15245.8681640625
316.1088562 8179.2680664063
321.1555176 79728.0390625
329.1816101 12193.2001953125
331.2062378 14152.705078125
337.1589966 9304.9716796875
351.2025757 9726.70703125
352.1951599 9829.91796875
357.1780701 40603.1796875
364.1863708 10888.5361328125
371.1926575 10686.8447265625
376.1941528 10602.0859375
384.184021 12214.302734375
385.1869812 8896.80078125
389.1912842 9381.8291015625
390.1927795 12898.951171875
399.1464539 17433.271484375
401.2153625 28716.455078125
415.4005737 9328.298828125
425.3322754 9477.12109375
426.1910095 14244.1240234375
434.2378235 10926.548828125
444.2030334 77000.5703125
445.2066956 13664.27734375
470.2586975 38428.859375
472.2512207 16385.439453125
520.2991333 65652.3203125
521.293457 16676.12890625
522.303894 210149.15625
527.2470093 11185.548828125
531.2871094 12516.0146484375
545.2512817 99883.796875
546.2600098 31196.02734375
548.2836914 77018.5625
556.7875366 15619.6513671875
563.3014526 63208.5234375
564.3021851 52664.9375
565.3094482 400371.3125
598.2802734 10181.595703125
601.2921143 13153.291015625
602.3190308 36208.53515625
633.3233032 10410.07421875
658.3324585 69794.5
659.335144 16994.072265625
702.3195801 9014.9658203125
730.3405762 30212.587890625
771.4186401 33925.27734375
772.4227905 14661.3515625
794.3543091 11162.947265625
836.7097168 7483.6127929688
842.447937 30672.388671875
843.4324951 9423.6025390625
850.3862305 9246.3251953125
851.3890991 14589.5625
905.4276733 8621.18359375
909.3566284 9712.681640625
923.413147 11813.37890625
957.4747925 66109.3125
958.4706421 42686.328125
959.4776001 8459.8583984375
1015.479797 9686.33203125
