1518.7465626662 2
105.0664063 142996.390625
110.0714645 63383.8828125
120.0813675 151457.0
124.1127472 36985.65625
127.0873642 33240.56640625
129.1026764 163543.734375
136.0762482 133574.421875
141.1021881 42629.578125
147.1128693 72270.625
155.0810089 38644.68359375
155.1179504 39016.3203125
157.0966492 34439.390625
159.0914001 44488.93359375
169.0975952 51111.0859375
169.1338501 199476.171875
171.1125336 36196.69140625
173.1282501 29269.4765625
175.1188202 232749.84375
181.0607147 52639.984375
183.1136322 30189.921875
184.1572113 30763.4140625
186.0880432 42620.52734375
186.1242218 152701.1875
197.1283112 51076.62890625
199.0710754 68080.609375
200.1395264 52466.375
201.1242523 73077.4765625
211.1442108 36865.0390625
214.0836029 43936.9140625
214.1187592 152292.453125
215.1397705 38001.890625
216.0980682 556632.875
217.1017151 55191.796875
228.1339111 128824.8203125
233.1315308 365330.9375
234.1347046 41229.05078125
246.1820526 51003.46484375
261.12677 236484.921875
274.1243896 35440.67578125
277.2963867 35641.07421875
283.1391907 36188.72265625
297.1562805 43329.98828125
299.1732178 52645.3046875
304.1611633 465847.28125
311.170929 42456.2890625
313.1158142 66818.875
316.1320496 31497.478515625
325.1881104 37974.890625
330.1409302 211804.125
331.1465149 49912.015625
375.1715393 236238.859375
396.2298889 29272.267578125
401.2176819 42595.23828125
402.2215881 29883.634765625
424.256012 39488.08984375
429.2061768 102752.125
467.2200928 33609.78125
473.3088074 48017.76953125
488.2532654 38656.89453125
544.3455811 36653.18359375
633.3170776 230233.578125
759.4296875 52673.3984375
815.4956665 35671.21484375
828.3748779 34188.5390625
845.4002686 455208.21875
846.4000244 222662.640625
867.927063 38204.84375
886.5258789 54722.83203125
944.4718628 51901.23046875
1031.50293 248878.34375
1032.482788 124173.0859375
1088.602783 67030.6171875
1089.590088 66510.3984375
1144.561523 118437.71875
1258.612061 131975.578125
1259.623535 110951.328125
1565.37915 38166.06640625
