1468.67751599506 3
102.0556183 37597.0703125
103.0546188 26816.99609375
115.8059311 24691.091796875
117.0575867 33420.4609375
120.0810471 369350.28125
127.0868225 321604.34375
129.102417 332417.21875
130.0653839 185148.375
130.0866394 164024.390625
132.0807037 153637.03125
133.0435028 122760.6015625
136.0758057 436431.65625
140.1196899 24937.021484375
141.1024933 118167.15625
144.0796661 37005.83984375
147.1131439 291389.96875
159.0792847 41429.671875
159.0917664 655347.75
160.0958405 37141.97265625
170.0604401 151055.765625
175.1200562 111694.6875
183.1494598 37050.52734375
185.0562134 55541.703125
185.1652069 174370.453125
187.0871582 210570.8125
187.1078644 32920.078125
200.1405182 137655.625
201.1245422 38416.265625
213.1599579 231312.078125
226.8961182 30173.318359375
229.1549072 902380.0625
230.0599365 49263.42578125
230.1578217 158894.546875
233.1651001 115045.796875
244.0932312 67335.2109375
245.0927277 47072.59765625
251.1027069 50234.73046875
255.1484833 52520.203125
258.0533142 31284.9609375
258.1604004 238550.765625
259.0392456 38532.44921875
272.1758118 200750.5625
276.0643005 309740.6875
279.1373596 29033.6328125
279.1708069 227113.3125
286.1550293 161724.296875
292.1665344 50592.95703125
300.1697388 111701.1796875
310.1766968 603190.5
311.1784668 64628.4609375
328.059845 32475.412109375
354.2141113 43056.39453125
359.1192017 48811.35546875
371.2397156 112177.7265625
377.1131287 34364.6484375
398.1718445 66152.6875
405.1077881 194514.0
406.1115417 40978.5234375
415.1979675 172083.65625
425.2001953 195254.96875
472.2007446 42665.75390625
474.1261597 43185.7890625
484.1150208 36381.8046875
501.142334 41836.125
518.3074951 57476.30859375
519.1521606 395293.25
520.1544189 57433.18359375
538.2861938 153857.515625
539.2887573 33662.89453125
587.2053833 83556.96875
614.2178345 35903.08203125
615.2085571 95272.6953125
632.230957 172750.78125
633.2330322 52966.66796875
679.3820801 32087.548828125
681.3723755 38159.0703125
724.3649292 225776.21875
725.3626099 39673.5
905.0210571 37573.26171875
1262.444824 43872.140625
1505.623901 35330.6171875
