1338.48360236641 2
98.57932281 709.5518798828
102.055542 2993.6062011719
109.8505707 635.7327270508
113.0351105 948.2109375
129.1028595 7566.5595703125
130.087204 1052.0725097656
136.0761566 3399.4780273438
147.1131897 3164.9680175781
159.0763397 811.7542724609
175.119751 4955.2470703125
199.0717468 2603.5192871094
210.0805664 1127.9978027344
216.1328278 784.2855834961
217.0827179 3525.2670898438
235.3980865 679.8053588867
245.0778656 2882.2631835938
272.1720886 1494.9926757813
310.1770325 4364.6796875
329.1104126 1021.5155639648
355.0690308 762.9077758789
359.0282288 1163.1417236328
360.0281067 1428.7971191406
360.1035461 6342.0434570313
361.0280762 1156.7087402344
374.2551575 1158.9515380859
425.2029419 1135.9370117188
460.2918701 3942.3291015625
461.2942505 863.3758544922
495.7432556 736.9387817383
548.6364746 806.5819702148
606.2962646 1727.5106201172
669.2746582 18034.296875
669.3674927 3508.4699707031
670.2800293 7250.0014648438
670.3776855 3482.3303222656
721.2538452 2661.0107421875
922.4494019 1031.0563964844
937.3183594 1083.0915527344
977.5778809 820.6245727539
1051.369751 795.6193847656
1367.366455 850.3352661133
