3466
2
820.4632240000001
# +15.9949|* +79.9663|
C=160.030649
820.46353	0.0000	26.99	0.959	5	12	K.RSTITSR.E	F
820.46353	0.6232	10.17	-0.74	6	12	K.RLSTTSR.L	F
820.46353	0.7532	6.66	-1.079	3	12	R.RITSSTR.V	R
820.46353	0.7532	6.66	-1.079	3	12	R.RLTSSTR.H	R
820.46353	0.7766	6.03	-1.146	3	12	M.TTSSIRR.Q	F
820.46353	0.8259	4.70	-1.279	3	12	K.TRSISTR.S	R
820.46353	0.8259	4.70	-1.279	3	12	R.TRSLSTR.S	R
820.46351	0.8325	4.52	-1.301	3	12	K.KSSKQSR.K	F
820.46757	0.8344	4.47	-1.322	2	12	R.GVLTQFR.A	F
820.46888	0.8344	4.47	-1.322	2	8	R.RFWRR.K	F
