2027.05319108139 3
143.1175232 35437.6796875
148.2141571 34566.55859375
155.0815125 40831.06640625
158.092392 58020.3984375
169.0568848 42028.21484375
169.1336517 60440.73046875
175.1186981 200826.359375
176.1217346 32475.13671875
183.1130066 103927.40625
183.1490784 492576.25
185.164856 83102.234375
187.8353882 36051.8984375
197.127243 70217.4296875
209.0552826 40551.5859375
211.1070557 48142.04296875
211.1443329 373246.15625
213.1595154 61433.01171875
215.1388245 62661.38671875
221.7241974 43833.859375
226.0815277 69927.34375
226.1181793 45856.41015625
228.1343689 289489.125
231.098053 68946.1796875
243.1084442 75044.6484375
244.0930023 75890.21875
245.1248169 42212.6640625
262.1499329 71419.5234375
267.1334839 384276.9375
285.1572571 63017.61328125
297.1178589 61757.8515625
297.1533508 44664.75390625
298.104187 47470.0
312.1579895 75611.9921875
312.1890869 328296.3125
313.5137939 43905.69921875
315.1299744 80914.78125
333.188324 183639.65625
357.1788635 86132.078125
383.1933289 44974.0625
411.1904602 60966.83984375
442.3886108 49534.0859375
443.2443542 46173.94140625
444.2228699 89817.0078125
459.2611694 100356.765625
461.2478333 236935.96875
467.2298279 58134.0
474.5857849 58082.3046875
475.2732239 54250.8828125
477.2709045 523187.125
499.2581482 47700.5
510.2656555 64406.07421875
521.2467651 53951.4453125
560.2364502 46970.05078125
560.3144531 466891.25
561.3150635 53464.17578125
601.9518433 55608.01953125
610.2931519 84047.046875
627.3114624 101648.9453125
673.3967285 508158.71875
674.4022217 179552.15625
675.3079224 56893.03515625
713.3666992 68324.2734375
723.359375 55646.4140625
802.4508667 317514.21875
803.447998 92896.5078125
813.0269165 56916.8359375
832.4690552 110159.7109375
903.4866333 478420.65625
904.4865112 189724.25
905.4967651 80918.453125
941.4606323 187455.4375
956.5281372 59648.90234375
974.5222168 508045.625
975.536499 233407.046875
1045.557495 219158.71875
1046.572388 68123.15625
1138.582642 90485.9375
1883.18457 71949.7421875
