889.481567285906 2
64.75228119 15574.560546875
70.02967072 128611.5390625
70.065979 175847.796875
72.08159637 1173017.875
73.04750061 17079.2421875
73.08485413 38655.5234375
74.06093597 23965.6640625
75.15304565 16722.3515625
83.06130981 18624.193359375
84.04509735 81098.0078125
84.08145905 464814.25
85.04046631 101261.6640625
86.09712219 1450817.875
87.05599976 577424.5
87.1002655 89307.1640625
88.04006195 351128.125
98.02449799 33113.8125
99.05591583 33679.82421875
101.0715866 77045.0078125
101.9013977 18438.07421875
102.055748 37670.53125
104.0535736 154793.234375
110.0244293 39274.69140625
110.0717163 189799.078125
115.0871048 19734.419921875
120.0811462 1243997.375
121.0843735 84493.3359375
127.0510254 136717.421875
127.0866547 22292.69140625
129.1025391 636505.8125
130.0866241 384748.75
130.1064148 20809.169921875
131.0904541 25730.71484375
131.118103 38878.59765625
136.0758209 357694.78125
143.1183472 43374.703125
144.076767 219402.140625
147.112915 679922.875
154.0613556 19583.134765625
155.0449829 26455.984375
157.0970917 75708.5625
158.0924072 20038.578125
169.1338501 37044.2109375
171.1122284 18602.369140625
172.0718384 357989.9375
173.12854 104471.859375
175.1194153 112102.25
183.0777283 17546.30859375
183.1127472 21464.34375
184.1087799 18093.697265625
185.1645813 35105.15625
187.1077881 22982.28125
187.1444397 95096.78125
191.11763 41843.9375
199.1805267 32204.423828125
201.1231995 238724.484375
207.1145477 24935.564453125
209.0920258 480487.5
210.095047 30781.955078125
212.1028595 98759.5546875
213.1600189 24330.140625
214.6896362 18151.4140625
215.1391754 38993.01953125
217.1376038 44645.2109375
219.1494598 226677.0
220.1518097 25501.857421875
221.9455566 17258.05859375
226.1183929 255682.796875
227.1764221 79606.65625
229.1180115 317013.25
230.1215515 36549.91015625
237.086792 147819.765625
240.1380463 22365.546875
247.14711 18367.71875
251.1525116 22426.787109375
254.1145172 87353.3671875
260.1421509 76619.7890625
264.098175 28370.498046875
271.1397705 93710.6640625
272.1242981 100000.46875
276.1723938 20921.484375
278.1537781 523412.40625
279.1566772 80909.7421875
282.1072388 23682.4453125
283.1437683 22784.767578125
294.181366 129219.90625
328.1870728 67076.8671875
331.2319946 20129.291015625
342.2027893 290928.1875
343.2059937 40682.171875
350.1339111 70783.7578125
352.116394 25494.19140625
357.2120056 29737.958984375
359.0273132 23696.390625
377.1815796 25516.669921875
385.2071533 43338.890625
391.2375793 205449.953125
392.2398682 39695.62109375
395.1910095 40857.73828125
401.2163391 26020.470703125
423.188385 34746.5859375
440.2127991 24502.763671875
457.2388611 25435.484375
465.2011414 30879.09765625
493.2320862 24314.95703125
504.3287964 56908.31640625
505.3229675 32526.7421875
528.281311 30589.107421875
619.3511353 290582.375
620.3530884 156929.53125
621.3470459 20572.060546875
678.3930664 20217.30078125
775.430542 37334.71484375
776.4335327 20756.541015625
