1544.69633352687 2
119.5338974 38772.734375
120.081131 335675.03125
120.3573532 41002.984375
129.0665741 91007.796875
129.1027222 61959.25390625
136.0762634 515092.71875
139.0506287 57469.890625
175.1189728 306982.625
181.0603027 90935.7421875
186.9089661 53319.3203125
199.071167 105920.265625
216.0974731 469407.03125
226.0822754 184934.90625
227.0661011 48773.546875
227.1040192 52593.37890625
240.0990143 74134.828125
244.0928497 314025.03125
258.1437378 45722.80859375
259.1413269 50043.515625
276.1664734 59858.64453125
283.144043 218459.703125
293.1127014 48995.6171875
311.1374817 64577.0859375
312.0257874 46596.421875
315.1288757 175429.609375
355.1238098 167431.390625
372.1512451 54384.4375
373.5394897 44097.4296875
390.2071228 173776.625
439.2263489 53514.72265625
461.2466736 175639.296875
487.1767273 67893.5546875
526.2574463 86931.5859375
527.25177 54087.94140625
614.3460693 307531.46875
640.3061523 340564.3125
657.3703003 91858.5625
714.3874512 88327.390625
753.3809204 258257.703125
754.3876953 79025.6328125
773.4311523 55564.53515625
824.4262695 579708.375
825.4197998 220640.703125
828.4281616 197292.015625
829.4317627 74040.0
987.4859009 481535.21875
988.4815674 250632.59375
989.492981 58178.83203125
1058.535767 303634.3125
1059.521362 213493.734375
1173.55188 330463.21875
1174.544189 163009.203125
1284.580444 67791.859375
1301.595581 157282.4375
1302.619995 72360.6640625
1440.620972 59953.48828125
1491.200073 55545.34765625
