1764.88900022819 3
129.0938263 8187.4658203125
129.1025391 130054.0859375
130.0858154 12284.7998046875
130.1055603 6812.2475585938
133.5992737 5701.2026367188
135.9846649 5623.7758789063
136.0760345 81409.546875
141.1013184 7230.7944335938
147.1131744 9910.9365234375
157.0968781 39256.94140625
157.1337585 20177.94140625
158.0924683 40112.76171875
159.0762024 8289.6455078125
159.0903625 11851.705078125
166.0869598 6887.7475585938
173.0935822 8252.359375
173.1295319 8431.49609375
175.1187744 43407.91796875
183.1130676 11687.1689453125
185.1278381 12402.5712890625
185.1650238 20240.859375
186.0870972 49360.390625
187.0869904 9548.373046875
187.1069489 12897.9443359375
191.1177521 48215.765625
191.1950684 7004.7651367188
197.1277466 11425.708984375
199.1798553 56312.90234375
199.1957092 8130.0249023438
200.1396027 10694.2724609375
201.1235199 35370.65625
207.0746307 9789.1396484375
211.1081543 9012.7587890625
211.1447449 8002.2602539063
215.1391754 20880.1484375
219.1128387 66492.9921875
227.1743164 15424.7861328125
228.1346283 9939.8623046875
229.1188049 45012.1640625
235.0721436 8040.2416992188
235.1443329 20068.853515625
240.1343689 15911.453125
243.1333313 8289.5869140625
263.1391296 44632.6015625
267.1147766 11778.0537109375
270.1821594 9556.5322265625
271.1393738 19221.314453125
290.1504211 47988.1796875
295.11026 9721.41796875
297.1557617 10756.7265625
299.1724548 47076.87890625
326.171936 10536.2392578125
330.1817932 11829.9873046875
389.2290955 18877.42578125
419.1408081 9204.279296875
428.7676697 9196.947265625
432.2595825 47703.625
533.2820435 13072.26953125
589.3369141 15121.6982421875
596.2810059 38022.40625
606.2974854 21441.19140625
663.3208618 88880.21875
689.357605 87471.5546875
690.3609619 21690.90625
702.3309326 10816.10546875
776.4061279 70876.2109375
799.3791504 12142.0205078125
804.3852539 113408.59375
805.3913574 18903.423828125
889.4832153 20667.2734375
917.4711914 60215.48828125
918.4727173 16063.763671875
960.5328979 46491.2734375
1048.51416 66437.0703125
1049.518311 20931.96875
1211.559814 48327.5703125
1212.574219 39332.21484375
1281.358398 11587.677734375
1311.640137 19357.970703125
1432.100464 12998.3671875
