1592.76976779826 2
110.0717926 136107.265625
120.080658 51185.421875
121.084877 6094.4213867188
129.0952759 5636.5830078125
129.1023254 107333.4921875
130.0862732 21122.046875
136.0753174 17306.9453125
145.3269958 6206.6748046875
147.1123199 19379.765625
156.0759888 10331.3876953125
175.1188202 39450.4921875
191.1174774 7508.0131835938
201.0867767 9608.3994140625
212.4141083 7406.4506835938
213.0861359 9874.2958984375
216.1334686 14737.3701171875
231.1243744 461605.90625
232.1266785 58307.94921875
234.1453247 22869.771484375
235.1190948 11265.23046875
235.1446075 7102.4169921875
236.1535339 7604.140625
242.1506805 46956.41796875
242.7919006 7632.4858398438
248.0705414 13692.0537109375
248.1505127 23528.4140625
249.1333008 14867.37109375
262.117218 9796.541015625
266.1609192 85852.3828125
300.120697 19867.85546875
323.4374695 8454.4912109375
332.1366882 9143.25390625
357.2055359 8938.443359375
381.213623 23057.900390625
405.2124939 19273.341796875
406.2141724 11023.6015625
510.255188 12692.2021484375
539.2603149 9740.75
581.2890625 12834.1708984375
723.8386841 19876.388671875
732.8609619 14647.42578125
782.475708 14286.4833984375
797.4325562 326188.6875
798.4317017 131795.625
818.3710938 15760.7998046875
842.4083862 40332.33203125
948.4177856 12036.6845703125
1115.531372 21286.93359375
1116.528442 14360.771484375
1212.558716 18055.9375
1327.62439 142997.203125
1328.618042 112854.2734375
1329.629395 38172.07421875
1433.963257 13846.7578125
