1391.68220100213 2
114.2680206 5477.22265625
115.0873566 5598.7060546875
120.0814056 24197.56640625
121.0850296 6431.5756835938
129.1025238 170292.859375
130.0867615 39344.7109375
130.1062622 9920.0947265625
136.0762787 11511.638671875
141.1021271 8108.990234375
146.7442322 5880.8061523438
147.1130676 70874.5
159.1130981 28520.609375
169.0975342 22752.212890625
173.1290436 8862.7333984375
175.1188049 22792.283203125
186.123703 8363.134765625
187.1080322 42432.4140625
201.1233826 19553.763671875
209.0928192 10050.212890625
210.0799866 21696.208984375
223.8956757 6439.0336914063
226.1191254 28601.115234375
236.9328766 5265.55859375
240.1351166 13756.4833984375
242.150528 7886.4697265625
243.1423035 5453.6015625
244.129776 28204.185546875
247.23526 6178.7021484375
252.1340027 9180.3701171875
261.1566772 76560.2890625
277.1203918 7332.4672851563
284.1243591 40421.19921875
292.1645813 7339.1362304688
297.1590271 8005.0493164063
300.1921082 26481.853515625
310.1766052 31031.876953125
311.1739197 10330.1982421875
358.2463074 10563.8564453125
369.2151184 25767.9140625
376.1816406 11742.6904296875
386.2401123 6464.7890625
387.2241821 24866.9296875
397.2075806 70149.59375
398.2091064 30698.275390625
399.1539001 7340.6123046875
427.9104919 6106.6997070313
510.2914124 31925.546875
511.3268127 73847.6640625
515.2896118 6425.3364257813
527.2471924 23265.759765625
544.272644 75464.265625
545.2761841 31716.228515625
572.3043823 8910.5146484375
572.4884033 6849.9321289063
680.4063721 23261.17578125
687.8394165 8164.7700195313
695.3325195 25816.115234375
696.4021606 84734.953125
696.84021 21141.1796875
697.4375 267897.4375
719.3629761 8066.8735351563
821.3901978 7269.724609375
830.3969727 10695.6435546875
848.4124146 32271.556640625
849.4105835 25342.1953125
877.3945313 23594.818359375
1005.441162 12100.9794921875
1006.445251 12463.0068359375
1007.446106 8044.353515625
1131.515503 10117.2216796875
