1510.72142052828 2
110.0717087 18492.59375
113.0719299 14079.49609375
119.0498428 59152.203125
129.0662231 67372.0
129.1026154 97531.625
130.086792 62500.68359375
133.043396 56181.69921875
136.0758972 819806.875
137.0791626 77121.4140625
140.2976227 13275.451171875
147.1129761 130476.0546875
175.1192017 22874.677734375
181.0610352 16675.84375
197.1280365 16818.052734375
201.0190582 14983.849609375
215.120163 13439.6943359375
215.1397552 89134.578125
226.1181793 15362.0185546875
242.1510162 53567.13671875
243.1339264 67886.796875
245.0764618 23210.234375
248.0710907 12645.291015625
249.1599121 667896.875
250.0833588 15900.822265625
250.1639252 101310.09375
251.1670532 16049.1298828125
266.3963623 13457.9931640625
268.0925598 17550.67578125
272.0707092 19970.3671875
277.1546936 190223.046875
290.0804138 49994.3515625
301.0962219 15683.6494140625
302.1004639 13070.6708984375
303.2030029 125419.671875
304.2062073 15669.791015625
319.1069946 61973.29296875
341.0915833 29534.71484375
355.1235046 16973.158203125
359.1026306 51678.4453125
367.1990967 25207.67578125
403.1653442 16516.396484375
406.197937 16367.73046875
412.1289673 55945.7109375
418.2297363 67624.1328125
430.1428528 55480.59765625
432.1916199 20220.689453125
511.2228088 17295.701171875
529.2619629 72352.046875
543.2208252 19453.12109375
546.2879639 65833.125
547.2954712 22008.275390625
636.3811035 55494.0078125
637.3821411 15492.1494140625
639.3120117 15259.0107421875
656.336853 44587.38671875
657.3251953 89676.3515625
658.3213501 26567.748046875
674.3486328 92029.75
675.3518677 23114.791015625
752.3950806 16706.01953125
756.4268188 62619.5703125
787.4293823 153398.359375
788.4268799 20051.251953125
831.4885254 50878.19140625
858.4619141 88165.171875
859.4747314 15425.6513671875
865.3625488 16079.068359375
945.4935303 127701.6171875
946.4953613 54218.76953125
1076.115112 17350.427734375
1105.523804 103789.4140625
1106.5177 31140.1796875
1234.55896 55372.3203125
1235.548096 59534.53515625
1269.551147 19885.970703125
