1530.88878721791 2
110.0715561 12483.38671875
115.0867081 9307.8310546875
117.1022491 18773.689453125
119.0494766 12504.1787109375
120.0811844 98106.0546875
129.0659027 10929.78125
129.1024475 63733.859375
130.0646667 8695.1943359375
130.0864258 37747.0625
133.0432892 8510.0205078125
136.0758362 170551.65625
137.0800629 8012.7055664063
141.1020813 11332.4365234375
142.1421356 7132.7041015625
147.1127319 53802.171875
152.3829651 7327.8500976563
157.0973816 11645.259765625
158.0927429 11972.38671875
159.092041 44179.66015625
159.113266 15453.1162109375
169.097229 15493.90625
169.1336212 10237.439453125
173.12883 45052.7890625
175.1196747 52197.47265625
178.0868683 13355.642578125
183.1139221 8963.0927734375
185.0919952 16262.7900390625
186.0881653 10684.4658203125
187.1080933 52122.59375
187.1448212 13278.2998046875
196.1451111 11380.599609375
197.1290283 46832.73828125
199.1081238 16526.345703125
199.1807556 10105.5888671875
200.1396332 16939.580078125
201.1243591 40905.765625
202.2391663 7634.9462890625
211.107254 9112.923828125
212.1025085 15418.0322265625
214.1185608 28222.400390625
214.1553955 43397.21875
215.139389 11652.15625
218.1497803 29579.66015625
223.1076355 70778.2890625
224.1406403 9417.259765625
225.1219025 9060.1708984375
226.1194763 12159.896484375
226.1562805 8123.994140625
227.1758728 8007.00390625
228.1344299 138442.84375
229.1178894 8841.990234375
229.1378021 15799.0380859375
233.0922394 84319.640625
233.1654205 11080.2666015625
235.1082001 11550.0673828125
240.1342316 9140.3681640625
242.1498413 50214.97265625
244.0933685 9691.37109375
249.1600494 9983.1083984375
251.1029663 84950.3359375
252.1068573 9464.318359375
254.1498566 8934.4384765625
260.1975403 7768.70703125
261.1607971 9433.5625
270.1453857 12933.8310546875
277.1542053 9661.9560546875
283.1406555 112660.0703125
287.1383667 7555.2915039063
294.1442871 7570.3857421875
296.1967773 7893.923828125
297.1560669 35168.30859375
299.1719971 10726.0703125
301.1533813 10732.7958984375
306.1494751 8348.4169921875
310.1759033 15592.6552734375
311.1395264 14974.1005859375
315.1666565 63122.75
318.1820984 12742.7490234375
331.2323608 31643.783203125
332.159668 83220.3984375
338.2090149 12307.642578125
341.2191467 63550.5703125
346.1778564 12696.7568359375
355.2350769 13792.4462890625
358.1043701 9672.0791015625
360.1930542 9190.748046875
361.187439 11101.3037109375
364.1839294 10296.2021484375
367.1977539 28486.9375
368.2294922 35763.8203125
383.2335815 9716.8955078125
384.1894836 30631.2734375
396.2247314 105047.984375
400.2224731 9756.03515625
444.3172607 29779.939453125
445.1322937 12868.1435546875
446.2775269 14901.60546875
464.2880554 12810.6884765625
469.2804565 11558.5078125
478.231842 15114.828125
479.2441711 12185.310546875
483.2578735 16402.740234375
492.2792969 11436.3759765625
497.2715454 16503.390625
509.3079224 45825.91796875
510.315155 9591.169921875
549.2842407 9656.904296875
550.288147 10589.12109375
558.3618164 17728.271484375
561.3029175 8985.47265625
563.3186646 13590.4013671875
564.317688 9304.6591796875
565.3352661 8673.9384765625
580.3453369 11872.4345703125
582.3560791 18095.2890625
592.34198 33382.1640625
593.3337402 31284.5625
610.3562622 14238.9375
673.3555908 14261.4501953125
705.4255981 13518.875
709.4282227 8659.302734375
722.3707275 9370.62890625
723.4369507 16503.97265625
726.4505005 151845.0625
727.4520874 72299.0
763.3823242 15295.9677734375
766.3139038 140983.921875
767.3204346 9994.79296875
777.4464722 10261.6484375
827.4986572 139269.03125
828.4987183 63404.40234375
891.3640747 10091.744140625
901.4602661 11229.0361328125
940.5838013 101469.1796875
941.5737915 46913.3984375
942.5929565 10327.1845703125
948.4755859 8626.427734375
949.4607544 42878.75
1053.674194 52299.3046875
1054.65979 18911.64453125
1162.579712 11275.8818359375
1164.690674 9574.3251953125
1181.723755 12520.158203125
1541.475952 11843.740234375
