1203.5610236213 3
84.0451355 206642.53125
84.08157349 660761.75
85.04039001 17674.060546875
85.08518219 30996.17578125
86.09718323 469096.3125
87.05590057 137247.390625
87.10057831 20077.623046875
88.04011536 197452.828125
101.0717773 121752.21875
102.055542 80044.3515625
104.0537109 119134.2109375
110.0718002 1083278.375
111.0749512 24285.7421875
112.0872421 22399.04296875
113.0712128 23592.298828125
114.4877625 18946.640625
115.0509949 24714.57421875
115.0871735 76743.15625
120.0814209 89032.59375
124.0397568 106594.484375
127.0869217 154430.140625
128.0715637 18085.765625
128.0816193 22601.19921875
129.0661469 68656.0
129.1025848 820895.0
130.0866089 294079.46875
136.0762024 108642.9609375
138.0665283 42721.28515625
139.086319 19620.908203125
141.0660248 113478.8984375
141.1027374 32694.267578125
142.0868073 166043.515625
143.0818176 22201.77734375
143.1182861 109864.421875
147.1131744 425505.125
148.0431213 36070.56640625
152.0707245 19827.7421875
155.0925751 193254.40625
155.1180725 27733.255859375
157.0613556 69123.8984375
157.0971375 28847.12890625
157.1329803 19531.361328125
158.0926361 112979.7265625
159.113678 59939.05859375
169.0610199 29349.888671875
169.0973511 91327.5859375
170.0819702 25312.001953125
171.1134644 27465.3671875
173.1286011 20451.234375
174.0875397 30248.212890625
175.1190948 326906.46875
180.07724 36579.42578125
183.1133881 23369.7734375
185.128952 26364.74609375
186.0876465 196959.8125
186.205658 19623.490234375
187.1080322 1180212.75
188.0386658 26481.728515625
188.1114197 102461.125
189.0697632 18094.5234375
189.099762 36326.5390625
195.0400238 19398.1796875
195.1137543 35754.69140625
197.6139984 523833.53125
198.0881348 25109.40234375
198.1158905 88492.65625
199.1813354 21742.837890625
201.1232147 20657.96484375
202.0832062 22860.576171875
205.0645752 124610.015625
211.6118469 155475.40625
215.1033325 90316.609375
217.1368408 18871.869140625
219.1148987 85703.4140625
221.1033325 31293.041015625
230.0780182 101501.09375
239.150238 67387.171875
240.1349182 129466.9453125
244.1289673 20079.2578125
248.1127625 57207.82421875
249.0976563 201621.671875
254.1135101 35970.34375
257.1613464 104163.765625
258.1450806 118548.8359375
259.104248 20375.4453125
260.1184082 20568.041015625
260.1977234 39830.5546875
266.125 573209.0
267.1281433 36850.640625
268.1313782 33793.34765625
269.1268005 24411.115234375
271.1779175 31352.072265625
275.1713562 67040.625
279.1148071 29012.490234375
279.144989 19451.248046875
282.1827393 21958.63671875
285.1291199 141160.671875
285.1565552 105543.0859375
285.6309814 85068.3203125
286.1311646 26868.845703125
287.1279297 33639.96484375
288.1098633 99013.2734375
288.2030334 36338.6953125
288.6665039 297927.21875
289.1673584 94420.8203125
296.6396484 22507.84375
297.1564941 32684.966796875
301.1157227 87660.6171875
304.1337891 24218.8984375
305.1350708 223256.390625
311.1764221 23348.474609375
314.1819763 21780.986328125
315.1672974 75879.03125
316.1691895 22981.490234375
317.1802979 20539.154296875
323.1463318 449300.6875
324.151062 75583.2421875
326.1458435 41045.0703125
331.173584 125363.3125
331.6774292 38082.96484375
332.193512 306466.625
333.1202698 20010.677734375
333.2123718 39379.92578125
339.1993713 20484.82421875
359.1908875 107329.5546875
359.2420959 82418.546875
359.5281982 69941.1015625
359.7618103 20001.734375
372.6929932 24955.705078125
377.1877136 18087.12890625
387.1694641 22736.958984375
390.14328 18343.205078125
394.2210999 411295.53125
395.2218628 101150.1171875
397.2201538 38661.953125
398.2021484 21778.89453125
401.2071228 32168.896484375
402.2736206 36114.0625
403.2327271 19967.390625
409.2200928 27278.845703125
409.7189941 23010.224609375
410.2177734 26174.935546875
415.229126 135805.703125
416.2307129 25369.857421875
421.2323303 28440.806640625
422.2148438 1454686.875
423.2180481 345872.40625
424.2190857 38216.9375
425.2159119 24285.330078125
437.2142029 75888.3359375
445.2280884 28158.58984375
446.2962036 75656.671875
455.2247314 75077.8984375
472.2519531 518134.84375
473.2888794 251678.34375
474.2843933 35781.23046875
477.2559814 22022.1640625
479.230957 66546.3671875
480.2359924 23936.09375
505.252533 71539.90625
536.2505493 328575.84375
537.2520142 78284.2421875
538.2531128 22728.517578125
569.2504883 264537.5
570.2401733 56097.84375
571.3250122 328685.375
572.3204956 88541.6796875
581.3062744 29737.857421875
588.310791 592628.5
589.3127441 171808.078125
602.3840332 71882.421875
627.30896 24641.73046875
635.319519 136624.0625
636.3308105 40390.828125
637.3225098 22367.998046875
663.2765503 25179.244140625
698.3522949 30686.115234375
1068.517456 21146.962890625
