1417.61877532783 2
102.0555115 9726.072265625
110.0718155 8351.263671875
120.0807877 8229.0546875
120.2588806 5715.0395507813
129.1025848 32331.923828125
130.0865479 5775.11328125
133.043335 8429.24609375
136.0762482 5960.2788085938
144.0651093 8328.912109375
147.1133575 10451.5439453125
157.0964661 4319.1357421875
158.0928802 6843.9936523438
158.5288696 3924.703125
169.1346588 6244.6401367188
171.1141205 4734.5629882813
175.1192017 27757.13671875
178.0529175 6666.1430664063
181.0969849 6733.7260742188
189.087616 6311.8681640625
201.1235962 6225.5756835938
205.8573456 4565.6225585938
210.0254974 26197.75
211.0087128 31931.484375
215.1413269 5286.0766601563
222.6246643 4314.4487304688
226.1198883 5162.9833984375
244.1663971 5597.5971679688
249.0994568 8694.40234375
252.0359802 5460.0087890625
263.0850525 8544.2841796875
268.1306763 6838.6293945313
280.1118774 50610.48046875
289.188385 4584.6342773438
294.1800537 6478.712890625
308.1058044 6492.4150390625
336.1317139 8507.595703125
385.2563782 34671.3125
395.1407776 6935.2685546875
431.2045898 17787.65625
449.2138062 31707.541015625
450.2179871 5640.2319335938
462.2343445 7284.7587890625
516.7994995 9155.10546875
517.2999268 9465.8955078125
593.3391724 5296.7221679688
610.3182983 5596.8383789063
629.2994385 5635.810546875
651.3565674 6834.5913085938
686.3091431 10714.236328125
708.3873901 71455.546875
709.390564 37398.5546875
710.3165283 8914.4384765625
729.3856201 6358.4384765625
765.3981323 9713.9482421875
894.4457397 9481.5712890625
934.430481 6349.1108398438
1023.474731 6751.001953125
1110.512207 33912.75
1111.506958 8133.3608398438
1156.531494 6205.1606445313
1388.036865 5540.52734375
