1705.85722411669 3
120.0812149 105607.1875
121.0838852 7083.2163085938
123.8477402 2210.1889648438
129.0657654 2649.83203125
129.1019897 23289.265625
130.0499878 3310.8698730469
130.0648193 5553.3564453125
132.0814667 3586.4704589844
133.1507874 2991.0952148438
136.0754395 22267.59765625
136.0838318 2150.6630859375
138.0678253 2727.72265625
141.1020355 6443.3095703125
143.0818787 6609.6254882813
143.1176605 6461.7006835938
147.1127167 8662.462890625
157.0969086 5436.38671875
158.0922699 3222.0444335938
159.0791626 2731.8518066406
159.0918884 32718.875
159.1125031 22130.962890625
163.0871735 3000.3156738281
171.0763092 5703.0581054688
175.0869293 29015.10546875
175.1188354 23066.47265625
181.0614624 3573.4831542969
185.16539 34954.25390625
186.0909424 19423.162109375
187.0714111 4227.6259765625
187.1075134 23788.943359375
187.1437531 21746.3046875
195.962738 3158.4731445313
197.1281433 4743.0571289063
199.0713348 17534.298828125
199.1810303 7406.166015625
201.1238556 4354.37109375
204.1013184 3298.9309082031
213.1595001 19968.26953125
215.103241 5925.611328125
215.1392975 17169.21875
217.0821381 3783.3120117188
225.0990906 6995.908203125
225.1246643 2940.1081542969
226.1205597 3969.0598144531
227.1756592 8127.9399414063
231.112915 66488.4296875
232.11586 4764.8046875
241.0812683 3470.1977539063
242.1491089 4471.0844726563
246.1562347 4204.2534179688
248.1608734 3741.826171875
249.1235046 49016.73828125
249.1630249 4240.5166015625
251.1282959 4950.634765625
259.1082153 20720.775390625
272.1735535 7341.87890625
277.1183777 6062.484375
286.1394348 4501.4926757813
288.1334839 3755.5415039063
294.1441956 4951.7114257813
298.1404114 9051.5859375
300.1938477 7108.6567382813
306.1601257 33638.578125
316.1504211 7016.4057617188
324.1650391 4137.1455078125
326.242157 4642.7080078125
328.1857605 7032.5639648438
334.1549377 20950.759765625
341.1866455 5105.1904296875
345.2242126 6374.4995117188
359.1966553 9046.2119140625
388.1514282 5307.484375
394.71875 5233.2368164063
451.7301941 20412.625
457.173584 8906.1806640625
482.2810974 9029.3818359375
501.264801 6145.03125
501.7628479 7176.1469726563
558.3065186 5740.728515625
566.2698975 6987.5244140625
569.3140869 37853.6640625
679.3562012 7613.8891601563
704.3920288 5451.90234375
716.3850708 28796.306640625
787.4177856 42005.69140625
788.4234619 18161.701171875
793.3995361 22944.18359375
794.4020386 7746.8110351563
817.460022 5395.154296875
902.4470825 84224.28125
903.4500122 36247.796875
904.4440918 6842.5102539063
1001.509949 32275.78125
1002.521851 7635.9516601563
1114.598999 8948.6650390625
1115.609253 6897.365234375
1253.608521 6421.5458984375
