1858.97299894907 2
129.102005 21362.74609375
130.0492401 3896.943359375
130.0650635 3154.6440429688
130.0862732 4727.4868164063
133.0428314 21315.552734375
136.0756836 8630.9423828125
139.086441 6222.435546875
141.06604 4680.892578125
147.1124725 19233.962890625
157.0976105 4355.5112304688
158.8552399 2871.0463867188
159.0915222 8953.9072265625
162.0223846 4767.298828125
167.0818939 7355.232421875
169.0970917 8387.0029296875
173.12854 27991.8828125
175.1184998 17132.404296875
179.0482483 22115.861328125
181.09729 2941.5288085938
183.1132202 15858.9599609375
185.0919952 17855.41015625
197.1287689 5812.0688476563
199.180191 3901.7214355469
200.1391602 3658.0551757813
201.123703 31402.05078125
205.0969238 6333.365234375
212.1041412 5679.150390625
213.0870056 18112.44140625
214.1189728 7060.0454101563
215.1404266 4219.21875
215.3159332 3243.88671875
216.0980988 4768.8491210938
217.0824432 3898.6528320313
217.1343384 8009.5366210938
226.1185303 4404.9194335938
227.1026611 5461.2895507813
227.176239 5126.9672851563
228.1347961 6922.8598632813
229.1178284 5818.7529296875
230.0959015 6591.94140625
230.3261871 3668.0942382813
231.0611267 8935.3564453125
240.1337891 32095.60546875
241.063797 6343.1450195313
242.1489868 5794.3994140625
244.0934143 10723.732421875
245.0769043 5096.6235351563
245.1282349 6521.7094726563
250.0858612 9531.5263671875
254.1493225 7263.482421875
258.089386 5166.3193359375
258.144989 21939.673828125
276.1324158 4917.0561523438
276.1584778 4649.5434570313
277.1529541 3946.4987792969
281.1239929 6696.3798828125
282.1086731 9379.8662109375
284.1604309 5833.3310546875
291.1670837 8279.2724609375
296.1986389 4496.8344726563
298.1410522 5777.8198242188
299.1357117 27359.37890625
300.1190491 9273.0986328125
302.1509705 21041.6875
307.1437988 7722.9321289063
311.1716003 16625.4609375
327.2032471 4666.1215820313
328.1141052 5414.3330078125
328.190979 4971.2290039063
329.1853027 5489.60546875
342.1282043 6021.7861328125
345.1496277 4632.5595703125
357.1759949 8432.6611328125
360.13974 8592.8427734375
361.1421814 4674.537109375
371.2301636 4302.37890625
373.1873779 20839.890625
374.1916199 3989.5810546875
384.2241821 9195.6025390625
387.1499634 4689.30859375
388.0947876 10438.6806640625
388.1398621 6252.5810546875
394.2094421 4217.126953125
397.1351929 8329.6572265625
405.1595459 62703.88671875
406.1659241 14228.7080078125
406.2139587 5599.9189453125
410.2407227 4286.046875
412.2192993 22555.4375
436.1647034 6857.6635742188
445.1557312 21206.98828125
461.2747498 5319.3530273438
462.1817932 25562.439453125
462.2427368 5215.568359375
468.2479553 4775.923828125
473.1872253 16215.748046875
486.2683716 7915.6235351563
488.1937866 7431.2861328125
501.1842651 21532.69140625
502.1885071 9984.525390625
503.2839661 8184.2963867188
505.2265015 10191.50390625
506.2269592 4511.9111328125
516.19104 16663.33984375
533.2193604 24347.119140625
534.2246094 5711.8764648438
541.2679443 19121.8515625
542.2749634 5246.4233398438
548.3058472 9456.2900390625
572.2210083 24805.07421875
573.2279053 17179.462890625
590.314209 5941.9272460938
591.3303223 5862.8828125
618.3074341 13191.474609375
619.3376465 20286.32421875
643.256958 22138.900390625
646.2946777 7573.9404296875
670.3460083 7693.5551757813
687.3673706 160862.90625
688.3759766 40060.62109375
715.3240967 6421.3461914063
716.3258057 7067.9545898438
732.4248657 10106.4326171875
753.3012695 7659.09765625
771.4026489 6420.7456054688
772.4264526 5843.080078125
800.4539795 22535.671875
802.4546509 5754.3466796875
828.4119873 7371.447265625
835.5143433 6245.3374023438
844.4031982 5865.0341796875
845.5130615 7599.7290039063
914.4977417 23947.0703125
915.4926758 9336.923828125
916.5196533 10103.693359375
968.4163208 7104.2358398438
1003.580627 25676.615234375
1004.581909 8477.5615234375
1013.566223 35769.51953125
1014.564331 17516.845703125
1114.614624 9951.1728515625
1126.660522 11351.767578125
1131.633667 18660.80859375
1132.645142 5874.41796875
1143.675049 23972.431640625
1144.681641 44361.984375
1145.680664 22234.771484375
1172.597168 7334.6123046875
1213.679199 26386.287109375
1214.684448 9712.3447265625
1250.602905 6015.466796875
1326.744385 18687.86328125
1454.806641 7206.7158203125
1602.880493 6239.8193359375
1821.789185 19602.380859375
1822.811279 16441.1953125
1823.771606 9252.7509765625
