1707.696351326 2
120.0814133 92481.875
129.0659332 5772.6572265625
129.1020508 13618.2041015625
136.0754242 17963.521484375
138.4962006 5608.970703125
147.1122131 6600.2426757813
162.4979706 5614.3798828125
162.8089752 5832.298828125
165.1024933 75810.78125
169.1341553 28404.900390625
171.0756226 8972.580078125
175.119278 74479.9140625
185.092865 6813.9477539063
186.8564758 6016.876953125
191.1164093 8474.669921875
197.1287231 10673.724609375
199.0705261 10636.1103515625
201.1235504 15792.61328125
203.1211395 39657.02734375
213.0870361 9740.1396484375
215.1384735 7621.9057617188
216.0971069 13827.1708984375
229.1174469 7086.861328125
237.041687 7691.8916015625
242.1493683 7530.6137695313
244.0935364 16230.0654296875
259.9573669 7557.810546875
264.5468445 6482.044921875
266.1477051 7729.8173828125
272.17099 9581.8515625
275.0811768 11959.3212890625
283.1414795 12136.8955078125
284.162384 9668.7314453125
288.2038879 11865.9765625
296.1233521 12717.7509765625
308.1071777 33262.92578125
343.1593933 13313.6337890625
343.8552551 8213.1103515625
359.2387695 9022.9853515625
403.2301941 13692.509765625
409.2683716 8253.6181640625
439.1466675 8863.9833984375
456.2499084 9410.9638671875
528.3141479 8425.1025390625
536.5969849 9009.6787109375
611.3082275 10334.462890625
628.2542725 9315.091796875
630.3954468 12817.603515625
683.3553467 46243.05078125
812.3909302 41787.13671875
832.4945068 12623.7939453125
851.4224854 13059.1240234375
853.3867798 32309.783203125
941.4483032 48130.5234375
942.4489746 30278.568359375
991.5515137 10495.7314453125
1056.472046 52536.53125
1057.473755 17983.40625
1137.521484 17377.43359375
1138.525024 12242.9765625
1185.507446 34000.79296875
1238.201538 11225.609375
1286.554199 40763.56640625
1287.57019 14036.0458984375
1295.584106 39587.50390625
1296.584473 13948.5791015625
1383.564209 34936.76171875
1400.592285 44572.08984375
1401.610474 34809.625
