1339.76961368576 3
101.0714569 63723.37890625
102.0553741 27330.662109375
110.0715714 33737.9140625
112.0873108 27209.4609375
113.071434 26634.86328125
115.0220108 22661.787109375
115.0871429 167798.03125
116.0706558 71408.203125
120.0812378 486992.0625
121.0845184 20586.37109375
127.4326477 18555.607421875
128.1065521 24093.740234375
129.102478 160627.9375
130.08638 79863.1015625
136.0755005 122454.3046875
141.0658875 23693.505859375
143.0814972 101210.125
143.1178589 23444.064453125
147.1126862 128332.5
149.024353 26222.357421875
155.0812378 182202.21875
158.0924377 95195.4453125
171.1130981 33685.578125
173.0927734 76448.78125
173.1284332 184754.5625
175.1191559 381399.96875
176.1236267 28453.58984375
177.1022491 105516.84375
181.0977325 31077.3046875
183.0761108 134260.203125
183.1122284 43265.859375
183.1492157 28938.71875
185.1651611 160776.65625
186.0876007 120204.125
186.1688385 20630.212890625
200.1388245 85796.234375
201.0872498 28167.595703125
201.1240234 70127.9296875
211.1081696 31145.509765625
213.1603699 82854.8203125
218.1482544 52996.125
219.1508331 27596.123046875
225.135788 29130.693359375
226.1173553 31364.966796875
228.134552 187328.4375
229.116806 18660.177734375
240.1345978 37942.6953125
254.1510773 31323.412109375
261.1563721 28358.94140625
268.1390991 83391.3203125
269.125 93713.140625
270.1288452 20412.23046875
283.1446533 28958.892578125
285.1581421 24226.380859375
286.1515808 188830.96875
297.1195984 321762.90625
298.1222534 28909.931640625
299.1708984 94060.4375
303.1772766 164118.296875
315.1289978 161885.90625
326.168396 17933.01171875
341.2182007 70803.8046875
353.2186584 19642.498046875
365.2181091 76318.0234375
382.2087708 105353.9765625
385.2185364 71357.7734375
400.2193604 68231.5078125
402.2461243 490789.28125
403.2470703 148077.109375
405.2114868 20464.009765625
410.2019348 165914.046875
411.2035217 31301.205078125
428.2138367 72382.609375
429.2485657 26865.376953125
430.249176 24860.921875
464.2884216 33464.9140625
478.2624512 82583.3203125
498.2984314 25960.689453125
515.3307495 920720.25
516.3348999 271548.90625
517.3355713 34166.04296875
523.2834473 23563.86328125
544.2901001 43374.60546875
585.3599854 34980.2890625
614.3994141 169748.46875
615.3972778 65177.64453125
638.3200073 21012.0
641.3399048 105630.46875
685.4317627 75552.5625
686.4361572 30444.203125
708.3601685 83499.96875
709.3617554 38791.28515625
726.3741455 28040.109375
799.4797363 33215.19921875
1046.113037 21045.103515625
