966.610002878114 2
67.02380371 6413.9135742188
69.07070923 16187.5732421875
70.06601715 1374444.625
71.0692215 62514.7890625
72.08164215 538468.0625
72.08578491 10738.23828125
73.08508301 30939.85546875
74.06088257 118890.875
75.05596161 7532.7822265625
83.0610199 11075.439453125
84.04522705 107867.3046875
84.0815506 131888.875
86.09718323 1157219.625
87.0559082 34887.45703125
87.07987213 18362.48046875
87.10040283 54260.06640625
88.03995514 31189.478515625
91.05500031 10725.01171875
96.75611115 8025.7158203125
97.04077148 7732.6528320313
100.0763626 8435.2421875
101.0715256 106523.578125
102.0554352 43997.01171875
104.0533371 73041.5
109.8630447 9317.130859375
110.0718384 178100.125
111.0746231 11547.4736328125
112.0875702 19100.5234375
113.0711517 12067.83984375
115.0871429 33944.73046875
116.071228 16611.455078125
120.0812759 232470.8125
121.0843735 8110.0961914063
127.0869446 253270.390625
128.0914764 9459.28515625
129.0661774 17455.779296875
129.1025696 160652.21875
130.065567 10417.1572265625
130.0868073 54358.6796875
130.095932 8719.4365234375
133.043045 18373.076171875
136.0758667 148459.828125
141.1023407 34661.8125
143.0818329 16152.083984375
143.1183777 30235.302734375
144.0656586 9673.5498046875
145.0973969 178139.046875
147.1126251 70665.9375
153.0771332 31076.9453125
155.081665 331752.59375
155.118866 9703.8271484375
156.0855865 15634.986328125
157.0976868 14757.9873046875
157.134079 31153.314453125
158.0926514 61408.375
159.077179 8011.2724609375
159.0908051 9161.44921875
159.1129608 15765.3876953125
167.0818481 17175.158203125
169.0977936 30405.8125
169.1337433 34288.39453125
171.0761719 54416.37890625
172.0716553 12985.3623046875
173.0924377 61063.0078125
173.1290894 127618.015625
175.119278 319590.65625
176.1227875 16182.1416015625
181.0726929 35969.328125
183.1138153 34611.53125
183.1495361 702680.75
184.1530151 69150.7265625
185.0931396 33775.40234375
185.1290283 12344.94140625
185.1651764 493205.375
186.088089 17556.400390625
186.1686554 48614.29296875
187.1083527 59479.76171875
187.1448517 9771.1396484375
195.1129608 11012.939453125
197.1286774 40542.1484375
200.1396027 43040.4140625
201.1230164 109984.9921875
202.1275482 11394.48828125
209.1038666 34591.4609375
211.1443787 315700.09375
212.1468811 38187.03515625
213.1606445 100725.34375
215.1017914 12191.3779296875
215.1391449 9656.3603515625
219.0807953 69381.546875
223.1559906 13576.390625
226.1194458 39412.66015625
228.1340942 12038.8154296875
240.1332397 10773.84765625
242.1147461 8905.92578125
242.1882477 11191.6318359375
247.0753326 52686.546875
249.1601105 44203.61328125
250.1578522 10154.2294921875
251.1499481 16379.1416015625
254.1485443 14902.4169921875
256.1683655 8160.072265625
258.1446838 31883.611328125
260.1975098 17816.015625
268.1672363 13074.8271484375
270.1799622 8454.3544921875
271.1398315 36402.11328125
274.1873169 40101.34765625
277.1568298 9804.591796875
284.1631165 13814.892578125
288.1192932 17665.8046875
295.1504211 15486.99609375
300.1923218 26887.265625
303.1755676 9991.9814453125
309.156311 39300.40625
310.2132874 39130.70703125
314.1815796 31795.578125
322.1881409 13772.09375
325.188385 37643.95703125
327.1659851 38337.8359375
331.209137 39164.2578125
340.2989807 9053.89453125
350.223877 41288.796875
359.2384949 11338.5224609375
362.1021423 31940.4765625
369.2206421 12359.2939453125
377.7328186 184069.71875
378.2356567 129190.1484375
378.7339478 16939.87890625
382.2114563 8659.998046875
391.2024536 16853.703125
394.2494202 9324.375
399.746582 12354.5341796875
411.1972046 11455.3115234375
412.2571411 12885.0224609375
416.2639771 31824.294921875
422.2422485 60957.9765625
425.7496948 13732.88671875
428.2273254 61237.7890625
429.2294312 10316.208984375
440.2499695 15195.9912109375
445.252655 215876.59375
446.2559204 42703.296875
466.2400208 10397.298828125
468.2928772 33640.5703125
492.2949219 16175.8896484375
515.3295288 40778.09375
516.2653809 70958.8984375
525.3392334 10029.626953125
527.2949829 17062.482421875
544.3209839 620261.875
545.3231812 209432.859375
546.3260498 32493.517578125
555.3226318 51562.28515625
595.2835693 10639.4990234375
602.3889771 11828.013671875
614.3944702 29239.107421875
619.2294922 9534.6318359375
629.3496704 35858.76171875
657.40448 330880.8125
658.4073486 132815.28125
659.4072876 10047.080078125
668.406189 47938.15234375
699.439209 87314.4609375
700.4425659 15289.5546875
701.4259033 48917.07421875
713.4320068 9995.5458984375
737.4189453 18470.20703125
754.4562988 346805.53125
755.461792 194121.0625
756.4557495 43100.02734375
767.4555054 9059.7626953125
814.4281006 31377.533203125
815.428772 31578.6484375
