2794.28962291671 3
197.1280212 10744.103515625
199.107605 7816.8510742188
200.1391144 7641.91796875
201.0862885 6815.5971679688
201.1232147 5616.6220703125
211.1445007 10659.2998046875
215.1390076 10262.849609375
223.3921814 4586.4873046875
226.1192474 10292.287109375
227.1013336 7519.3813476563
228.1354065 10192.4423828125
230.0769806 8002.9091796875
230.113327 5202.6015625
238.1192474 5406.4697265625
240.1357269 5475.0249023438
243.1320648 6939.3413085938
244.092804 8970.5859375
255.1090851 6416.0639648438
256.1305237 5336.1484375
257.803894 5427.4692382813
258.1089172 11019.041015625
258.1478271 4439.3041992188
260.1260986 6703.736328125
266.0762939 5993.828125
273.1189575 10856.7763671875
282.1112061 5844.0083007813
283.1027832 10942.328125
284.1266174 5246.7744140625
286.1381531 5157.7685546875
298.13974 7474.8188476563
298.1774902 8552.689453125
300.1300354 25888.828125
313.1529236 6381.3310546875
314.1367188 8104.4731445313
327.1261292 5615.8735351563
327.2041931 5891.8559570313
337.1482239 8037.1782226563
340.1253662 7881.5375976563
341.109314 6233.3286132813
359.1546631 8330.4833984375
360.1211548 6916.3188476563
371.1952209 10576.2060546875
385.213501 5928.7758789063
412.1481934 23616.4296875
416.2053223 7908.8842773438
464.2337646 9844.8740234375
473.2872009 13687.525390625
485.2727051 50607.59765625
498.2240601 7268.6591796875
499.2347107 8006.9208984375
502.1920166 17920.1796875
515.2522583 8232.7685546875
518.2700195 7338.1904296875
525.2275391 11426.66015625
543.2400513 26209.0546875
544.3226318 21875.53515625
545.2445068 7651.5805664063
545.3273315 7439.4931640625
628.3313599 9530.8505859375
631.3508301 56843.3671875
632.355835 12494.376953125
635.2578735 12519.2333984375
656.3344727 7276.0498046875
660.2606201 21389.96484375
729.3209839 6237.8530273438
732.3994141 149368.28125
733.4069824 66185.1640625
734.4109497 10912.8837890625
773.3461914 12100.322265625
774.3510742 8983.84375
785.8737183 7379.9594726563
830.4120483 22143.279296875
831.4731445 88311.5546875
832.4729614 34908.17578125
845.3554077 7720.0732421875
860.3518066 8223.3505859375
927.4619141 74181.4765625
928.4678345 40785.4609375
933.4976196 7258.0888671875
934.4899292 10639.2578125
953.447876 8068.1123046875
978.5356445 63385.58203125
979.5437012 31409.3203125
1015.470337 8030.2021484375
1030.496094 8052.8032226563
1093.565674 60684.96875
1094.571899 41240.8359375
1095.572754 11761.0966796875
1106.788818 7146.146484375
1143.540771 8551.1259765625
1161.451294 27872.310546875
1162.471558 12438.3896484375
1164.534302 28068.572265625
1224.599976 23145.91015625
1225.609009 10472.279296875
1236.61499 9079.2783203125
1237.600464 13229.7158203125
1290.640381 8742.8662109375
1315.577271 28578.990234375
1316.595825 8547.8388671875
1337.643677 22683.94921875
1338.681885 21079.6875
1394.574585 9925.560546875
1432.700684 9037.5458984375
1438.729858 24744.6328125
1439.698853 36385.2421875
1440.700317 11720.130859375
1462.721802 9037.45703125
1479.723755 27857.271484375
1480.70813 28256.13671875
1482.737793 9799.6435546875
