1798.91562508698 2
127.086647 1653.51171875
129.1020203 10610.3212890625
130.0656281 2325.5124511719
130.0859528 1873.2788085938
132.0806122 1564.6624755859
133.042984 2787.4287109375
136.0755615 8716.3671875
137.079895 1599.2490234375
141.102478 1652.3277587891
143.1177368 2942.3549804688
147.1124115 4580.8715820313
155.0817719 2418.3894042969
155.117157 1886.2362060547
157.0975494 3030.08984375
158.0922394 2889.5317382813
159.0777893 2456.0012207031
159.0914764 8145.3315429688
167.0812073 2275.1760253906
169.097168 3124.66796875
169.1328583 4861.7861328125
171.0762329 1583.1674804688
171.1127625 3838.1501464844
172.0724792 1686.5792236328
173.0915222 1831.6791992188
175.1196899 16594.1640625
183.1134186 4351.2568359375
183.1491852 12536.6572265625
185.09198 2226.1208496094
185.1282959 1928.0421142578
187.1087494 1694.7596435547
189.0877686 3017.8173828125
197.1283875 4530.6435546875
199.1071472 2405.5034179688
200.1390533 3879.3359375
201.1237488 16150.501953125
211.1443176 3682.3493652344
213.0864105 8164.5600585938
213.1592712 1687.9924316406
217.0816956 7486.1328125
226.1195221 2533.5434570313
227.1027527 4375.9536132813
228.1345978 14125.1240234375
229.1177216 3596.2570800781
233.1645813 18756.939453125
235.1088867 1708.4489746094
240.0992279 2075.9802246094
240.134613 3128.3371582031
242.150116 1969.0657958984
244.0931396 3441.8427734375
246.1232147 2661.5668945313
259.090332 2124.3908691406
261.1594849 12601.4150390625
262.1643677 2873.33203125
274.1196289 5081.7451171875
282.1817627 3719.1403808594
285.1532288 1963.4528808594
288.20224 3726.0756835938
297.156311 2262.56640625
298.1758118 2366.3334960938
326.1721802 3859.2580566406
330.1817627 2792.2099609375
340.1879883 10240.9013671875
349.1918335 1871.794921875
355.0775452 2015.9379882813
356.1931458 3031.150390625
358.1603394 1869.8637695313
427.5470276 2441.0698242188
434.206665 2397.6560058594
439.256073 8398.755859375
469.2790833 5011.5205078125
538.2711182 2893.70703125
638.3153076 2557.56640625
674.3529663 9177.880859375
676.3779297 3421.6364746094
723.7307739 2341.392578125
771.7242432 3287.7561035156
835.4196777 11798.544921875
836.4104004 2810.8596191406
855.5474854 7841.796875
856.5431519 11184.888671875
857.5527954 3602.8081054688
881.5197754 4055.0383300781
882.5283813 4625.9116210938
886.4390259 9812.1904296875
898.5514526 51951.6328125
899.5513916 60794.0625
900.5498657 17739.88671875
931.4162598 2980.1484375
964.4586792 9328.5185546875
965.484314 2962.0212402344
1019.534241 19779.85546875
1020.540527 11841.16796875
1021.539001 4594.73046875
1051.527954 2748.3884277344
1088.585083 2915.6435546875
1111.529175 13724.078125
1112.528076 4620.1044921875
1176.551392 2678.9125976563
1198.547119 15074.4111328125
1199.55835 12566.2412109375
1200.574951 8255.8896484375
1311.619507 3835.2014160156
1368.658447 4859.9111328125
1369.655273 3815.9838867188
1425.691406 23469.265625
1426.680908 14683.0517578125
1538.761963 3238.2397460938
1570.838989 4887.8212890625
1571.873291 7391.2719726563
