1429.76285193489 3
101.0718155 98263.171875
102.0560379 24337.923828125
110.0715714 27618.6875
129.0668182 32417.03125
129.1024323 327324.9375
129.7654266 24181.451171875
130.0865021 108354.25
142.1225433 120756.5625
143.11763 37585.26171875
147.1130829 137809.984375
152.1075592 40744.34375
175.1191101 92981.90625
185.979126 23689.482421875
185.9973907 23432.19921875
187.1450348 83767.15625
203.1029053 34754.5859375
239.1501465 50133.3984375
240.0991211 27821.337890625
240.1334686 55411.37109375
242.1506805 48722.19921875
244.1659851 97983.1328125
257.1608887 50335.45703125
258.1455994 46124.953125
275.1704712 37989.53125
476.7713623 223810.078125
477.2724609 167838.28125
477.7693176 117502.8515625
535.2891235 27477.83984375
644.3691406 35590.01953125
658.8416748 45969.05078125
684.3660278 28996.107421875
781.998291 27127.16796875
830.4318237 116081.4140625
958.5279541 50861.5078125
1292.835815 27771.931640625
