2600.19140527945 2
181.097229 12837.6572265625
201.3003845 7695.3857421875
217.0818634 51858.1640625
218.7165375 8387.6474609375
239.1489105 9898.216796875
240.1335144 14931.83984375
245.0759277 9839.0
251.1501465 9055.90625
257.1614685 15997.4521484375
258.1444397 58801.95703125
275.1037292 8794.205078125
275.1705933 19730.69140625
292.1297607 42042.4140625
346.1245728 76977.0390625
387.1659546 12046.009765625
403.1989441 18914.12890625
414.1864014 12258.498046875
438.2341614 87113.515625
439.2381897 39290.44140625
447.1867065 13583.083984375
459.2229004 9300.6474609375
493.1948242 46959.171875
551.319397 16498.0703125
603.2441406 13028.548828125
621.2476196 16293.876953125
695.3790283 12917.267578125
734.34198 17883.50390625
735.3410645 15772.544921875
752.3936768 48487.546875
753.3920288 16429.53125
826.3799438 14462.130859375
843.40802 20796.068359375
844.3977661 12191.52734375
853.3842773 11943.0556640625
871.3972778 43959.46484375
872.3959961 14140.5966796875
899.4641113 21430.306640625
972.4472046 38542.23046875
1086.47998 17869.06640625
1185.555176 36205.96484375
1186.564697 53865.9921875
1187.575317 41192.81640625
1193.569824 16108.6396484375
1292.587769 13686.4619140625
1299.601074 17456.443359375
1300.630371 42190.6875
1301.62085 58086.02734375
1356.977173 11684.0224609375
1397.589478 15598.7119140625
1414.626953 20633.84765625
1415.628052 58251.046875
1416.661255 12428.857421875
1629.764038 18227.318359375
1701.73877 16672.09375
1729.812744 33869.01171875
1730.813477 15324.3271484375
1848.877319 13387.8955078125
1866.828979 15794.83203125
1867.851563 21363.921875
2050.896729 12531.802734375
