2136.89946703163 2
147.1132507 10125.853515625
154.0500031 14077.642578125
175.1190643 167780.984375
176.1211243 12498.7880859375
181.0607605 22808.806640625
183.9021759 12177.654296875
189.086792 84059.2265625
199.071167 18711.66796875
209.0551605 11988.3447265625
217.0821533 81616.5078125
226.0823212 55157.23046875
227.0662842 84873.75
240.0995331 18667.892578125
244.0926514 211724.8125
252.0982971 15111.7080078125
258.1071167 13434.572265625
258.1452332 18619.228515625
261.1203918 26967.060546875
268.0927124 17442.982421875
270.1085205 16668.080078125
270.7840881 12724.6591796875
287.1367493 21131.234375
298.1041565 17454.63671875
304.1625061 78384.4296875
315.1298523 23261.9296875
327.1289673 19528.140625
345.1411438 62655.90234375
354.1406555 60520.32421875
355.1248474 161542.546875
372.1521606 65433.27734375
381.143158 24492.43359375
418.1755066 30232.1015625
424.1470947 15938.4541015625
426.164917 60818.58984375
435.2041931 159582.0625
436.2051697 25293.650390625
442.1577759 49208.2578125
443.1365662 15021.2734375
460.1699829 64164.9296875
477.1947327 29066.1171875
496.165802 20108.154296875
513.1942749 18585.849609375
543.2019043 15617.0576171875
548.2857056 238209.0
549.2908936 60594.15234375
550.2909546 19942.98046875
553.1918945 20307.86328125
555.2091064 15716.904296875
571.2022705 24296.84375
625.2213135 18350.498046875
641.256897 26472.19921875
647.3543701 126577.1015625
659.2671509 28615.6953125
718.3908081 76824.5859375
719.4002075 26973.55078125
805.4249268 308703.0625
806.4265137 121357.7265625
849.3110352 16073.4072265625
920.4523926 139040.296875
921.4578857 74649.578125
1049.473877 44090.1796875
1050.498047 22606.650390625
1068.501465 30558.837890625
1106.517212 338651.96875
1107.519287 218983.859375
1108.516357 60344.6953125
1217.552002 30714.408203125
1235.55188 138897.109375
1236.557129 112148.0390625
1237.549438 46286.25
1332.582275 25123.81640625
1333.587769 33149.828125
1349.608643 311356.6875
1350.613037 177225.515625
1351.607666 68401.8984375
1460.636108 66156.171875
1461.632568 90688.7265625
1462.644531 27177.748046875
1478.650391 207733.984375
1479.648438 148365.484375
1480.65564 73260.953125
1481.633179 19766.82421875
1533.664551 27589.16796875
1549.678345 215236.546875
1550.690308 207807.03125
1551.681152 76175.8984375
1644.724365 23136.625
1660.717285 60129.453125
1661.691406 32372.021484375
1685.622925 21109.580078125
1793.761108 56401.09765625
