933.523839491514 2
69.07064056 48522.6640625
70.065979 804888.8125
72.08141327 266314.59375
74.06092072 33326.61328125
75.05604553 144952.515625
84.04484558 60741.13671875
84.08164978 261875.875
86.09712982 2717919.75
87.10031128 67894.03125
104.0534058 156972.0
110.0721283 37642.74609375
120.0811081 3425191.25
121.0843964 260243.71875
122.3424835 38537.9296875
124.41996 36963.703125
129.1022034 330997.8125
130.0867157 162657.46875
131.1182098 65973.96875
133.0439911 36392.9453125
136.0758514 1091492.75
137.0792084 77248.7109375
143.118042 1412323.375
144.1210785 50553.63671875
147.1127167 325265.375
157.133667 43067.25
159.0920105 57027.19921875
169.1332397 384203.90625
171.1126251 342338.875
175.1191864 47342.8828125
177.1027832 329880.875
183.113266 42995.2890625
183.1494141 54532.88671875
191.1184998 54592.6875
195.0879669 82712.8359375
197.1285706 423141.4375
199.1821899 51351.7265625
201.1233521 85569.71875
205.0971222 52299.92578125
216.1347198 84006.703125
217.1342926 173680.859375
219.1133881 45217.49609375
228.1351013 81214.625
234.1234436 59692.54296875
234.1448059 88467.421875
235.1076813 74216.875
245.129715 153323.875
246.1267548 44440.6171875
248.1612396 87022.59375
249.1605835 243750.375
260.1978149 79989.9609375
262.1195984 76929.0546875
263.1013489 85329.8125
263.1487732 51469.96875
263.1758118 48047.125
273.1618042 56206.109375
274.1227112 181240.0625
286.1385803 54478.640625
289.1318054 61191.859375
290.1170959 49709.90234375
307.1435852 655437.8125
308.1455688 88664.21875
308.6783447 389369.125
309.1792603 174814.296875
310.2129822 237242.34375
329.2224731 37213.13671875
334.1402893 74767.9609375
344.200531 40115.4609375
349.3704224 37288.2734375
357.1739807 62035.07421875
409.1887512 47064.12890625
420.2273865 452944.03125
421.2312622 73139.5078125
426.7776184 43221.63671875
470.2487183 65402.91796875
496.2161865 71128.546875
502.0281372 41764.828125
519.2966309 143911.484375
520.2958984 59853.20703125
545.326355 67334.390625
564.293396 47009.4453125
591.2861938 39342.95703125
614.3994141 68042.03125
616.3543701 499272.53125
617.3529053 196392.71875
657.3399658 48018.50390625
730.4598999 44628.2421875
764.4053345 51500.79296875
850.3417358 47683.63671875
911.7351074 41724.69921875
