1286.51973213409 2
91.0550766 14055.2490234375
98.29879761 9146.931640625
101.0716095 52450.2578125
102.0555649 142438.609375
103.054985 17000.748046875
104.0533981 45481.546875
107.7655411 11140.529296875
110.0719299 62169.33984375
111.0554657 11140.7353515625
115.0868378 17811.439453125
116.0166168 16800.251953125
119.0494308 23738.125
120.0810699 269564.46875
120.0895691 11896.712890625
121.0844955 13446.9619140625
124.0874557 20188.75
125.0710983 96063.53125
129.0661469 485178.59375
129.102478 311264.40625
130.0667572 14369.9814453125
130.0863953 135151.578125
132.0809784 14810.2421875
133.0432587 46631.05078125
134.5645752 9416.81640625
136.075943 213139.78125
137.0798492 15552.150390625
139.0868225 18179.513671875
141.103241 12171.185546875
143.0819244 10867.17578125
143.118103 14623.01953125
147.0765839 141213.703125
147.1129456 220772.46875
148.1163177 12027.2587890625
153.0656738 11648.7666015625
153.1021881 16769.171875
155.081665 25085.263671875
155.1179047 11464.8369140625
156.0868073 10229.2490234375
157.0612183 39518.2578125
157.0973663 91729.84375
157.1336517 43206.1796875
158.0923157 16181.9404296875
159.0916901 214544.375
159.1130981 60044.75
160.0950623 17797.783203125
162.0410309 9044.4658203125
167.0814362 18047.814453125
169.133728 137062.078125
171.076828 16241.5
171.1138611 12199.2314453125
173.0928955 49228.43359375
173.1286011 38643.296875
175.1189728 86233.8671875
177.101944 11182.9248046875
181.0606842 114139.9921875
183.1132355 41088.08203125
185.0923157 63098.66796875
185.1288147 23858.787109375
185.1654663 88404.0078125
186.0874939 11833.3046875
187.1078339 56559.765625
197.1285553 48784.6484375
198.0872345 10559.462890625
199.0711823 102002.7421875
199.1807251 42289.2578125
200.1394043 14499.5009765625
201.0879669 12254.73828125
201.1060486 17631.169921875
201.1236572 59880.0234375
213.1604309 17346.0546875
215.1403046 14088.5166015625
219.1139984 12125.2607421875
221.7207794 10274.208984375
224.103363 39847.046875
225.1057129 9485.5615234375
226.1187897 12170.037109375
227.0478058 13073.12109375
227.1755981 11278.9326171875
228.1345367 23257.748046875
229.1179657 33243.68359375
233.0932007 13076.4384765625
240.0980377 44082.01171875
240.1341553 25201.529296875
242.1511536 14434.203125
244.0745697 121141.3828125
245.0779266 18906.14453125
249.1610413 16679.7734375
254.1506805 17616.951171875
255.0439301 20946.896484375
255.1461182 11145.158203125
256.1441345 197028.46875
262.0854492 24973.56640625
268.0924072 93335.65625
272.0701904 149120.421875
272.1231079 12768.91015625
273.0497742 15186.2939453125
273.076416 12266.28125
276.1712952 22490.580078125
284.1394043 257723.296875
285.1425171 24271.0078125
286.1037598 44560.203125
290.0823364 79229.4296875
290.1315613 19841.732421875
294.1815186 413801.21875
295.1846619 64674.76953125
298.177002 15802.53515625
314.1730957 10282.5205078125
316.0984802 12566.904296875
318.1280823 14580.314453125
319.1391907 14682.314453125
334.1054688 46557.5859375
341.0914001 15332.849609375
359.1023254 18770.529296875
371.1712646 72649.125
385.2078247 11541.248046875
388.2535706 15120.55078125
409.2095642 47028.70703125
415.1789551 35075.43359375
453.1768188 16318.2451171875
455.7085571 50830.76953125
456.2119446 22632.083984375
478.2304688 17629.359375
496.1738586 14597.8662109375
496.2401428 232220.09375
497.2416077 24031.654296875
505.2155762 16568.955078125
609.2693481 23652.5234375
617.2417603 96879.9296875
618.2327881 15506.7197265625
627.2826538 230887.28125
628.2865601 69618.1171875
629.2836304 18603.166015625
644.4008789 20240.013671875
673.3214111 21512.33984375
686.2559814 12316.6552734375
704.2682495 14476.8681640625
716.3707886 14114.9677734375
764.3143311 13943.4951171875
788.4220581 12496.6123046875
790.4019775 11573.337890625
799.4420776 14133.0791015625
802.3554077 13340.0625
803.3780518 13513.19921875
813.362854 142850.71875
814.3585205 51933.01171875
910.4116821 165708.5
911.4130859 83145.921875
916.4564819 15455.5341796875
988.5181885 15079.91796875
997.446228 90841.5390625
998.440918 16959.4609375
1087.523926 50730.95703125
1088.540161 48716.453125
1089.527222 13746.33203125
