1501.64302341024 2
119.0504761 14887.763671875
120.0812225 1152848.0
121.084877 93624.53125
123.205719 11739.1796875
125.1021957 10628.3857421875
125.6633072 10486.4990234375
126.055481 16815.099609375
129.0660095 20943.87109375
129.1026917 93356.5390625
129.4976959 13117.8828125
130.0867462 14734.958984375
136.0757751 250347.0625
138.0551605 16331.517578125
145.0977936 12273.9482421875
147.0773773 15429.8173828125
147.1127777 60504.78125
154.0983124 12855.4619140625
155.0808411 14711.240234375
157.0609436 24012.921875
166.0870361 15020.486328125
173.0919189 12473.5830078125
175.0709686 18021.001953125
181.0625763 12072.0771484375
183.0774994 21020.98828125
185.0919495 21032.75390625
195.076416 14206.7177734375
207.1132507 16082.7060546875
213.0874786 64615.66796875
235.1099854 14021.7353515625
240.135376 16620.62890625
241.0814514 70126.75
244.09198 12494.3232421875
259.0924683 54374.44921875
265.1166382 17907.759765625
270.1076355 13858.099609375
275.1023865 17098.1171875
277.1178894 42280.48046875
283.1446838 107747.390625
293.1142273 13532.4873046875
304.129425 418439.0625
305.1323853 67761.234375
311.1368103 19178.35546875
312.1188354 24524.23046875
319.1960449 26574.365234375
322.1402893 117564.25
323.1423035 14588.2216796875
354.3546753 13546.04296875
362.128479 14186.953125
396.1536865 27079.01953125
440.1791077 15979.505859375
442.1586304 79457.375
448.2396545 22413.220703125
457.2033386 12682.4609375
459.1813354 14999.2294921875
509.2264404 91440.78125
509.7285156 64830.41015625
510.2363586 18706.259765625
559.2732544 45300.91796875
567.1642456 13516.388671875
570.2147827 14110.5087890625
576.2938843 82049.4375
577.3071289 19293.01953125
656.2955322 13592.46484375
681.2346802 12707.3251953125
699.2566528 45213.91015625
734.2888794 20117.33984375
748.3492432 14312.5546875
750.3936157 52613.46484375
751.4055786 95756.2265625
752.395874 14505.025390625
762.6481934 14002.2451171875
805.3672485 139205.3125
806.3654785 61149.1328125
871.3346558 16395.494140625
920.3983765 94094.9453125
921.3902588 61182.75390625
999.4329224 25031.541015625
1000.428101 19894.017578125
1017.44873 307137.5625
1018.45282 186771.421875
1019.443176 42388.32421875
1180.493042 15123.8125
1514.68457 13407.7978515625
