2028.12351495577 3
139.9887543 11977.2314453125
143.1179657 25943.94140625
147.1131897 19190.361328125
153.6724091 14611.22265625
159.0901031 17810.802734375
175.1195374 22273.7265625
177.3248749 13155.462890625
180.3001251 14696.4189453125
183.2753906 16399.2421875
185.1280518 22227.814453125
199.1805878 25124.212890625
200.1396179 16836.56640625
201.0870361 16622.234375
201.1245575 20049.2890625
205.6962891 16770.48828125
211.1091003 22818.9296875
223.2645569 17009.8203125
229.1176758 18411.443359375
240.1339722 21020.712890625
243.1331635 17194.6015625
255.5717773 19274.37890625
317.1074829 26394.384765625
347.1902771 42684.76171875
349.2095337 19553.353515625
371.2261047 27320.154296875
394.4785461 20348.25390625
428.4593506 22344.580078125
460.2790222 124334.8984375
484.3164063 26711.880859375
498.3415833 28854.9375
525.2692871 31228.98046875
559.3459473 42577.765625
677.317627 23862.599609375
688.387085 38614.0078125
765.3848877 29276.818359375
783.3935547 31573.205078125
800.413269 224586.265625
801.4178467 42872.22265625
885.5067749 39126.6328125
913.4854126 160787.5625
914.5042725 93593.6328125
915.5089111 141255.5
916.5323486 30244.859375
1002.544495 193804.625
1003.548157 110580.359375
1004.550354 30556.048828125
1075.648071 29636.79296875
1855.788696 36360.21875
