1654.90434079633 2
115.0865479 9440.57421875
116.0703659 6153.3583984375
120.0810242 62388.23046875
121.0843277 4434.208984375
127.0868225 6778.1840820313
129.0658112 5453.6186523438
129.102478 78851.671875
130.0859222 10662.7431640625
133.0427094 8825.5673828125
136.0756531 57417.21875
145.0973053 7992.7856445313
147.1125031 27025.83203125
153.1008911 7317.8891601563
155.0809326 7076.134765625
157.0970459 14934.9873046875
157.133316 16643.13671875
158.092392 6817.4013671875
159.0756836 7941.3959960938
159.0915375 7576.7275390625
163.0875854 6520.3129882813
169.0964355 5636.8862304688
171.1126404 16627.451171875
173.0918274 27565.447265625
173.12854 143480.671875
174.1319122 11005.5634765625
175.1192474 57832.5859375
181.0971375 9697.994140625
183.1128082 8224.3447265625
185.1283417 40324.03515625
185.164505 11003.7841796875
186.089386 6212.6010742188
188.1062469 5646.4340820313
189.1235504 8481.548828125
191.0809326 9914.8203125
195.0762482 6229.2568359375
197.1291962 8587.0458984375
199.1075134 32583.119140625
199.1802521 10255.84765625
200.1393433 8453.8720703125
201.1233368 69629.7890625
201.2450256 4984.4584960938
202.1278687 5176.6948242188
213.0875549 15993.7666015625
213.1593628 11249.3271484375
214.1177216 7032.05859375
215.1387939 8046.9536132813
226.1540375 9116.35546875
227.1028748 87072.1015625
227.1744537 8951.158203125
228.1354218 13162.591796875
229.118866 11271.7890625
230.1129608 10949.0048828125
237.1226196 7294.5068359375
238.1201172 8422.5498046875
241.0817261 8016.1284179688
242.1509247 10199.173828125
243.1345825 7929.5239257813
244.1659698 15809.6611328125
245.1291046 5311.2934570313
258.1429138 6089.1577148438
260.1978455 9542.4580078125
261.1604309 6814.1962890625
272.1719666 153574.671875
273.1745911 29819.771484375
276.0656128 25617.62890625
284.1213074 5533.345703125
284.1609497 7641.216796875
286.1768494 7308.7333984375
302.1722717 7722.3666992188
304.1633301 23677.841796875
310.1392517 15337.7568359375
331.2338257 12917.1953125
334.1798401 7093.9829101563
340.1879272 53483.44140625
346.1441956 7521.7309570313
355.1979675 10530.861328125
417.1905823 8801.7998046875
419.1610413 11941.6806640625
467.315094 7447.2802734375
484.2205811 7619.212890625
494.2988892 44238.24609375
545.2946167 46021.5859375
546.2987671 15695.451171875
547.2955933 10243.3857421875
561.2487183 36596.81640625
590.2859497 8411.7548828125
593.3677368 14550.3232421875
616.3427734 7867.5297851563
683.3399048 8691.68359375
687.3815308 14589.7021484375
688.3828125 8846.7646484375
773.395813 11123.333984375
783.4674072 12802.3544921875
788.4245605 74121.1640625
789.4320068 11014.244140625
807.4633789 28155.30859375
826.4630737 10516.6669921875
827.4856567 31112.064453125
853.4406738 14850.3134765625
868.4557495 8752.048828125
899.4613037 9155.8916015625
917.4708252 74642.59375
918.473938 36026.875
919.47229 10877.7265625
938.4998169 33866.52734375
948.4154663 9781.5458984375
959.4736328 13773.1533203125
1009.537231 12238.5546875
1030.561401 68298.3203125
1031.555542 30383.13671875
1032.548828 11880.02734375
1110.585571 46144.77734375
1111.580444 34069.125
1143.631104 50562.734375
1144.635742 38149.23828125
1203.578491 15846.671875
1272.68689 15109.478515625
1300.536133 9910.2353515625
1310.718994 31128.759765625
1311.704468 11660.63671875
1312.710327 25573.125
1369.730713 39922.23046875
1370.74707 16458.791015625
1371.739136 14918.99609375
