1223.635124 2
86.09225464 62875.80859375
86.09722137 1271798.625
88.04051208 76183.6171875
91.05496216 72059.40625
92.03399658 84401.0
92.41497803 53725.58984375
102.0553818 133519.96875
103.0542984 58643.3984375
104.0533142 59066.859375
110.0717545 107987.5625
120.0812073 913782.3125
121.0848999 60116.69140625
125.8789673 50728.5546875
127.0506439 74822.375
127.0867767 209729.8125
129.1024017 539716.8125
130.065155 103739.828125
130.0865479 285113.4375
133.0433502 82539.6484375
136.0760956 770340.1875
143.1180573 293072.53125
144.1221466 60403.52734375
147.1125641 484877.15625
155.0817566 318525.375
158.0926666 94024.1640625
159.0915833 135033.546875
169.1340027 410179.84375
171.1134338 82319.0703125
173.1287842 124978.984375
175.1193237 393785.875
176.9542236 61097.00390625
178.0657043 56299.5546875
183.0770264 119089.3203125
185.1645355 107938.46875
186.0909576 89472.5859375
187.0712433 92570.71875
191.081665 118498.4140625
197.1289215 235819.671875
199.1810455 227116.109375
201.1236267 63519.109375
201.5446167 59110.73046875
204.1346588 333508.84375
211.1448059 62658.34765625
212.1035004 326491.84375
213.1603699 271539.6875
226.1552124 114368.953125
227.1754303 91817.25
231.1130066 317741.0
240.0980988 995420.875
240.1343536 71514.3203125
246.1277008 638090.1875
249.1231995 324753.125
254.1493073 133583.171875
259.1075134 259316.078125
260.197052 281738.90625
274.1222839 67340.46875
279.1357727 100444.9609375
287.055542 226531.6875
288.2052612 97683.4609375
296.1986694 69045.5625
311.1716919 449953.03125
328.1888428 60332.72265625
339.1665039 131665.5
354.1432495 88814.71875
367.1980286 345693.3125
437.1371155 72812.6171875
482.2211914 283435.15625
484.2542114 76912.84375
512.2470093 66898.5546875
570.3309326 111537.34375
595.3081665 358284.71875
596.3128052 75432.1171875
603.2009888 70968.828125
613.3320923 86646.2890625
618.342041 137902.03125
651.3147583 99934.5859375
694.3702393 306053.96875
695.3833618 96885.28125
721.3702393 64609.625
764.3916016 87141.1640625
787.4021606 299142.34375
788.4442139 369376.65625
789.4498291 104390.3671875
793.4298706 90627.046875
852.3990479 237662.515625
900.4876099 98426.109375
950.4764404 288090.28125
1052.523315 91291.3125
