1245.68557410777 3
87.05592346 23323.892578125
87.10029602 22723.923828125
88.03990173 12311.986328125
91.05491638 5567.5434570313
97.06504822 2142.7866210938
98.06069946 8711.07421875
99.05574799 27926.84375
101.0350113 8838.404296875
101.0715179 14346.1171875
101.1076508 4394.091796875
102.0555954 25690.662109375
103.0542755 3419.6127929688
104.05336 108587.84375
105.0565338 2168.5651855469
107.0494766 2373.9035644531
109.0653381 2164.6672363281
110.0718002 13277.3779296875
111.0812073 2248.4055175781
112.0875473 3128.9152832031
115.0508194 3402.8723144531
115.0873566 5136.580078125
116.0709 24235.8359375
117.0662231 29188.97265625
117.0737762 2627.5104980469
119.085762 14894.529296875
120.0810852 145862.96875
121.0844421 9891.3779296875
123.0810776 2776.3056640625
123.1164932 2617.3601074219
127.0503311 27240.744140625
127.0870209 4115.556640625
129.0662079 2318.5612792969
129.1024628 182369.34375
130.0506134 3681.7912597656
130.0653687 4387.0502929688
130.0866089 41333.12890625
130.0969086 4029.630859375
130.105957 8217.4130859375
132.0809937 3426.9685058594
132.1016388 3408.2875976563
136.0758972 21597.171875
139.0761108 2318.5817871094
140.1436157 3834.9643554688
141.1020966 3920.1662597656
142.0862579 2479.1965332031
143.0814667 9151.4931640625
143.1178741 9550.001953125
145.0611572 21741.17578125
147.112793 85515.1953125
149.0965271 2536.2795410156
155.0452118 4747.9018554688
155.0813904 4785.6918945313
157.096756 16719.818359375
157.133728 10522.7041015625
158.0933228 13181.27734375
159.0914459 18588.5625
161.0930328 11065.029296875
165.055069 4647.2719726563
169.0858002 3886.57421875
169.1336823 9068.6611328125
170.0607758 4047.5334472656
170.0926056 3692.8820800781
171.076355 10866.8564453125
171.1129456 10639.7783203125
172.0713806 16105.8056640625
172.1152039 12339.93359375
175.1192322 82805.125
182.0816956 8467.1064453125
183.1128387 17394.115234375
185.0564728 4454.869140625
185.1291504 7651.8422851563
185.164978 56398.05078125
186.1682587 3350.6208496094
187.0901489 4806.3212890625
187.1077118 55375.31640625
191.3622894 2333.14453125
197.1288452 5289.7329101563
199.1805573 42030.68359375
200.1390381 3946.7067871094
200.1848602 4173.0654296875
201.1236725 14458.1748046875
208.108078 2545.0756835938
209.0923004 15574.1416015625
213.1259766 2609.9680175781
213.1598816 37460.71875
214.1633759 4172.830078125
215.1029205 27881.046875
215.1372528 2838.4494628906
217.1368866 51662.140625
226.1184998 38228.58984375
227.1217804 4391.828125
227.1751862 22736.4921875
228.1347961 12782.4111328125
228.1764832 2269.7880859375
229.118927 10458.1982421875
229.1554718 4578.6567382813
230.1289978 3557.6066894531
231.1134491 3357.796875
233.164978 30861.087890625
235.1088104 4566.4858398438
240.1358185 3021.7585449219
240.1703949 3145.8903808594
242.0774384 51789.75390625
242.1492462 2867.7761230469
242.18573 2950.4555664063
243.0812988 3307.0051269531
244.1298218 20244.173828125
245.1324921 35914.88671875
247.1074982 4772.6313476563
253.2280731 3330.7724609375
255.1463013 4237.6708984375
256.1286621 2618.8666992188
258.1214905 6150.8442382813
260.0875854 63117.3828125
260.1966858 20054.8984375
261.0905457 3443.7160644531
261.1573181 59999.13671875
262.1602783 4676.4702148438
267.1487427 18429.30078125
270.1816101 5333.2651367188
271.1404724 13516.962890625
271.1774292 12203.212890625
272.1251831 3919.6335449219
272.174469 3700.5009765625
274.1185913 10273.021484375
282.153717 3257.4309082031
283.1403503 40503.14453125
285.1329041 6988.2934570313
288.2027283 52257.70703125
289.2064209 4032.3862304688
290.1454163 16864.791015625
291.1558533 2692.9814453125
294.181427 2958.9812011719
295.1434326 17677.43359375
296.1995239 2586.8708496094
300.1193237 3481.1997070313
301.1508789 11927.5009765625
302.1349792 11525.9541015625
313.1501465 14220.451171875
318.1773071 115854.796875
319.1795349 13831.2587890625
324.1993713 2416.5231933594
326.2442322 3247.2873535156
327.1651001 2911.1977539063
328.150238 12244.392578125
328.1873779 9847.45703125
331.161438 54119.5078125
332.1636658 10145.0400390625
334.1505432 3103.7233886719
341.145813 9960.8623046875
355.1602783 11231.3232421875
356.223877 3366.9226074219
358.2166748 5439.5478515625
359.1557312 67170.3984375
359.2649536 12435.8935546875
360.1578369 10554.314453125
361.1592407 3158.3852539063
362.1445313 3262.9099121094
373.1711426 18733.322265625
373.2826538 8894.1748046875
385.2078857 2672.541015625
387.2026367 3895.9353027344
391.1199036 3271.5827636719
397.1740723 4754.2197265625
399.227417 10837.5537109375
400.21875 9708.44140625
401.215332 2728.28515625
401.2879028 10328.7890625
403.2297058 37385.765625
404.2321167 8232.0595703125
405.1891785 2994.015625
407.7332764 2246.791015625
413.190918 2754.4709472656
415.2104797 2838.2717285156
416.2634888 5130.90234375
417.2452393 118543.7578125
418.2504883 23559.314453125
426.2343445 10857.3896484375
427.217865 19694.890625
430.2108459 2908.1379394531
444.2425537 25905.3828125
445.2478638 3539.3454589844
450.2402649 4785.1020507813
454.229126 16522.95703125
457.2079773 2803.8615722656
459.1814575 3104.892578125
472.1824646 3261.2592773438
472.2411804 32438.716796875
472.3494873 2808.9643554688
473.2422791 3682.9807128906
486.2457275 3397.7038574219
488.2905579 2699.9602050781
495.2937012 3833.8352050781
504.2104492 3602.6354980469
510.2548828 3310.5029296875
514.3718262 16973.259765625
515.3782349 2852.6164550781
516.3118896 17125.435546875
517.270752 13231.2119140625
530.3311157 57388.46875
531.3280029 17196.693359375
532.3303833 4981.7983398438
547.2963257 14471.4580078125
567.3113403 3787.4614257813
579.8504028 2172.2373046875
585.3220215 10017.298828125
603.2755127 4125.2397460938
619.4116211 4602.0859375
627.3814087 3451.3134765625
643.4144287 23901.001953125
644.4174805 8394.58984375
659.3776855 2382.5266113281
660.3671265 2886.8586425781
661.3665161 31496.271484375
662.3707886 9456.0556640625
774.4481201 8745.75390625
