953.547374219414 2
70.06604767 372867.59375
72.08164215 53870.62890625
74.0608902 312859.625
84.04523468 62600.33203125
84.0814743 174918.8125
86.09713745 1670759.625
87.05602264 28979.447265625
87.10042572 39780.2265625
92.02877045 36981.26953125
101.0713882 179609.765625
107.8289108 27990.35546875
118.9949341 34164.19921875
119.4721375 31814.44140625
120.0813904 259433.78125
125.8403778 24998.8828125
128.6477203 32368.990234375
129.1026459 222847.875
130.0867004 66574.0703125
136.0763092 119723.7734375
142.8313751 26636.87109375
143.252243 32793.20703125
145.0972595 758277.5625
146.1017456 41521.9609375
147.1128998 297251.0625
155.0812988 50726.40234375
157.1334991 42779.80078125
173.0921631 308089.03125
173.1287994 132438.15625
183.1134644 50777.23046875
183.1502838 46262.30859375
185.1287384 32139.908203125
197.1300659 31368.228515625
199.1808777 505153.1875
200.140213 54206.2265625
201.1238251 37611.875
211.1443634 35504.8359375
218.1500702 32525.03125
227.175415 231683.171875
228.1342163 303194.71875
267.1493225 42975.4453125
282.1825867 29892.96875
284.1246338 158903.75
294.1811523 197694.984375
299.1734009 41148.87109375
341.217804 124073.7578125
375.2049561 55830.9375
397.2070313 71088.703125
441.2496643 132412.765625
468.2376099 30528.271484375
517.2971802 35660.69921875
550.0146484 31464.32421875
614.3495483 219255.375
668.3711548 50444.40234375
741.255249 36390.62109375
781.454895 48945.078125
919.2468872 37486.765625
