2793.40083314521 3
199.1078339 27626.79296875
201.1233826 13332.2841796875
202.0863953 6613.7036132813
209.1274261 5155.681640625
213.086853 6942.0703125
215.1384583 5168.48046875
217.0805206 7843.2875976563
217.0988617 11267.3876953125
226.1180878 8122.6342773438
226.1544647 9042.9501953125
227.1023102 29303.78125
230.112915 9628.5517578125
241.0814362 5082.1938476563
242.0112152 4673.7153320313
242.1134796 8190.779296875
244.09552 4668.8881835938
244.1290588 8529.6630859375
245.0759277 4966.6811523438
252.8909912 5051.2377929688
254.1498871 188785.296875
255.1544037 8807.4404296875
256.1298218 12913.791015625
260.1968384 7760.5209960938
272.1612549 48054.0703125
280.1114197 6572.3627929688
291.0801392 10299.8671875
294.181427 59827.53125
298.1388855 8758.01953125
300.1335144 5949.2036132813
308.1064148 38330.03515625
316.151123 28041.89453125
318.1444397 14015.7802734375
325.1888428 9782.1923828125
329.5006104 5448.880859375
342.1280518 73967.96875
343.1323242 5334.73046875
343.1977844 23036.095703125
354.2160645 6371.2041015625
359.1581421 6828.2045898438
371.2409668 10275.1142578125
387.1866455 5962.0258789063
391.1450806 9861.0029296875
407.2396545 6636.2641601563
409.2097473 13358.693359375
409.77771 6319.2934570313
413.2074585 14564.53125
431.1770325 6826.51953125
431.2650757 8486.046875
441.20047 40690.96484375
445.1795349 7418.3608398438
457.2305603 7687.0395507813
458.1731262 8579.494140625
485.2875061 9983.29296875
528.2294922 11748.14453125
529.3154297 9598.0205078125
554.3137817 14445.419921875
560.2265625 8460.806640625
571.2615356 6329.80859375
595.2879639 71985.5234375
596.2908325 39808.4140625
606.2963867 8731.099609375
639.2628174 21817.74609375
640.2734985 8598.4013671875
646.3803101 11660.71875
655.833374 7147.3999023438
657.2758789 34649.6171875
708.3722534 24219.5234375
728.3461914 10656.8671875
751.9256592 33205.69921875
752.4268799 28399.98828125
752.9317017 7532.6708984375
756.3425293 39764.4296875
758.3504028 8860.1923828125
809.4293823 9803.3583984375
848.4366455 12222.59375
869.4403076 13332.8603515625
887.4155884 55874.4375
888.4219971 26673.5703125
895.2842407 8050.078125
911.4661255 14304.171875
924.4514771 97096.140625
924.9570923 29559.568359375
932.4924927 13293.318359375
932.9641113 84270.5859375
933.477417 14210.970703125
940.4580078 12356.376953125
958.4517212 74828.9140625
959.454895 22020.92578125
1029.489868 86252.0234375
1030.477417 43359.703125
1055.540771 11434.84765625
1068.522461 37614.90234375
1069.531128 28719.3984375
1089.584595 9663.22265625
1113.557861 24692.705078125
1114.070435 10860.22265625
1130.637817 8239.412109375
1142.575928 111071.8984375
1143.583008 62641.74609375
1144.569702 36646.12109375
1178.083374 13380.2236328125
1178.566772 11296.4423828125
1183.552002 50594.50390625
1184.551636 36316.828125
1210.591919 10104.9560546875
1212.563965 22226.740234375
1226.120239 67677.78125
1226.610229 77865.7734375
1227.108887 83324.3515625
1227.626709 44975.42578125
1241.644653 57978.61328125
1242.641479 39364.65625
1243.643433 13674.537109375
1261.627563 14123.130859375
1262.615356 22946.451171875
1298.618042 10214.7119140625
1309.630493 14666.814453125
1353.635376 23730.83984375
1354.659912 23523.1640625
1378.701294 36892.81640625
1379.723145 19417.6640625
1380.688232 13442.42578125
1435.71167 77120.0703125
1436.727051 73944.0234375
1437.7146 23782.251953125
1438.732422 9378.7841796875
1454.685303 11286.623046875
1455.701172 8783.5234375
1493.75647 11321.1748046875
1555.705688 17845.521484375
1556.734375 28007.572265625
1582.800903 88024.7421875
1583.790161 57639.2265625
1584.794189 35137.1484375
1585.802979 10778.5
1695.462769 9275.16015625
1695.880493 48847.44140625
1696.852783 41138.2421875
1697.886597 14440.0810546875
1732.873901 8928.8994140625
2649.913818 9689.96484375
