1273.60605987118 2
89.80834961 165561.453125
91.05490875 382136.78125
92.03443146 221320.03125
101.0715103 206216.890625
114.8359146 167284.5625
120.0811996 7951089.0
121.0845261 715480.1875
125.079277 193866.4375
129.0664673 470124.03125
129.1024017 981751.375
130.0864868 332285.875
136.0757904 3681932.0
143.2365112 168856.09375
147.113266 734802.25
160.6012268 191288.65625
191.1180573 4281584.5
192.1208344 289907.34375
196.1442871 1054448.5
197.1282806 811183.125
214.1550903 757681.0
219.1133575 1322307.0
226.3343506 170605.609375
234.1457062 441559.65625
235.1077423 222397.109375
258.1457214 245393.390625
290.1138916 263363.375
308.1238708 1196933.5
309.1594543 269883.84375
334.3248901 202440.8125
334.683075 183317.984375
341.1517944 205529.15625
344.1952515 285144.34375
345.1771545 959288.5625
362.2028503 848268.3125
445.159729 213566.796875
477.2311096 374000.09375
578.276062 305941.125
586.2835083 334820.6875
618.2745972 231569.640625
635.2987061 2251082.25
636.3002319 709610.625
748.3890991 1391576.5
950.4335938 246339.234375
968.4666138 363042.21875
969.4663086 251856.15625
1055.499023 802745.6875
1056.500488 706155.75
