1088.56857086757 2
76.84178925 4552.0732421875
83.95960999 4468.7939453125
84.04497528 35810.57421875
84.08161163 30228.1875
86.09714508 374864.125
87.05564117 5838.1411132813
87.10050201 19463.404296875
92.02757263 21898.755859375
101.0715866 30891.35546875
102.0555954 25705.119140625
103.0550003 8139.0092773438
104.0532913 6632.8823242188
109.6246643 4719.6279296875
110.071907 22789.521484375
112.0875854 6553.1342773438
113.0710754 5544.1538085938
115.0867844 21082.40234375
115.0944595 5479.37890625
120.0810394 106380.921875
121.0849762 6891.2709960938
122.9769592 4729.4482421875
129.0656281 5840.78125
129.1022644 37065.5859375
130.0653687 89128.796875
130.0865631 22954.603515625
131.1183777 6252.6767578125
132.081192 54728.3203125
136.0758514 44684.29296875
140.0816193 8254.912109375
143.118515 10380.232421875
147.1128387 44799.41796875
150.8200836 5217.3779296875
157.0975952 10739.3818359375
157.1334839 7269.9096679688
158.0931396 7390.2958984375
159.0789337 8053.3588867188
159.0918427 234139.578125
160.0949707 22410.373046875
170.0600433 172136.34375
171.0629883 8261.642578125
171.1118622 6454.9375
173.1293335 22824.3828125
174.1327515 5880.984375
175.0868683 11807.6015625
175.1194305 53659.8046875
185.0926819 8761.8203125
185.128418 6847.9067382813
185.1652069 9752.298828125
187.0711212 9295.8681640625
189.0884552 5531.1440429688
197.1286926 10297.3212890625
201.047226 5432.833984375
201.1235046 33531.47265625
211.1435089 6436.2001953125
213.1611786 8149.015625
215.1394501 24650.98828125
217.0830536 6387.0151367188
217.1338959 88484.296875
218.1361847 8757.15234375
218.7413025 5516.3491210938
226.1190948 10005.083984375
227.1757202 6973.3110351563
229.1190186 10933.6689453125
230.1149292 7415.345703125
232.1125793 26020.021484375
239.1175995 31237.119140625
242.1499634 7215.8461914063
243.1342163 6838.0288085938
245.128418 60832.25
246.1320953 7282.1010742188
255.1138153 10388.837890625
255.1457062 55322.1484375
256.1448669 20640.052734375
272.1715393 40859.9140625
274.1047058 10233.55078125
284.137085 8191.66796875
288.203125 6833.65625
289.8361206 6082.5083007813
334.1542664 6489.3032226563
342.1773376 31279.4296875
359.2037659 56828.02734375
359.2652283 8039.5791015625
360.2034302 6872.7202148438
385.1340942 6656.4594726563
386.1847839 22560.251953125
387.1893005 9994.0537109375
401.2843628 6334.2036132813
431.206665 40353.3359375
432.2111511 6553.5322265625
451.7476807 12561.3193359375
472.2880249 104040.734375
473.2901611 24726.08203125
536.9608765 5642.5034179688
630.390564 5859.1899414063
658.3676758 149343.125
659.369751 55438.01953125
660.371521 7539.0693359375
683.9519043 6642.4975585938
689.4221191 8688.2744140625
805.4334717 119827.7734375
806.4367065 46174.7265625
807.4259644 6169.3530273438
815.409729 7355.4125976563
902.4865112 92101.5859375
903.4881592 55637.75390625
904.4869995 10298.0126953125
925.8926392 5940.09765625
957.4869385 6828.5883789063
