1939.97952177952 2
136.0760498 40582.578125
138.0547943 7470.2915039063
147.1124878 7515.7377929688
155.0816193 6307.8256835938
158.0923309 6973.099609375
165.0686035 8707.9560546875
169.0960541 5479.7368164063
169.1330566 4117.7504882813
175.1189575 28044.287109375
176.0727997 3747.6411132813
183.1482544 5396.9829101563
184.7739563 4601.9814453125
185.1303253 8408.99609375
185.1655273 6390.423828125
197.1283264 8465.77734375
201.1227722 9090.3486328125
211.1450958 4914.9555664063
212.1030731 7231.8530273438
213.1606598 5100.3828125
216.0984192 5383.4501953125
223.1076508 13263.4892578125
226.1175842 5946.611328125
227.175705 7323.064453125
229.1183167 9917.6240234375
242.1505432 9771.4130859375
243.1330261 9369.15234375
244.1308746 8815.5576171875
249.1599274 33705.62109375
250.1626434 5403.107421875
251.1031799 9822.693359375
268.1655884 7667.7705078125
275.1024475 4820.5952148438
276.1018372 36511.51171875
277.155365 50518.23046875
278.1600647 5807.5600585938
283.1429443 7167.94140625
297.1927185 6426.1640625
298.0982666 4933.21875
305.1598206 6450.2006835938
307.1434021 10377.2294921875
322.1874695 6703.712890625
325.1867065 5492.2006835938
332.1661377 6063.1274414063
349.1893616 7244.609375
355.1192017 7823.3520507813
370.209137 6624.341796875
384.3208008 5949.1450195313
390.2407532 8134.3134765625
396.2253723 6701.6547851563
406.1442871 11645.3076171875
419.204071 7297.73828125
422.174408 6159.345703125
436.2276611 7033.2397460938
439.182373 5520.029296875
444.2051697 10087.5703125
476.1836853 7012.1625976563
501.2234802 25910.60546875
507.2695313 20877.646484375
533.7340088 5634.12109375
535.1934814 5624.4501953125
578.3004761 7535.8051757813
635.3252563 42564.203125
636.3267212 8872.97265625
661.2504272 39086.2734375
717.3569946 7777.7919921875
781.3505249 8606.6083984375
814.428894 13227.984375
819.3733521 21865.259765625
820.3557129 7980.26953125
831.4468384 265859.90625
832.4512329 113285.921875
833.4536743 25499.9765625
883.3735352 10283.724609375
894.3815918 10058.021484375
921.5183716 28200.76953125
926.9835205 7128.8603515625
927.5464478 7997.4033203125
942.3768311 11101.099609375
943.3891602 8872.9189453125
944.5321655 93129.125
945.5376587 58584.10546875
946.5412598 8602.806640625
953.5450439 7285.8315429688
970.571167 42409.984375
971.5703125 26788.09375
1057.628418 38358.37109375
1058.611694 28146.4453125
1140.650391 53873.77734375
1141.650757 21807.689453125
1204.661987 10692.1328125
1287.719482 50879.19921875
1288.717651 35979.53125
1289.73291 11225.103515625
1351.71875 11481.3984375
1352.733887 11841.2783203125
1390.697388 10567.5029296875
1416.772217 23219.279296875
1417.770264 26819.775390625
1418.777466 8827.4990234375
1544.800659 7697.5971679688
1668.168823 8667.31640625
