1450.71697327111 2
100.569397 298773.25
102.8637314 364244.46875
114.573555 327135.1875
116.0708847 329051.9375
120.0808716 679757.75
130.086731 1911680.125
131.0877075 295122.65625
157.0975037 2113913.25
167.0817719 3876362.5
171.1498871 402882.09375
175.1070251 1148354.875
175.1199188 2043557.25
185.0921783 4696036.5
203.1025543 663836.9375
212.9641571 311588.78125
228.1216125 304397.0625
245.4779968 345093.625
266.1500549 4959805.0
284.1603394 3605866.5
337.1858826 411804.53125
355.1968689 400131.75
355.2351685 693692.125
361.183136 6634887.0
362.1847229 781798.75
383.2286682 1378979.5
487.5968628 336101.625
547.2454224 579189.4375
648.2955322 2255165.5
649.3019409 542399.4375
795.3644409 3636483.5
796.3619385 1915460.625
825.3583984 475333.03125
853.9572144 384636.09375
866.3991699 6354778.0
867.4007568 3436208.25
965.4716797 5439570.5
966.4718628 3695613.5
967.4688721 605520.8125
1049.697998 343329.5625
1064.514771 668778.3125
1065.528687 1345161.375
1151.556763 1504554.875
1152.55896 1351871.875
1172.771973 361721.28125
1248.598022 1638369.625
1249.612915 735639.5
