917.530124 2
64.39309692 46120.65234375
67.15405273 59359.4375
70.06600189 329987.59375
72.08169556 319531.34375
84.04515839 116579.4921875
84.08141327 481186.5625
86.09724426 561392.625
92.0348053 128180.8515625
94.83100891 48227.55859375
101.0716858 89619.9609375
102.0563202 58938.0390625
102.4912338 55082.26171875
103.9314575 49877.328125
110.0719299 86260.7734375
115.0867996 78594.1484375
129.1025238 550416.5625
130.0865479 219897.640625
136.0759125 83042.796875
137.8839874 59284.78125
141.1027679 61844.65625
147.1129913 439087.09375
155.0826111 64473.1640625
159.0652618 70039.0703125
162.0765381 75484.40625
167.0550842 56643.0703125
175.1193695 197972.28125
186.1248474 277941.3125
197.1288452 188476.375
200.1026001 57551.3125
215.1399384 108600.2109375
216.1233368 1435668.25
216.143631 72979.25
217.1266785 68828.9375
220.1184998 60434.68359375
221.1038818 74359.8125
225.0438538 126459.5625
239.0957336 56461.7890625
248.1152802 126267.703125
249.0983887 308260.71875
260.1981506 230400.5
299.0619507 102003.2890625
459.2737732 81631.3671875
516.2453613 63692.73828125
