1994.94188985015 2
141.0649719 5212.0981445313
143.117218 6109.1547851563
147.1122589 9498.583984375
157.0978241 7735.8251953125
158.0932617 6615.3212890625
167.0803833 5779.7309570313
169.0608215 11554.2568359375
171.1127319 13397.3876953125
173.1282196 11620.8037109375
175.1190033 29066.39453125
181.0974274 5515.6323242188
183.1134338 10707.6611328125
183.1490326 5375.4794921875
186.0874481 83587.65625
187.0913544 5093.91015625
197.128067 7211.859375
198.1257019 5087.2709960938
199.0719299 5533.90234375
200.1402283 6367.8881835938
201.1233521 25346.171875
211.1442566 9295.021484375
212.067627 6412.6528320313
212.1031799 8889.544921875
213.0867615 6898.5556640625
217.1374664 9192.1708984375
219.1102295 5335.7548828125
226.1186523 28625.70703125
226.1553497 8968.0751953125
228.134552 12114.1728515625
229.1167603 6270.7602539063
241.0823975 5371.2280273438
244.1658478 34495.375
245.131485 13093.8935546875
245.1697998 7145.8666992188
254.149704 14030.6787109375
258.1056213 6035.0903320313
268.1647034 6930.5200195313
272.1062317 6498.8774414063
277.1570129 6263.8540039063
283.1410217 10116.109375
294.1799927 7595.517578125
299.1724548 13791.1572265625
302.1533508 12101.2265625
304.0946045 11381.8046875
311.1726074 9113.1376953125
317.1290894 36760.79296875
325.187439 6270.7690429688
326.1726379 27504.720703125
339.2355652 6437.96875
346.1819763 10826.8193359375
356.1482239 7212.4262695313
369.1748962 8086.10546875
376.8077087 6752.3095703125
385.1900024 9648.9853515625
401.2192993 12709.330078125
411.2337341 7887.4633789063
414.1975708 30596.701171875
419.1567383 7347.1420898438
430.2082825 9872.0224609375
437.2050171 8112.7153320313
445.1973267 7924.935546875
447.2337341 9681.3818359375
451.2324524 8632.1962890625
454.229126 9088.2646484375
461.312561 6671.3642578125
482.2677917 6404.6157226563
495.2214355 10787.9658203125
516.2553711 7806.0190429688
519.2268677 7795.8032226563
525.3080444 8886.8876953125
527.28125 12929.248046875
528.289856 6897.693359375
534.2150879 9692.5615234375
549.312439 8321.2314453125
553.3010254 10787.0263671875
555.2926636 9264.134765625
590.2576294 9247.56640625
613.2943726 11097.64453125
640.3662109 8411.5205078125
641.37146 11520.2734375
673.3325195 8490.0751953125
674.322998 9843.341796875
691.3527832 388056.65625
692.3548584 121008.40625
693.3565674 26971.892578125
703.3776245 7454.3188476563
736.8560181 7772.9921875
872.4709473 12884.265625
882.536377 12177.2236328125
893.4088135 26313.705078125
996.6104736 8957.3603515625
997.6211548 10584.6669921875
998.5108643 35922.91796875
999.5258789 10984.6357421875
1040.480713 13389.486328125
1041.511719 8841.3291015625
1127.503174 8343.1533203125
1131.619995 9455.1884765625
1207.555786 11608.7802734375
1224.567627 146404.25
1225.566406 115735.015625
1226.585083 39719.81640625
1338.618774 30054.869140625
1339.610229 10788.1767578125
1340.710083 48285.671875
1341.70813 41441.02734375
1342.718262 9510.3876953125
1395.616333 54589.83984375
1396.623291 52654.12890625
1397.642212 13452.5185546875
1457.754272 25092.423828125
1565.735107 33145.89453125
1566.734497 27789.44140625
1567.768066 10737.2080078125
1809.830322 9372.8837890625
