1461.73680932593 2
101.0717087 147906.71875
102.0555801 89489.0546875
103.5394897 33598.28125
120.080864 343048.25
129.1025238 148978.5
136.0759583 237144.34375
140.3490143 37965.66796875
141.1026001 65559.2109375
147.844986 39898.60546875
156.1024475 83530.5546875
169.0959473 50101.38671875
175.1191559 345002.3125
183.1123962 63992.87890625
185.1656189 87972.359375
186.0868988 38798.8046875
187.144104 57487.77734375
197.1283875 155026.109375
201.1045227 83629.6640625
201.1234131 2184528.0
201.1414185 87136.09375
202.1274872 218794.5625
210.7099152 41403.1484375
213.1607056 57922.9609375
215.139267 326707.6875
216.0972748 68436.3125
225.1234741 69093.796875
229.1185303 1345150.75
230.1221313 68822.2109375
231.115921 49594.703125
235.9430084 39173.88671875
237.0899963 47816.625
243.1335907 400566.625
245.1244659 53592.83203125
262.1510925 250289.5
270.783783 36768.6796875
287.1354065 54174.28125
330.164032 73162.0859375
346.4526062 39446.6796875
358.1608887 1348303.125
359.1644592 241195.5
361.2198792 78474.0390625
362.3820496 36257.36328125
384.2110596 43553.078125
457.2291565 69381.390625
458.2384338 73646.0390625
471.2449646 519343.03125
472.2476196 57990.84375
475.2592468 154570.859375
542.3179932 46023.109375
546.3002319 286791.28125
674.3562622 206494.484375
761.3895874 763896.5625
762.3908691 292090.0
874.4163208 48728.46484375
875.4098511 86075.3359375
892.2683105 63663.76171875
892.4309082 1724030.75
893.4332275 713591.0625
894.4155273 148207.0625
991.5010376 793440.3125
992.4997559 423917.3125
993.505127 54346.984375
1104.5979 287414.0625
1105.569824 163238.8125
1233.630615 91646.703125
1234.61792 58967.859375
