1779.91837699212 3
126.054863 2014.56640625
127.0865784 7847.3510742188
128.0817871 1803.3422851563
129.065918 7074.92578125
129.1027069 21671.966796875
130.0499268 1726.1198730469
130.0649567 1255.4809570313
130.0859833 7792.55859375
130.0948639 1078.3352050781
133.0432281 1673.6317138672
135.4948883 929.5333251953
136.0668793 1994.0750732422
136.0761261 47053.58984375
136.6215363 918.1889648438
137.0788116 1602.8697509766
143.0814362 1371.5354003906
143.1179352 9920.94921875
144.0658417 4591.677734375
144.0754852 1016.0733032227
145.0604095 1050.1365966797
145.0976105 1213.2847900391
146.0603333 1862.5395507813
146.0921783 1799.5690917969
147.0764008 1009.7340087891
147.1130676 16082.90625
155.0818481 13753.2646484375
155.117569 6990.9916992188
157.0977173 10100.2490234375
157.1082764 1189.2546386719
157.1334381 5903.7333984375
158.0923462 2546.6977539063
159.0787354 1172.1437988281
159.0918274 6987.0537109375
165.1021423 2143.154296875
167.0817261 1722.2554931641
169.1338501 43841.71484375
170.1369781 5367.4375
171.0221405 1785.2772216797
171.0765228 1910.6105957031
171.113327 3185.8166503906
173.0921173 1619.9460449219
173.1291046 2203.0615234375
175.1193695 23020.591796875
176.1224518 1891.5321044922
183.1127319 2547.62109375
183.1369629 1218.0708007813
183.1496582 22491.3125
184.1524353 5385.1484375
185.0919189 1727.9536132813
185.1285706 6081.216796875
185.1654205 2224.26171875
186.0916138 3449.1960449219
187.0711975 1347.16015625
187.088501 1931.9235839844
187.1443634 2941.9636230469
188.0707397 9363.8125
189.0870819 5241.9379882813
191.0815277 1204.1130371094
193.0966492 1978.8604736328
197.1289978 29722.00390625
198.0866699 1571.1517333984
198.1314697 1600.8986816406
199.0723724 1107.3798828125
199.1440582 1164.0864257813
199.1805878 6270.8994140625
199.9736938 1110.8812255859
200.1031647 2103.1455078125
201.1241608 10722.86328125
202.087265 1405.3000488281
203.1212616 6880.2514648438
204.1040497 1133.3508300781
205.0978394 3392.4331054688
210.0800629 2589.2092285156
211.1448059 21318.537109375
212.1029053 1888.3262939453
212.1458282 2263.6811523438
213.1606293 1584.2938232422
215.1397705 5677.9624023438
216.0982971 7131.6044921875
217.0796661 1457.3029785156
217.1370544 2109.4165039063
221.1292419 1395.2900390625
224.1040649 1278.1418457031
226.1188965 5498.4633789063
227.1033478 2372.7607421875
227.1759491 2057.3471679688
228.1345825 13602.822265625
228.1718292 2483.1411132813
229.1184082 2881.1223144531
231.1136627 25660.7734375
232.1171875 3306.9375
233.0955505 1259.4647216797
233.1666718 2571.0729980469
234.9059601 1159.7333984375
235.1447144 1191.3663330078
239.1144714 9086.939453125
240.0977478 14389.7626953125
240.1696167 4219.5483398438
241.1013794 2488.2646484375
242.1118317 1399.8992919922
242.1496582 2336.6010742188
243.1352081 7976.953125
244.0930634 1836.2497558594
244.1663208 1344.8931884766
245.1315002 2110.4621582031
246.1252594 3010.0192871094
247.1086884 5771.1328125
249.1235657 11879.63671875
249.1595764 5407.3583984375
250.1554871 3097.0480957031
254.1499634 1850.6396484375
255.1464539 5602.5673828125
257.1252747 22538.794921875
259.0396423 1374.7864990234
259.10849 18847.90625
260.1108093 2316.0207519531
260.1425171 3025.3154296875
260.1977539 1372.5959472656
261.1585083 2738.8139648438
263.1386414 2053.8894042969
264.1349487 8297.1171875
268.1660767 23495.830078125
269.1239319 2212.9519042969
269.1684875 1717.1743164063
271.1787109 2262.1953125
272.1740112 3091.9729003906
274.1184082 8970.9892578125
274.1878357 2067.7194824219
276.1350098 12029.9521484375
277.1173706 1358.8015136719
277.157074 1403.4510498047
278.1538391 25108.5078125
280.1665344 2146.0012207031
285.0106201 2852.5883789063
285.1557617 5555.994140625
286.1240845 17270.65234375
287.1328735 6403.6450195313
288.1391296 1746.0882568359
288.2034607 2074.6455078125
292.1296082 8200.9267578125
293.1119385 2287.1274414063
296.1694031 1285.6452636719
296.1976929 13594.5615234375
297.1565857 1596.6981201172
297.199707 1850.3425292969
298.172821 2109.6760253906
299.1775513 2331.0251464844
304.1650391 2369.1791992188
306.1817017 2720.3701171875
310.2133789 2303.4006347656
312.1553955 1403.6949462891
317.1373291 2450.0327148438
319.1902161 2101.5952148438
322.1892395 1923.4201660156
323.2081299 9324.5556640625
325.1904907 2128.6843261719
327.2046204 1788.2269287109
328.1682434 1711.2663574219
339.2042236 2049.3361816406
342.1829834 2603.4760742188
344.1949158 1803.9317626953
355.0713501 2969.6157226563
356.0702515 1971.3541259766
358.175293 1876.0225830078
359.1754761 2034.6995849609
367.1683044 2006.4312744141
371.2123108 18107.1640625
372.2158508 2503.1889648438
375.1667786 2050.6032714844
379.2045288 1260.6314697266
385.1914063 1850.2816162109
387.1665649 44023.12890625
387.2129517 2089.0024414063
387.272644 8447.556640625
388.1709595 12320.2236328125
389.1793213 1537.3197021484
391.2406006 2282.7431640625
399.2068176 16930.072265625
399.7684631 2189.7145996094
400.2113953 2495.1579589844
401.2199097 1381.7454833984
402.1760864 2302.59765625
403.162323 13306.1455078125
404.1481934 1895.9270019531
404.1958008 15951.80859375
405.1793518 8583.75
406.1775513 2283.796875
409.2291565 3197.6496582031
414.1210632 1433.5216064453
414.1741333 1766.4880371094
419.2449951 3195.5144042969
420.1886597 6063.1015625
422.206543 1483.1555175781
427.2442932 2285.3051757813
432.1852417 1908.6585693359
437.223175 5415.0815429688
438.228241 1888.8167724609
440.1822205 1643.8322753906
453.2533569 5719.9350585938
454.2484741 10851.0283203125
455.2533875 2332.6801757813
470.2827148 5412.7309570313
472.3277588 1932.5991210938
473.2376709 1934.9934082031
473.3311157 2122.4501953125
480.2533569 3274.3317871094
484.2616272 1939.1593017578
485.1333313 3243.2399902344
485.1991577 2183.7023925781
486.2740784 6409.3041992188
487.278656 1800.1639404297
488.2929688 27491.37109375
489.2946472 8205.8291015625
490.2828369 9159.126953125
498.2032166 5831.0009765625
498.2764282 5801.4077148438
499.2706909 2213.1450195313
500.3588562 6721.5654296875
501.36026 1507.6474609375
502.2581482 2180.2790527344
505.213623 1551.2044677734
515.2254028 23851.69140625
516.2310181 10121.845703125
516.2984619 8110.4721679688
517.2339478 3411.4145507813
517.3044434 2225.2478027344
523.2205811 2576.3891601563
530.2521973 8971.4228515625
533.2320557 13903.109375
534.2468262 3290.9411621094
540.2488403 2134.3708496094
543.3634033 8586.591796875
544.3649902 2604.7927246094
545.3126831 56648.69921875
545.3919678 2606.2158203125
546.3174438 18449.380859375
547.3187866 2924.5144042969
551.3598633 1793.1104736328
553.3151245 2651.9282226563
557.3480225 2245.4721679688
559.2982788 1975.2822265625
567.2615967 2310.6740722656
574.251709 2734.5336914063
575.3436279 1772.1240234375
587.3902588 22187.44140625
588.3935547 13869.810546875
589.3961792 2070.6149902344
601.3170776 3157.453125
615.3648682 5545.4829101563
616.3616333 1796.2062988281
618.3400879 6397.7504882813
628.3522339 2820.7341308594
638.3184204 2830.265625
642.4282227 5621.1318359375
645.2873535 2012.3857421875
651.289856 3385.6206054688
664.2936401 1766.3619384766
666.3999634 2298.6274414063
668.3126221 2531.970703125
669.3102417 1898.6123046875
676.3521729 47385.01171875
677.357605 17252.169921875
678.2736816 20014.86328125
679.2785645 11752.2939453125
687.3358154 2478.2250976563
694.3969727 7925.6689453125
696.3008423 19017.62890625
697.3062744 6473.2856445313
700.4764404 7418.9594726563
701.4755249 6525.3549804688
705.3751221 23266.12109375
706.3775024 3121.3352050781
735.3788452 1558.2628173828
746.3915405 10153.1279296875
747.4069824 3019.345703125
762.4181519 2616.8969726563
775.4237061 49052.90625
776.4274902 29409.798828125
777.4212646 11266.990234375
785.3925781 2881.8249511719
791.3886719 2499.6577148438
797.5326538 9667.1484375
798.5253296 7242.0029296875
809.3848877 8949.697265625
810.3898315 5972.0122070313
825.434082 1983.3023681641
836.416748 14355.3935546875
851.5043335 2090.4250488281
860.4471436 6739.3857421875
861.4453125 8674.564453125
862.4362183 6414.4526367188
869.4841919 1860.4134521484
874.4830322 12902.4130859375
875.4951172 8168.0673828125
876.4959717 2947.6306152344
960.5206909 2256.033203125
967.4558105 5569.375
971.5429077 36417.59375
972.5500488 19735.21875
973.5494995 11006.1181640625
974.5482788 2459.7736816406
1030.546509 1884.2934570313
1096.50708 6126.4404296875
