2337.12064736742 3
169.0963593 15478.6904296875
169.1336212 9881.5087890625
173.1283875 12225.0224609375
175.1187286 47277.68359375
195.0877991 11792.1953125
197.1035767 13426.4423828125
197.1282196 11199.1708984375
198.0873108 17743.20703125
201.1230927 8225.7431640625
208.072052 18149.80078125
225.0983887 166910.390625
226.1201935 12034.18359375
227.1027527 11426.501953125
228.1331024 15625.404296875
244.1285706 13407.818359375
257.1246338 52983.76171875
258.1272583 16302.083984375
260.1972656 37902.42578125
272.1725464 10915.5361328125
279.2078857 8624.0625
289.0969238 42788.9765625
294.1815796 17325.12890625
295.1845398 19475.361328125
296.185791 15458.1318359375
304.1621399 11819.76171875
307.460022 10334.87890625
313.186554 15917.541015625
322.1862488 16587.4375
328.162384 22573.009765625
356.1386719 93026.8046875
362.1721802 16355.421875
371.1663513 77656.15625
372.1724854 56691.83203125
373.1737366 16194.888671875
378.113678 18896.740234375
388.1663208 13910.876953125
401.2383423 12058.9619140625
420.1975403 16889.00390625
436.9849854 11426.1845703125
443.2676086 12261.875
443.6797791 11749.5927734375
456.2924194 16547.615234375
460.2632141 12764.0703125
484.2547913 10933.8056640625
485.2569885 22634.845703125
486.2604065 11804.4130859375
490.2681274 11590.01953125
602.210144 60642.7890625
603.3511963 14698.48046875
621.3730469 14917.4306640625
642.3555908 18363.37109375
701.2758789 41470.38671875
735.425293 25385.30859375
736.3451538 24059.32421875
749.460083 15433.2099609375
761.4111938 15020.9423828125
762.322937 20196.595703125
764.3604126 12998.90625
775.3206787 14102.775390625
778.4403076 114407.8203125
779.3353271 36593.31640625
779.4373779 103557.796875
780.4247437 61507.4609375
781.3875122 54215.92578125
856.4589233 51784.67578125
857.4597778 20938.4765625
955.5424805 15906.9091796875
1138.520142 13447.8720703125
1362.640503 13318.1376953125
