2441.12802579449 2
170.3047485 5350.9736328125
175.1191711 88253.03125
197.1294098 9738.9189453125
206.6081848 5871.7475585938
211.144989 7322.05859375
213.0878601 6656.7973632813
215.1381531 14131.083984375
216.0793152 7245.1171875
217.1371307 9076.314453125
223.1079102 40166.34375
243.1350708 31119.501953125
244.1292725 6945.5703125
244.1667633 9213.2548828125
251.1021118 11384.7138671875
255.2629852 7452.4736328125
262.0856323 90566.828125
264.0838013 8804.255859375
268.1642761 16910.087890625
292.1299133 12771.5732421875
302.1170349 31995.29296875
303.2024536 11010.001953125
327.0521851 6541.0986328125
327.1322021 7510.583984375
342.2026367 14935.5654296875
343.1593933 7365.310546875
343.205658 8315.6708984375
350.1360474 11858.1484375
380.1469421 32533.462890625
393.1257324 93320.4140625
394.1335754 13454.1279296875
399.210907 13024.72265625
405.1635437 9239.953125
443.6870422 7695.0952148438
478.1974182 14343.44921875
497.2300415 8932.455078125
506.2106628 16023.3955078125
518.5462036 7990.2485351563
559.2471313 10839.916015625
577.2572632 39607.15234375
619.2915649 12183.0693359375
635.3217773 13680.83984375
642.2755737 15122.9384765625
660.2869263 43793.76953125
689.3612671 11879.8935546875
706.3798828 11131.3623046875
714.3997192 12719.4716796875
783.4902344 10335.0302734375
803.4350586 13459.111328125
831.4733887 38614.4375
832.475769 12881.404296875
880.3989868 8989.974609375
978.5230713 11763.509765625
995.9598389 10578.87109375
1086.593872 16967.708984375
1087.59375 12114.3818359375
1176.622803 10225.279296875
1203.613892 16219.0126953125
1207.590698 31449.541015625
1219.645386 320672.15625
1220.646484 589179.375
1221.646729 371575.625
1222.639771 56532.12109375
1262.602051 10936.99609375
1278.593994 16419.564453125
1279.603027 17488.828125
1280.632935 12709.1591796875
1298.650024 54611.44921875
1299.676392 29524.4140625
1466.669189 16557.638671875
1467.665161 14683.447265625
1546.713379 10450.0458984375
1563.727661 211265.96875
1564.727051 179905.203125
1565.714478 91878.7109375
1633.741821 11989.4052734375
1650.762817 209086.46875
1651.756958 166680.40625
1652.762085 84434.75
1653.740723 16445.08984375
1741.88855 15744.712890625
1763.830078 56672.12890625
1764.828491 40134.62890625
1765.878662 22082.146484375
1790.888062 40499.6484375
1791.895386 57691.390625
1792.890503 37929.203125
1864.89502 49099.08984375
1865.887939 37944.3046875
1866.874756 11273.0615234375
1935.925415 37824.1015625
1936.922363 49060.53125
1937.951904 15000.7763671875
