1759.81317936443 2
125.4463654 14822.8046875
138.0555115 324360.25
141.0663452 17991.9375
141.1022644 21430.083984375
151.4934387 14682.5107421875
155.0814514 46337.87890625
169.0972137 49108.828125
175.1190033 152468.078125
177.0691833 20975.291015625
185.0921021 17589.97265625
202.0538483 113398.3984375
205.0643311 33306.48828125
212.1035156 51278.203125
219.0805664 314468.46875
237.7063599 18941.0859375
246.0904846 23169.1640625
262.1536865 24565.576171875
276.0735779 28286.212890625
276.1017151 272088.71875
290.1533508 48388.6796875
297.1936951 39085.93359375
304.1643066 42271.6015625
318.1497498 55120.14453125
354.1491394 94399.265625
361.1921082 200975.375
362.1974182 28410.625
389.1878357 95093.09375
397.2095947 46932.86328125
407.078186 22828.20703125
425.1838379 34060.80078125
426.1943054 28431.275390625
427.1991882 27655.994140625
451.2339172 54915.390625
564.312561 191858.328125
565.3215332 41641.1015625
632.3754883 28762.333984375
679.3463135 46602.1640625
793.3884277 119980.703125
801.3739624 28814.451171875
802.3725586 55711.56640625
803.3922729 32425.986328125
864.4504395 37071.515625
892.4516602 159781.015625
893.4573364 105134.484375
1039.505005 156500.625
1040.524048 110294.0390625
1126.552734 186463.40625
1127.564453 135694.71875
1223.564941 92500.7109375
1240.601074 236292.703125
1241.596802 259515.046875
1242.592041 79857.7421875
1354.621582 51133.7109375
1371.637329 363729.375
1372.657837 215936.46875
1373.644165 128473.65625
1541.739136 144299.1875
1542.747681 95881.3515625
1543.737183 91548.6953125
