1265.72165025547 3
88.0402298 7160.4575195313
89.07134247 7020.2661132813
91.05477905 5312.9760742188
92.03553009 5927.2353515625
99.05577087 8647.923828125
101.071434 29806.921875
101.1079025 6284.7475585938
102.0554657 59530.71484375
108.5635986 5815.8369140625
110.0716629 129557.8515625
112.0872498 11522.9921875
115.086937 7076.4321289063
116.0709229 7106.9423828125
117.0663147 11211.1181640625
120.0812149 148884.15625
121.0845871 5900.896484375
123.9888992 5040.2143554688
129.0658264 10005.6201171875
129.1025238 181952.40625
130.0865936 81152.7265625
131.1179352 8493.140625
136.0760345 95049.0859375
137.0802765 7687.8115234375
140.0701752 5643.6333007813
141.0652924 7442.1357421875
141.1022491 11629.8623046875
143.1181946 12369.1015625
145.0606232 6475.9838867188
147.1125641 112466.7578125
149.0238342 11561.6708984375
157.1337433 11852.455078125
158.0927582 20360.546875
159.0918884 8698.2509765625
159.1134491 6069.4067382813
167.0817566 7631.2221679688
169.1338501 6796.9072265625
171.1133423 7535.4174804688
173.1288605 39475.0859375
175.118988 120028.46875
185.0914612 5868.7270507813
185.1299744 7975.1127929688
185.1647186 24322.998046875
186.1240234 49101.5625
187.1078491 23799.52734375
187.1438446 86869.2109375
188.1474152 8192.9765625
192.9994965 8628.939453125
195.0772705 6368.5903320313
196.0153351 5502.4350585938
197.1280823 22248.87109375
199.1806946 62495.4921875
200.1829529 5604.9541015625
201.1233063 30915.091796875
204.1344604 214773.046875
205.136673 9436.630859375
207.1127014 22562.072265625
209.091156 6780.259765625
209.1399384 11170.1396484375
210.0254211 166888.53125
211.0284119 26713.416015625
212.0209198 32006.767578125
212.1034851 6640.14453125
213.0873108 20913.728515625
213.125351 8106.7270507813
213.1610565 9733.755859375
215.1386719 56063.0390625
218.0598907 5838.4418945313
221.1035156 10244.509765625
227.1762695 11233.5888671875
229.1174011 5562.8466796875
235.1094208 5563.216796875
237.133316 7096.0634765625
238.1235504 5996.0454101563
239.1137695 23285.072265625
240.0971222 7631.9189453125
242.1499176 10272.1787109375
243.1340637 30223.576171875
247.6313171 5608.4833984375
248.1138916 12112.203125
249.0987396 56168.359375
258.1456299 7810.0888671875
260.1973572 24941.861328125
280.6705933 7893.7875976563
281.1610107 28210.1640625
288.2035828 23256.251953125
290.1416016 5249.3833007813
317.1281738 11525.001953125
317.218811 88024.9921875
318.2206726 10069.0458984375
326.1708984 30085.509765625
344.1806641 10465.828125
345.2254944 6320.623046875
349.1619568 23545.642578125
360.1308594 7070.3217773438
364.1157227 5281.4096679688
365.1919861 5800.3989257813
376.1736145 60117.39453125
377.1561279 131035.1796875
378.1586304 21738.5703125
391.1927795 25948.736328125
394.1853333 43510.57421875
395.1836243 10054.3701171875
395.2661133 5108.1767578125
396.1673279 6213.3515625
400.7082825 7040.5537109375
401.2862244 8156.3432617188
402.2705078 7940.9614257813
405.1766357 5998.9287109375
413.1920471 21114.58984375
416.2618103 10747.5400390625
423.285553 22466.619140625
430.3023376 28746.15234375
444.2518921 6393.4409179688
448.2305298 63169.94140625
449.235199 9541.5029296875
457.2648315 7380.162109375
472.2878113 9778.09765625
475.241272 26042.396484375
476.2265015 104155.9609375
477.2276306 9964.798828125
488.3165283 10542.4599609375
493.2522278 7972.4262695313
503.2928162 6176.4067382813
506.2194519 26743.052734375
506.3045959 6439.4028320313
514.3670044 8362.0205078125
529.3477783 11866.990234375
531.3518677 20565.431640625
556.3616333 10498.64453125
589.3078003 38046.65234375
590.3096924 9606.4091796875
602.3883667 18686.26171875
603.3474121 26279.810546875
605.2852783 5515.9204101563
615.4134521 22688.748046875
616.3740234 34172.0546875
617.3683472 9273.1220703125
628.4083252 10303.3203125
660.3861694 10525.568359375
678.3513794 9655.3349609375
718.3405151 9008.9619140625
719.3584595 6646.857421875
801.3814087 10438.9423828125
1044.359741 5587.380859375
