2317.93712404121 2
161.3392334 4518.2045898438
169.8733368 5049.9125976563
171.0757904 8648.2392578125
173.0924835 7811.72265625
173.1282196 5354.8432617188
175.9424744 5755.3544921875
188.1039886 9187.7919921875
192.5231171 5675.5717773438
194.8463287 5365.6728515625
198.0878296 14962.8583984375
199.0722961 15241.2333984375
201.1226501 6678.3012695313
202.8547668 6910.1918945313
203.0845795 8620.6123046875
211.0175323 5738.6533203125
212.1034241 6425.3217773438
216.098114 130625.78125
217.1002808 6612.1323242188
218.0596619 30617.091796875
225.9473572 6158.884765625
228.0989685 6752.5478515625
244.1288452 11839.57421875
252.1014862 8332.56640625
259.1417542 7885.7612304688
269.125 18059.853515625
274.1229553 30871.158203125
287.1351318 86423.4609375
292.0801392 13863.0751953125
305.0917053 45803.53125
323.1033936 59990.7265625
325.1509705 10770.9072265625
340.1624146 10100.0087890625
341.1443481 10792.0771484375
358.171936 112690.2421875
386.2066956 7614.8413085938
396.1868591 8598.615234375
413.2151794 8196.7919921875
454.1388245 10073.9228515625
471.2001343 12936.67578125
472.1913147 9822.0693359375
489.2156067 18424.76171875
492.3998718 7696.7465820313
570.2706909 15721.56640625
571.2598877 14281.3310546875
615.3430176 10997.5068359375
681.2155151 8476.69140625
731.2887573 8803.0830078125
918.4019165 9246.1611328125
939.3688354 9295.8486328125
1097.509766 12103.4990234375
1127.449707 14056.396484375
1128.423584 11220.9091796875
1158.666138 17917.00390625
1159.645874 58901.36328125
1160.640015 56158.421875
1164.440308 12168.5869140625
1241.46582 50536.0625
1242.474365 16476.5390625
1347.612061 13184.044921875
1370.523438 13663.955078125
1483.606812 17043.6484375
1484.594727 16162.494140625
1540.604004 11627.3115234375
1563.687012 15791.15625
1570.62085 46580.3125
1571.622925 41267.38671875
1639.65918 12543.9873046875
1714.65686 13071.70703125
1730.661499 86490.9140625
1731.675049 96416.171875
1732.662476 51237.2734375
1829.728027 44975.85546875
1830.714233 43191.67578125
1831.71814 17167.2578125
1836.799316 33788.92578125
1837.812744 30411.71484375
1864.801758 12736.041015625
1961.754517 14991.8310546875
1968.845825 17878.44921875
1995.872803 14280.91015625
