1180.62361563768 2
83.04953766 1317.279296875
83.08607483 1662.0911865234
83.50453186 607.7500610352
84.04489136 5077.0073242188
84.08127594 3515.3083496094
86.09689331 54715.484375
87.04449463 1408.8038330078
87.10025787 3887.4125976563
88.03956604 769.9703369141
89.06022644 9922.9794921875
91.05465698 3352.3400878906
93.03684998 5063.0620117188
93.07032013 4218.4970703125
95.04953766 1490.0522460938
95.08589935 10939.224609375
97.06517792 7108.7124023438
97.10155487 1689.2333984375
99.04427338 3792.234375
99.08062744 1506.4720458984
101.0057678 946.3157348633
101.0599594 3315.6013183594
101.0712891 4300.4985351563
102.0552444 3062.4528808594
104.0527267 921.9396972656
105.0701675 3426.2922363281
107.0858307 7813.162109375
109.0649033 5210.724609375
109.1015015 7826.0229492188
110.0716858 1080.6040039063
111.0444717 1768.5721435547
111.0806808 4537.462890625
112.0872803 695.4016113281
113.0598831 3544.2958984375
115.0213013 1744.7852783203
115.0753021 1640.7947998047
115.0866547 3904.2502441406
116.0709305 822.2659301758
119.0857849 4590.166015625
120.080925 20055.07421875
121.0649719 2809.0698242188
121.0842819 3091.0847167969
121.1010895 7559.529296875
123.0804825 13685.81640625
123.116539 4527.7475585938
124.0839462 1168.1756591797
125.0596619 1422.5745849609
125.0709381 679.7350463867
125.0959549 3795.1376953125
127.0756912 1073.7513427734
129.0656128 682.6234741211
129.1023407 3402.7978515625
130.0864716 1109.6955566406
131.051178 868.7006225586
133.0621185 747.7303466797
133.0856781 7266.5571289063
133.1009979 3609.2683105469
134.026886 1603.0135498047
135.0459137 936.9251098633
135.0801544 2857.953125
135.1169281 3388.3159179688
136.0753632 5344.60546875
137.0958557 4700.0805664063
137.1323547 1123.41015625
139.0753937 3818.8620605469
139.1121521 1119.7877197266
141.0912933 1256.0655517578
143.0710449 877.6408691406
143.0816803 1656.0196533203
143.1174469 876.0238037109
145.1008453 1683.3843994141
147.0808258 2799.5227050781
147.1139374 3724.2197265625
149.0958405 4603.3569335938
149.132019 2507.7478027344
151.0750732 1646.6917724609
153.091095 4008.6784667969
155.0690308 774.3654785156
155.1061707 1644.7335205078
157.085556 1254.0355224609
157.1335602 1231.2080078125
158.0921173 2732.8198242188
159.1160736 1248.2253417969
160.0420837 3023.43359375
161.0266724 1712.6221923828
161.0954132 1407.4996337891
161.1326599 2524.4853515625
163.1113434 1633.38671875
163.1478424 1440.2082519531
165.0903931 3442.0102539063
167.1062012 1107.2550048828
169.0853424 4327.232421875
169.1332397 916.0742797852
171.1006317 1024.8801269531
171.1144714 1202.9848632813
171.1477966 858.1771240234
172.0710907 788.4000854492
173.0936279 1127.4666748047
173.1292419 3437.5388183594
175.1199493 6294.5737304688
175.1488037 1336.9818115234
177.1273041 755.2838134766
178.052887 73025.1171875
179.0561676 3469.1511230469
179.1066437 3615.1801757813
181.0858459 917.1806640625
183.114151 1586.6862792969
185.0801086 967.146484375
185.1287537 796.2212524414
185.1646271 855.3956298828
187.1088409 962.8010253906
189.1121063 972.8712768555
189.1638489 1054.6097412109
191.1068268 990.5330200195
193.1217804 1168.6674804688
195.137207 902.7970581055
196.1441498 1520.1130371094
197.1295166 1777.4344482422
199.1803284 3379.8627929688
201.1238708 4369.677734375
203.1067657 1158.8035888672
203.142395 854.8571166992
203.1791382 907.341003418
209.1177063 1100.5018310547
210.0787659 20389.7734375
213.1120605 1178.2044677734
214.1538086 1187.3214111328
215.14151 1088.4141845703
215.1758881 1646.8590087891
218.0840607 20517.86328125
226.1186371 887.4158935547
227.1257172 1426.0541992188
227.1751709 2942.1591796875
228.1334839 966.1467285156
233.1648865 1435.2071533203
240.1341553 4397.78515625
242.1496887 1331.2412109375
243.1353149 902.8906860352
244.1636047 889.861328125
245.224823 3547.4162597656
247.2046661 1131.203125
258.1441345 5656.8544921875
260.1950378 918.4903564453
263.1645813 1170.3131103516
263.236084 2879.0161132813
276.1662292 4136.6689453125
283.2625732 1366.5053710938
291.2314758 2905.9580078125
292.1025391 3009.5744628906
298.2099609 1106.2042236328
326.0285339 1314.7648925781
328.0274658 1099.5673828125
329.6932983 787.688293457
341.2157898 1740.3392333984
343.2329712 1406.2939453125
371.2276306 1484.8480224609
382.1624146 1144.7114257813
398.2391663 840.2208862305
399.237915 1697.7053222656
404.1827393 1051.583984375
405.2043762 1695.5120849609
427.3065186 1215.7674560547
430.2627869 1279.5830078125
432.1739502 3280.8833007813
452.7228699 796.100402832
460.1681824 6190.6127929688
486.1376953 1466.3010253906
510.1834717 1271.7850341797
523.1541138 906.2201538086
528.197876 996.9772949219
534.2487793 1008.7282714844
535.2492676 1136.3857421875
538.2880859 1070.7115478516
556.1907959 985.4643554688
575.1086426 814.4213256836
590.4084473 1358.0946044922
591.4285278 1118.4497070313
592.5818481 4805.865234375
661.3334961 856.9573974609
677.4155884 1523.5024414063
697.3168945 6625.5458984375
698.3132324 3784.7329101563
705.3623657 889.2683105469
810.3901978 4247.4526367188
811.3933105 1355.2390136719
937.5570068 1474.1179199219
980.4931641 3384.80078125
981.5028076 1171.5496826172
1067.524292 4489.396484375
1068.536133 1090.8348388672
