1693.923524 2
129.1027222 136059.5625
129.9041595 6979.2685546875
130.0861816 48059.23046875
130.1056671 10037.6904296875
136.0754547 19471.212890625
147.1125488 68630.0390625
155.0813904 9305.224609375
155.115921 7958.1499023438
166.1148071 6876.3881835938
171.1135254 10360.0517578125
173.127594 8959.494140625
175.1194763 19281.87890625
183.40979 7584.3208007813
197.1284637 42106.9375
198.1239929 8634.556640625
201.1228027 9619.568359375
203.5084686 8073.09765625
209.1044464 8660.30859375
215.1390686 56074.4921875
216.1343994 42012.28125
225.1240387 21694.435546875
240.133728 9367.9638671875
241.0830078 10736.35546875
242.1499939 14866.6943359375
243.1352081 10540.2470703125
244.1286621 9430.1044921875
258.1075439 14398.353515625
258.1453552 10753.2255859375
260.1966553 39893.16796875
263.139679 12183.6416015625
297.1934204 11439.134765625
310.1773376 34938.68359375
313.1505432 10281.80859375
315.2048035 17464.859375
331.2343445 12927.9970703125
332.1635437 11379.3583984375
332.237793 16768.474609375
337.1617737 16045.5625
353.1824646 50917.03125
365.5239563 9347.30859375
371.1954346 10670.2880859375
402.2703552 19446.916015625
402.5352783 11035.91796875
403.2704773 12251.712890625
415.1809998 11476.640625
482.2240295 17678.556640625
483.2728577 14687.0625
500.2339783 21232.513671875
515.2835693 15205.9599609375
554.3027344 19861.087890625
563.2838745 21155.9140625
564.2935791 14863.0126953125
569.3145142 19662.75390625
587.3275146 15611.8291015625
634.3181152 16858.478515625
646.3143921 12331.46484375
646.8178101 18797.12109375
682.375061 15283.3642578125
795.4401245 14612.2763671875
846.5127563 317092.46875
847.5247192 119451.5546875
848.4649048 100903.484375
894.508728 19727.91796875
965.5513916 55456.734375
966.5566406 17272.8828125
970.8797607 13287.798828125
1062.535889 22114.119140625
1064.608154 18987.455078125
1113.764771 12770.900390625
1135.667847 15679.6328125
1161.623291 19117.755859375
1162.63208 15375.0625
1193.566162 19525.353515625
1199.498657 14752.13671875
1379.721436 16275.9931640625
