1301.63576948158 3
95.22557831 10947.4052734375
98.9847641 17228.330078125
114.103096 12620.5556640625
129.0663757 12150.001953125
129.1025391 57805.3984375
136.0758667 25508.32421875
140.0813751 13233.8486328125
141.1025543 18406.599609375
157.098053 16200.73046875
160.0984497 11454.3037109375
169.0977173 24581.109375
175.119278 147413.9375
183.0759125 15510.7197265625
200.1014709 10572.52734375
212.6190796 14132.755859375
226.1548004 16026.580078125
249.1638031 52035.37109375
255.1456146 67871.265625
261.1276245 14803.935546875
272.1708984 73265.3515625
279.1824341 11952.7236328125
286.1515198 83684.5625
333.7100525 13261.0556640625
355.171875 80462.2265625
395.6890869 12788.009765625
399.2173767 13120.1005859375
400.2713623 12983.1875
435.2363281 329060.59375
497.3198242 222875.359375
498.3217163 61463.76953125
521.2469482 62679.68359375
536.255127 15170.5078125
539.2532349 48152.78515625
568.3546143 18060.263671875
619.2255859 125647.0390625
620.2241821 20235.759765625
665.4143066 77205.296875
853.883667 11513.7470703125
