3111.4484684562 3
215.10289 4663.6440429688
215.138916 2867.0859375
219.1143036 3325.3605957031
226.118866 4515.892578125
227.0653992 2901.4816894531
228.1331482 5413.8681640625
228.1692657 4666.0795898438
231.0621796 4005.5031738281
233.1652374 7942.0166015625
234.1443939 6627.8432617188
235.1142273 2754.2358398438
238.0814972 3644.5041503906
240.0975342 3623.7436523438
242.1507568 4003.0087890625
244.0943756 3271.3391113281
256.0924988 5845.1225585938
261.1239319 5949.3950195313
261.1607361 8248.8359375
266.150238 3284.6433105469
274.1219177 5383.021484375
280.1125183 20439.59765625
280.166626 13768.154296875
291.1664734 39531.59375
292.1689453 5083.8452148438
303.103302 12164.8984375
308.1072998 22108.271484375
310.2126465 3886.7265625
332.1602478 5921.2651367188
343.1789856 5855.5146484375
344.1461792 5179.9736328125
353.1879578 3939.8625488281
355.1617126 9009.5888671875
360.1222534 24886.279296875
362.202301 32145.78515625
371.1747131 49947.8203125
372.1808472 15043.9306640625
377.1515808 6737.6303710938
378.1318359 9219.7421875
378.2197876 3989.4501953125
383.186615 3627.7575683594
391.1928711 5515.5092773438
393.1945801 6860.9174804688
401.0961914 3950.5756835938
415.1975098 5399.6879882813
421.1901855 26310.216796875
422.1972046 6231.3388671875
427.2370605 4172.0327148438
429.1417847 6127.6704101563
449.1813354 4271.3647460938
454.2301331 8804.8740234375
473.2082214 19659.419921875
474.2112122 5714.05859375
479.2283936 4642.986328125
483.2205505 5533.990234375
484.2228088 3531.3901367188
490.25 6883.6293945313
508.3840332 4061.9245605469
518.2442017 39085.50390625
519.2511597 5865.2426757813
525.2674561 37996.17578125
526.2703247 6238.9204101563
542.2797241 16006.580078125
544.2473755 3840.947265625
572.2789307 7440.6704101563
596.2290039 4225.8334960938
603.3341064 5832.650390625
631.3331909 19606.904296875
632.3287964 5674.2822265625
651.3400879 5000.2651367188
653.3178711 4212.96875
656.3015137 15644.6875
686.3442993 4677.6923828125
717.3339844 4947.8188476563
731.3613281 5457.2338867188
761.3857422 4055.517578125
768.3751831 4720.2504882813
769.3553467 6220.4399414063
770.3508911 4847.4794921875
778.388855 5551.6953125
786.8151855 4866.4965820313
787.3564453 13073.283203125
788.3734741 5244.3823242188
863.402832 4630.099609375
865.4295654 4752.3857421875
903.3851318 5096.5415039063
905.9205322 21076.873046875
906.4229126 23151.22265625
906.9156494 7941.470703125
907.4391479 4246.357421875
912.4273682 21067.783203125
915.4101563 6223.4462890625
933.4526367 22688.609375
949.9255371 10853.7958984375
950.4335938 6626.1430664063
985.4343872 6967.66015625
992.954895 16986.09765625
1011.496338 6594.3662109375
1012.494446 4802.6845703125
1037.53125 5189.6083984375
1066.483887 27911.91015625
1066.991333 23904.173828125
1067.490967 22429.560546875
1067.983887 17462.8828125
1090.442017 5418.18359375
1123.034912 5723.1313476563
1123.526978 17962.703125
1124.015259 6887.0556640625
1142.526978 15013.9072265625
1197.06665 15753.90625
1197.55957 14203.0595703125
1253.536987 5411.1376953125
1259.612183 7745.912109375
1260.635376 5571.3129882813
1269.560791 69618.34375
1270.558716 36461.3125
1271.557373 19340.494140625
1276.59021 6094.3466796875
1277.081299 15721.8310546875
1277.583252 18409.181640625
1330.634399 6828.6186523438
1381.641235 15534.20703125
1382.145264 14252.025390625
1397.671509 6209.4282226563
1402.685303 8633.7607421875
1428.668579 5516.1020507813
1429.710938 5213.39453125
1456.694336 6213.3896484375
1606.722168 8102.283203125
1608.718018 14942.490234375
1614.712402 15690.26171875
1615.70105 14591.685546875
1616.70813 7634.1840820313
1713.794556 6464.6166992188
1810.822998 21190.71484375
1811.80542 16455.384765625
1812.831055 17448.630859375
1813.787476 13168.017578125
1984.889526 5896.5844726563
2006.175293 6024.3056640625
2132.947754 13624.1220703125
