1210.73291143252 2
84.04518127 110546.421875
84.081604 179803.21875
86.09713745 3704144.5
87.05606842 48237.4765625
87.10042572 196210.515625
88.96664429 41573.6328125
91.05505371 96490.8671875
92.03530884 56794.984375
92.12083435 51498.75390625
98.06600952 42873.46484375
98.47177887 44905.2890625
102.0557632 180834.890625
103.055191 61118.46484375
104.0535583 58736.9375
110.0718842 246785.75
120.0811005 1623463.0
121.0845108 187433.125
127.0500488 54588.1328125
129.1024475 296895.6875
130.0861816 193352.328125
136.0757904 838684.5
137.079422 187927.484375
147.1129303 181251.796875
156.9846649 48321.37890625
157.0975189 75223.515625
163.0866241 914938.0
170.0930023 63357.1171875
172.0724182 223479.34375
173.1286926 66459.765625
175.1195984 567649.8125
177.1020966 94279.1875
183.1135559 65927.953125
183.1490784 402072.78125
187.0715332 91784.5078125
187.1440125 74452.8515625
191.0826111 353395.625
197.129425 76072.8671875
199.1806793 2251964.0
200.1841125 262686.25
201.1240234 73133.890625
203.0843811 86300.296875
205.0967102 334822.59375
211.1443634 204368.015625
215.1379852 70285.34375
227.1759186 599698.8125
228.1765442 61085.265625
248.1026459 394494.03125
249.1604004 78117.78125
258.1459351 74134.3984375
270.1816711 111859.0859375
277.1581421 57967.796875
285.1556396 197728.734375
286.0870972 56923.46875
295.1424561 59748.75390625
303.1124268 200934.0
334.1387329 293507.21875
340.2002869 76119.109375
353.2180786 83204.7734375
357.1211243 178592.40625
361.2415771 68617.609375
366.9692078 56458.85546875
368.2294922 539714.125
369.2323303 89621.8359375
371.1777954 58528.9765625
374.1485596 59299.04296875
375.1377869 64527.87890625
377.1470947 175196.0
385.1721802 50909.0859375
385.2553711 704886.8125
386.2605896 79623.5625
442.2102356 64800.86328125
470.2095642 94536.578125
487.2324524 99881.703125
498.3384094 357158.625
499.338623 117088.515625
501.2262268 67211.4296875
509.1902771 46108.02734375
521.2758179 274014.84375
584.2989502 54267.6953125
611.4259033 632051.6875
612.4252319 226006.484375
636.3005981 252761.4375
637.2998047 66617.359375
682.4627686 819335.8125
683.4612427 365258.28125
735.3695068 292145.375
736.3726196 87439.9765625
813.5043945 372952.71875
814.4974976 185366.625
834.4286499 243601.265625
927.5340576 116692.0
928.5425415 88520.65625
967.5360718 80423.5546875
984.5652466 1624927.625
985.5708618 1163083.5
986.5611572 320997.21875
1020.482056 93639.8984375
1097.636719 87807.09375
1110.562012 61975.8984375
