2181.0268553619 3
155.0815277 6343.2172851563
155.1175842 39028.1953125
157.0603943 4732.0737304688
157.1327515 5588.9462890625
158.092041 9746.673828125
158.126709 3768.6254882813
159.0770111 6884.1069335938
159.0911255 8723.0576171875
169.0982513 6389.390625
169.1344757 6491.3393554688
171.1128082 13712.2900390625
172.1173553 4298.15234375
173.0923615 6637.8891601563
173.1280212 5805.640625
175.1188049 44081.15234375
177.5466003 4248.9921875
181.0609131 6119.4594726563
181.0969849 37960.55078125
183.1127014 13585.2119140625
183.149231 13150.751953125
185.0921021 12027.6611328125
185.1280975 5613.0395507813
186.0874023 5066.0556640625
186.1236725 7045.5493164063
187.0717163 5551.59765625
197.128067 13207.880859375
198.1223907 4811.6206054688
199.0709381 7129.2705078125
199.1080627 12910.0537109375
199.1803284 62552.5390625
200.184494 4707.490234375
201.1231079 32858.6484375
203.1211243 28875.02734375
205.0965271 5375.712890625
210.0789642 7007.8735351563
211.10672 12326.78515625
211.1448364 6408.708984375
215.1206512 5053.083984375
215.1395721 9774.2919921875
216.0978699 6805.7973632813
217.0805359 6250.853515625
223.7976685 4438.9916992188
226.1188965 37509.79296875
227.1023712 7605.9555664063
227.1755371 45620.3984375
228.134964 9878.8125
228.1794586 7264.76953125
229.1183624 34380.37890625
231.1165771 9095.00390625
232.1389771 7521.6791992188
233.093689 10863.427734375
233.1659851 5097.1650390625
240.1330109 6767.2314453125
243.1356812 5260.8159179688
245.0766602 12012.029296875
245.1315155 7927.064453125
246.1282654 9322.708984375
255.1075287 9733.4296875
257.1264343 5589.7451171875
259.141571 4591.2739257813
260.1979065 5113.4946289063
261.092041 9414.412109375
261.1551514 6775.1987304688
264.1093445 6079.6318359375
264.1369324 5849.244140625
265.118927 7426.3466796875
268.1648865 6345.6547851563
271.1452942 6184.7036132813
271.1773987 5170.8774414063
272.1699829 5300.0375976563
273.1211548 9285.3994140625
274.1219177 9459.0537109375
276.1676941 9616.91015625
282.1839294 5570.84375
283.1063538 5873.5346679688
283.1445313 13686.97265625
285.1559448 7149.2680664063
294.1811523 11766.923828125
297.5321045 5428.1723632813
311.1410522 7707.802734375
312.1549683 7595.0087890625
318.1103516 6424.751953125
328.0983582 8527.4619140625
344.147522 7891.9111328125
357.2176514 6280.1616210938
360.1576843 8294.1669921875
360.1960754 10566.607421875
371.1696167 5241.7475585938
373.184021 7932.9399414063
375.2017517 27638.697265625
376.2065125 6399.2495117188
377.2165222 7402.1533203125
386.2043152 7785.0703125
389.1493835 8746.619140625
401.1513977 5978.5537109375
411.1329651 96476.2734375
412.1372681 23754.443359375
420.2286377 11776.712890625
429.1421814 61234.6640625
431.2371826 36288.92578125
432.2359924 7438.1845703125
433.212677 6742.1220703125
460.2249146 8134.0205078125
465.7086182 8843.9306640625
498.2331848 8594.7099609375
502.2227478 7181.0473632813
503.2070923 5897.4638671875
514.2530518 13760.26171875
524.2172241 45334.1875
524.2865601 32661.58984375
542.230835 28304.044921875
556.2709961 11933.7607421875
562.2791748 24280.4921875
563.2802124 8152.603515625
593.7625732 11478.498046875
594.7682495 7649.005859375
610.3218384 10104.5009765625
620.272522 25409.56640625
621.2694702 12680.0625
622.2761841 9140.8779296875
630.3039551 7997.1254882813
642.7747803 8746.5654296875
650.7918701 20232.845703125
652.3455811 32293.46484375
666.3118286 7651.8637695313
680.4608154 7993.6342773438
683.3943481 7426.9282226563
699.326416 43924.3828125
700.338562 9729.203125
705.3786621 9139.447265625
707.3287354 10396.1181640625
723.4125366 9350.7373046875
733.3583984 9858.6298828125
740.4188232 11119.609375
749.3939819 224382.296875
750.4007568 73596.8125
751.395752 8663.7587890625
752.4033203 9182.96875
755.4472656 8845.31640625
760.3573608 11707.681640625
761.3683472 8563.982421875
764.3720703 10344.3115234375
773.4251709 7693.9360351563
781.3337402 22092.255859375
781.4906006 10224.150390625
782.324646 11508.0009765625
783.3146973 8113.1743164063
795.5515137 7213.3666992188
808.4193726 9028.486328125
809.4251709 27616.740234375
820.9187012 8352.0498046875
841.5322876 47000.7265625
847.3701782 7927.3735351563
859.3679199 36264.26953125
862.4882202 52962.5703125
863.4993286 7529.1088867188
898.499939 8866.681640625
904.46875 8881.546875
930.4078979 46570.7421875
931.4108887 27882.19140625
969.5960693 12070.88671875
977.5170898 48282.8515625
978.5092773 33713.62109375
1001.449097 55419.359375
1002.443359 10225.8193359375
1008.443481 12270.29296875
1010.451843 11884.0947265625
1011.457397 11471.822265625
1068.627075 14317.0390625
1106.554688 13625.9453125
1107.548462 25871.73046875
1111.531372 23505.748046875
1139.18689 9660.6748046875
1186.521973 26480.169921875
1205.611816 9991.1748046875
1210.557983 8112.6401367188
1211.540527 7906.984375
1300.576172 23382.20703125
2068.076172 7762.279296875
