1126.61988428194 2
83.06100464 15864.494140625
84.0451889 174407.96875
84.08155823 277623.9375
85.04832458 8155.0830078125
85.08470917 10692.466796875
86.09712982 924558.1875
87.05595398 52818.48046875
87.10050964 61088.0546875
87.16096497 7594.400390625
88.03995514 20310.642578125
91.05486298 69179.2265625
92.03479767 9287.587890625
98.06034851 11033.056640625
101.0714874 130082.265625
101.1081848 17196.64453125
102.0554886 126165.359375
104.0533524 61356.59765625
110.0717163 200688.375
112.0877686 16082.3017578125
113.0714951 14479.7490234375
115.0212936 62510.03515625
115.0505447 19096.822265625
115.0868912 38901.37109375
116.0709991 18296.791015625
119.0496216 47257.703125
120.0810928 272639.8125
121.0843201 38947.76171875
125.7528 8833.09375
128.107132 15165.79296875
129.0662231 39238.53515625
129.1025238 272656.75
130.0499115 16935.9375
130.0863495 99597.046875
130.1062317 14124.8544921875
131.118103 16099.8798828125
133.0429993 22708.5390625
136.0758667 609607.875
137.0795288 57467.015625
141.0660095 20474.955078125
141.1025543 35325.21875
143.0157928 13502.76953125
143.0806274 10338.8701171875
143.1184387 40190.3046875
147.044342 18107.9609375
147.112793 174340.65625
147.8129578 8613.3427734375
148.0758057 36284.1171875
150.0589752 34270.84765625
155.0815125 20052.125
157.0973969 34228.61328125
157.1092072 12990.8642578125
157.1336212 98340.7734375
158.0921783 35068.421875
159.0768433 21602.966796875
159.0921173 45288.43359375
159.1121674 9578.2841796875
160.0428772 53453.2734375
167.0930328 13151.6650390625
169.0970306 13222.5224609375
169.1338196 42492.4921875
171.1129456 307290.125
172.1170044 11718.7421875
173.0920258 11374.228515625
173.128479 44639.578125
175.1194153 170449.390625
176.0487823 21802.759765625
179.0817261 18230.22265625
181.0965576 16386.837890625
183.1133423 15151.001953125
183.1496277 50742.8828125
185.128479 48444.859375
186.0885468 40750.8828125
186.1704102 8928.64453125
187.0710449 18920.98828125
187.1076355 14535.2109375
193.0970154 49384.31640625
195.1134949 17741.3125
196.1443329 15185.720703125
197.12854 300957.84375
198.0871429 9557.98046875
198.1313477 38970.73046875
199.1078796 56994.6171875
199.1805878 44487.78125
200.1399078 38958.56640625
201.0866394 11153.7138671875
201.1224365 70544.7578125
204.0447693 17047.8046875
207.0763855 37331.78515625
207.1143646 15223.3466796875
211.1441803 85226.3671875
212.1036072 48354.98828125
213.160553 12951.5234375
214.1557007 76733.4375
215.1397095 42482.41015625
216.0988007 19439.30859375
216.1355286 18051.998046875
217.0988159 11090.7041015625
217.1370239 13643.103515625
221.0918579 136969.390625
222.0953217 12261.65625
223.1083984 13822.8603515625
224.1392365 16844.4921875
226.1201019 10476.8203125
226.1555939 35263.28125
227.1026764 46629.65234375
227.1763 35698.87890625
229.1183472 20839.107421875
230.0773926 9862.1806640625
232.1162262 15711.86328125
232.1403656 254253.8125
234.1460876 12190.12109375
235.1154938 8230.697265625
235.7047272 11304.8896484375
240.1338043 37338.87109375
242.1501617 325105.8125
243.1088562 18666.1015625
243.1522827 36903.83984375
244.1657867 299315.25
245.1693726 37092.29296875
249.122818 20537.0390625
250.1257935 13992.802734375
252.0364532 60009.34375
254.1510773 10735.2841796875
258.1448669 12808.7412109375
260.1965637 19779.51171875
269.0615234 13595.9921875
272.1701965 36287.26171875
273.1324768 13490.7939453125
276.1561279 13625.2353515625
278.114502 58386.22265625
284.1975708 13992.626953125
287.10495 12775.255859375
287.5163574 10342.2529296875
295.140686 53569.97265625
301.1282654 11140.6279296875
304.1316833 46162.49609375
310.1000977 12864.3798828125
310.1781006 12809.4228515625
310.2124329 33097.55078125
317.1799927 10339.9384765625
324.1564636 50347.03515625
325.1886597 18867.951171875
327.130249 21938.451171875
327.2389832 96289.3671875
328.242218 12265.5419921875
333.1932678 12133.12109375
343.1986084 17091.90625
355.2353516 48205.68359375
358.2131042 37761.46875
363.1873474 57415.796875
402.2380676 12281.5478515625
410.2366028 12242.75
428.2489929 40708.05859375
444.1832275 15325.5244140625
456.3229065 31355.896484375
470.2580261 12492.94921875
490.2823486 12519.21875
499.3202209 40389.97265625
510.2554932 56860.02734375
520.3143921 21947.623046875
521.3222656 12862.0244140625
524.211853 12828.39453125
541.2355347 50681.265625
558.2635498 194613.3125
559.2635498 59111.9375
563.3186646 39754.46875
564.3292236 32074.859375
567.3164063 84605.453125
568.3137207 41387.125
599.2883301 11422.298828125
615.2799683 53919.15234375
619.3188477 17123.1171875
636.3592529 62589.49609375
659.3112793 165507.109375
660.3145142 45030.828125
710.3031006 10739.82421875
720.3947144 124474.9296875
721.4000244 21111.734375
728.3556519 16360.677734375
754.3823242 34543.22265625
755.3743286 14310.5302734375
772.3954468 204729.859375
773.3998413 110401.2265625
774.3947144 16530.216796875
885.4731445 17805.49609375
905.4754028 13318.939453125
962.4997559 27692.8671875
963.4918823 14348.4169921875
1013.526672 12167.8056640625
