1446.64963896686 2
110.0718155 244967.671875
111.075058 7722.2241210938
113.0711288 7560.95703125
116.0710831 5050.5981445313
120.0812759 11313.7333984375
129.1024475 73853.8671875
129.3876038 4709.4096679688
130.0863647 35540.875
139.0868683 9146.0791015625
143.0820923 5007.6567382813
147.1126099 46525.0703125
157.0976105 32103.626953125
167.0818024 12512.2890625
169.134201 5660.6733398438
175.1193542 10653.857421875
185.0924225 31824.25
197.1292419 7207.4360351563
199.1071014 5093.2622070313
203.1044464 5551.9897460938
211.1441803 11839.0888671875
216.1353302 34335.0625
223.11026 5200.3383789063
223.1551514 46003.7578125
231.1130829 6398.6953125
234.1448975 96112.5546875
244.0930328 10130.0517578125
244.1667786 25693.931640625
249.1233368 21277.779296875
251.0675201 5825.0712890625
251.1510162 53473.9453125
253.5493011 5499.2944335938
254.1134796 10601.140625
272.1243591 12677.20703125
285.1356201 21028.9140625
290.1336365 5390.0336914063
303.1650391 6122.9516601563
310.212616 5886.6733398438
321.1757507 47580.50390625
331.1603699 8163.8422851563
347.182312 8242.4716796875
350.1659851 5624.794921875
355.1958618 7027.294921875
368.1707153 12203.1826171875
371.486084 5406.0737304688
373.2087402 12975.796875
382.2088623 8587.892578125
396.1671448 95683.1484375
397.1691589 33924.140625
400.2207642 49703.53515625
409.2815247 5543.818359375
414.1775818 159400.59375
415.1802063 35764.97265625
418.1742249 11467.365234375
418.2297974 272239.96875
419.2331238 66740.75
481.2554626 6353.0
509.2489929 20898.822265625
527.2608032 7580.705078125
577.2485352 7803.8110351563
585.7753296 12484.2763671875
586.2737427 8375.7255859375
590.2733154 7755.1665039063
600.2359009 5184.1958007813
623.2872314 10594.201171875
631.3261108 9466.9892578125
675.4074097 8503.3310546875
677.3068237 22023.505859375
681.3162842 7053.015625
707.3026733 17406.55078125
711.4407349 6294.064453125
714.8301392 7274.8154296875
715.4216309 6771.2924804688
724.4380493 21127.734375
725.3188477 7353.4453125
752.3282471 6533.2919921875
753.3217773 44491.15625
754.3192749 26666.08203125
920.3931885 54734.5234375
921.3970947 19388.806640625
1011.411377 12562.91796875
1012.40509 20882.3203125
1029.416504 26301.32421875
1030.407837 9857.7763671875
1033.467163 33424.71875
1034.475586 21984.51171875
1035.487183 7092.2387695313
