1695.86599534321 2
117.7556534 6502.8935546875
125.0989532 6915.9697265625
128.6373291 8006.7314453125
129.1024933 114999.21875
130.0859222 47719.8515625
136.0003357 7517.8974609375
136.0753784 14204.0400390625
147.113327 78318.125
147.1223145 11070.986328125
154.0973206 14949.7177734375
155.0813446 20623.138671875
162.4672089 9161.4072265625
172.107666 15502.482421875
173.1283112 20362.23828125
175.1178589 11675.212890625
178.8635864 10169.3505859375
182.0921173 15267.451171875
183.0759888 10777.953125
184.0707397 9618.154296875
185.0752716 10829.705078125
200.1026001 53602.69921875
204.0449982 14004.93359375
221.1038818 12842.3505859375
223.1551514 11428.1015625
231.0976868 9208.162109375
240.1339569 13723.3251953125
251.1511383 19825.248046875
255.4353943 9923.908203125
258.1447449 51875.71484375
269.1248779 50255.0234375
275.0811462 105407.7265625
276.0854492 15635.2978515625
276.1556396 26912.66015625
277.0764771 17848.44140625
287.1359253 23520.7265625
297.1204529 13002.72265625
310.1749878 20594.123046875
337.1876831 14928.169921875
355.197998 22734.09375
365.1813354 12795.939453125
377.2035828 100280.4296875
379.2061157 36665.33203125
382.2100525 25452.349609375
383.1892395 14349.3203125
438.1452332 18785.115234375
439.1473389 64194.30078125
474.2215271 15314.5888671875
492.2319031 100633.921875
493.2366638 22646.982421875
510.2677307 19274.4765625
537.2803345 24380.98046875
537.776001 13763.373046875
564.2908936 13648.423828125
605.3155518 52336.453125
620.307373 40531.71484375
647.3289185 22247.98046875
648.3137207 82264.9453125
649.3189697 16510.423828125
665.335144 20847.005859375
666.3582764 12488.28125
675.3251343 25329.591796875
676.3513794 45799.07421875
677.3690186 16484.251953125
733.3990479 15952.4208984375
748.8859253 16808.869140625
761.4003296 55314.44140625
762.3897095 17614.076171875
778.4207153 16701.1640625
790.3912964 18317.453125
839.4364624 23955.298828125
839.9247437 89345.375
840.4199829 24007.7265625
847.505249 67152.2578125
848.0255737 42813.8125
848.5046387 57354.80078125
849.4366455 22700.65234375
889.4623413 45781.46484375
900.4403687 16159.908203125
901.4367065 25912.482421875
918.458374 14514.673828125
1003.496643 26526.388671875
1004.497742 19993.615234375
1031.539063 73482.0546875
1032.535767 19093.326171875
1073.547607 16636.00390625
1074.540161 53549.3203125
1075.533691 20769.220703125
1151.572144 20988.701171875
1168.589722 83837.0078125
1169.601685 72552.5
1170.574341 21560.435546875
1187.629272 20160.607421875
1188.621338 13757.978515625
1279.62793 16518.326171875
1302.664795 18699.59765625
