1334.605924 2
95.63453674 2063.6279296875
129.1024475 47965.00390625
130.0863495 11063.890625
147.1130676 4678.9624023438
152.1904144 2429.0473632813
159.0765228 3362.80859375
170.7744904 2473.8422851563
183.1123047 2668.9685058594
186.1233826 3595.2160644531
201.1241913 10015.1982421875
204.1339111 26258.7421875
216.1347656 5595.2734375
229.1186523 24906.458984375
248.2203674 2954.9572753906
300.1566772 9899.138671875
315.1669922 12552.9072265625
333.1771545 17063.720703125
341.1846619 2959.2878417969
358.9066467 2490.3937988281
359.026825 9284.26171875
428.2493896 10576.390625
448.2021179 10002.166015625
518.2346802 3011.7565917969
518.7290649 2743.2546386719
553.7509766 9746.009765625
554.2553101 3321.1184082031
577.2489014 3236.45703125
602.2894287 2405.6677246094
611.262085 11367.712890625
611.7664185 4294.0639648438
640.6113892 2971.8305664063
667.3812866 3623.4543457031
667.7990723 13672.890625
668.2998657 4887.2758789063
668.8040161 3946.5178222656
706.2825317 5467.4477539063
774.3157959 2867.7734375
820.3289185 18873.69140625
821.3340454 5005.8842773438
942.5136719 2662.7978515625
948.4263306 3759.4719238281
1018.442078 2955.3452148438
1035.456787 3766.1784667969
1106.498413 3116.6501464844
1221.517944 3398.1301269531
1222.513672 3218.6025390625
1304.93335 3090.6967773438
