1900.99891506082 3
133.0428009 19185.2421875
136.0754395 78967.28125
136.1730347 10783.08984375
140.3430023 9544.5244140625
141.1017303 19116.0234375
143.1177368 82775.2734375
143.1268158 7666.646484375
147.1125946 56496.9609375
155.0812836 70605.2734375
157.0977325 10711.568359375
158.0928802 19183.884765625
159.1130066 187066.703125
169.0964508 16653.771484375
171.1127014 59087.8046875
172.1158905 21898.3359375
173.0549774 10151.8642578125
173.0926361 12230.892578125
173.1289063 25197.080078125
175.1192017 171362.203125
181.0603333 10355.720703125
183.1127472 27023.240234375
183.1490631 9546.703125
187.1079712 112230.65625
191.1182556 15671.9365234375
191.2867126 11365.2236328125
197.1290283 11039.0009765625
197.1652832 92824.84375
198.087204 20873.123046875
199.1077423 11711.8046875
199.1803741 26589.2421875
201.1232452 53440.7890625
203.0665283 25340.486328125
209.0919952 11496.3623046875
212.1025085 17416.119140625
214.1912689 16413.75
217.1374359 57579.359375
218.7319031 9977.0703125
224.1759949 22252.888671875
225.0996246 10983.3291015625
225.1607056 10928.232421875
226.0827789 12339.5556640625
226.1188202 56130.734375
227.0683136 12596.337890625
227.1765289 11270.7568359375
229.1186066 58873.13671875
234.0888214 11749.9794921875
234.1465454 13777.529296875
237.1242828 17258.46484375
242.1854248 28142.267578125
244.1302643 29795.626953125
249.1601563 18527.5625
252.1343384 12392.455078125
253.0914001 13695.154296875
255.1075592 12515.02734375
256.1307068 23041.931640625
261.1568604 29660.951171875
262.0843506 18122.126953125
268.1662598 11911.0869140625
271.2150269 12092.76171875
272.1314697 12606.9658203125
273.1250305 18534.37109375
276.0665283 20929.388671875
279.1340027 14587.18359375
284.1246033 32644.671875
288.2037659 20193.423828125
298.1404114 73989.8671875
299.14151 16464.03125
300.1553345 23913.892578125
304.1631165 23212.529296875
316.1506653 84758.8828125
323.1859131 13980.4208984375
332.1251526 28153.16015625
337.1895752 14399.271484375
337.2591553 17764.220703125
341.1488342 20606.25
343.1428528 24178.3984375
345.2254944 58384.11328125
346.1038513 14193.32421875
346.2262268 13661.63671875
355.2726135 13144.3466796875
357.2133789 17247.568359375
359.1561279 28697.07421875
369.2149353 23837.26953125
385.2184143 17480.23046875
397.2090454 24904.33203125
399.2252197 16215.2626953125
400.2288208 18557.087890625
401.2869568 15340.0546875
402.2441101 20844.740234375
416.2116699 17304.23828125
426.2313538 21547.423828125
454.2306824 14830.755859375
472.2431946 55637.52734375
474.234375 13846.37890625
478.2456055 69251.1875
500.2549133 17435.15625
517.2762451 25121.529296875
530.3435669 79633.671875
538.2502441 23636.421875
540.3088379 20216.91015625
557.3296509 63993.79296875
560.3167725 25314.560546875
561.3013916 67150.1171875
562.3027954 47626.8515625
564.3536987 55640.4296875
573.2305908 22172.26953125
614.3031616 16614.140625
623.3121338 27105.412109375
628.3469849 22005.408203125
632.3054199 31557.69140625
633.3013306 98293.71875
634.3063354 87272.1484375
635.3869629 63149.66796875
645.3674316 147705.0
646.371582 71336.0
665.4018555 77148.1875
689.3605957 29359.986328125
713.4145508 140962.4375
714.4243164 66609.9765625
722.3098145 95288.375
733.3490601 67188.96875
734.3491821 23329.5546875
742.3886719 19391.3515625
747.333252 26766.8203125
760.3953247 98292.7265625
761.402771 29035.759765625
789.8657227 20276.16796875
793.4557495 80000.1796875
800.3718262 20676.681640625
802.5026855 24083.55078125
804.3841553 84294.046875
805.3939819 28181.19921875
818.3748169 106315.921875
826.5060425 30536.669921875
837.3370972 205002.625
838.3431396 110049.0390625
839.3509521 27190.52734375
858.4046021 57354.3046875
871.4978638 21332.513671875
875.4202881 139463.375
876.4295044 68398.40625
908.4801636 117512.1640625
909.4779663 22883.873046875
917.4688721 55553.46484375
929.4281616 63348.69140625
930.3900146 19575.087890625
946.4624023 238425.5
947.449646 115585.4765625
948.4545288 21998.9375
949.4509888 21801.228515625
950.4291382 149208.796875
951.430481 69394.3515625
952.4227905 24750.94921875
967.4553833 55268.19140625
1057.491943 77822.0703125
1058.483398 79983.3203125
1068.503784 234470.484375
1069.503662 97944.0859375
1075.50354 229261.46875
1076.514526 135960.34375
1077.508667 49885.765625
1081.459351 139647.015625
1082.470581 65779.71875
1169.56958 30554.173828125
1170.585327 23106.23828125
1188.588623 18961.00390625
1227.604858 23406.59375
1245.603271 155491.828125
1246.602295 94250.7109375
1247.614746 28468.67578125
1250.611084 19150.2265625
