1638.77325211591 2
120.080452 17293.408203125
129.0653992 8881.5263671875
129.1018524 43167.640625
130.0647736 18080.4921875
130.0858307 20627.5078125
130.0951385 7459.8715820313
136.0757141 22861.82421875
147.1128387 41359.37109375
154.4611969 8202.3271484375
155.0811768 21599.060546875
157.131546 10062.2451171875
159.0911865 57995.0390625
169.1334686 27438.041015625
173.0914307 66096.4609375
175.1186981 50454.21484375
176.3325348 8109.8798828125
186.1239624 13474.119140625
187.1424561 10278.53125
197.1279297 27844.154296875
201.0874786 94369.1875
201.1212769 11896.84375
202.1260223 11735.62109375
212.1024017 10047.0634765625
214.1186676 29158.98828125
218.1484222 16406.419921875
227.1018829 9651.4150390625
243.109726 12254.41796875
243.1336823 15695.529296875
249.1222687 11736.77734375
250.1180573 13588.5439453125
254.1608734 62866.15234375
258.1086121 22812.056640625
263.1382751 27407.8984375
268.1653137 19548.41796875
270.1237793 26121.966796875
271.1805725 10320.689453125
278.1144714 20167.353515625
283.103241 25473.712890625
286.0996094 11777.2626953125
287.1474304 11885.90625
287.1748962 12491.79296875
298.1790771 11225.7412109375
301.1284485 22969.921875
302.1329956 15045.3095703125
305.181366 29110.23046875
329.1454468 85063.71875
358.6700134 11554.4384765625
377.183136 60902.7578125
406.2288208 128409.3125
412.1621399 50493.4140625
429.5986938 12122.9521484375
433.2463989 26754.962890625
434.2422791 13663.984375
438.7790222 12583.22265625
451.2662659 66755.4453125
460.0523376 12097.8671875
463.2263794 12795.1708984375
493.2335815 17253.03125
511.2276611 24101.169921875
515.2230835 14963.2646484375
517.2590942 25865.154296875
535.2741089 81916.1875
536.2753906 25725.86328125
634.3370361 49743.78515625
635.3469238 13068.79296875
649.2223511 13793.0517578125
665.3293457 72970.0859375
674.3634644 63486.4609375
694.2678223 15154.7373046875
711.3448486 24712.517578125
797.4017334 59754.078125
803.4176636 75453.5078125
804.4053345 181530.71875
819.4248047 81295.953125
820.4248657 49891.60546875
821.4350586 1085058.125
911.4448242 146141.8125
912.4494629 58324.73046875
985.2299194 19151.423828125
1010.511902 68138.5859375
1038.883423 16572.037109375
1071.203125 15164.2548828125
1124.567017 109689.1484375
1125.548096 51800.55078125
1310.634033 84802.671875
1560.197876 16929.103515625
