1025.59935102289 2
71.06948853 80262.453125
72.0816803 1404962.5
73.08538055 43815.1171875
74.05727386 57371.0390625
74.06092072 350219.6875
75.05593872 48225.921875
76.16591644 47461.4140625
76.44416046 43942.3125
84.04528809 214707.6875
84.08152008 535393.0
86.02772522 48658.54296875
86.06067657 353069.9375
86.09714508 2430236.5
96.04467773 67754.2265625
101.1077805 57361.53515625
102.0552902 120774.2578125
104.053627 264307.09375
110.071907 69114.6328125
113.0713348 388770.4375
120.0812607 71716.40625
129.102478 731704.9375
130.0866852 275103.46875
131.0816956 644612.5625
133.042923 66869.890625
136.0765686 432413.34375
141.06604 606849.5
143.1181641 1385371.0
144.0655518 62043.4765625
144.1223297 78373.546875
145.0975189 71398.46875
146.0634918 60496.66796875
147.1130829 590525.625
148.997757 50398.75
153.0660553 121644.2265625
159.0767517 472033.3125
169.0974579 217535.109375
169.1338348 650789.875
171.1131592 270165.8125
173.1288605 190047.84375
175.1194 118102.921875
185.1657562 100419.8046875
187.1079712 68758.0546875
187.1442108 77725.1875
189.0877533 68534.4453125
197.1290131 342538.375
198.0876007 1305172.75
199.0716248 69413.6796875
199.0898285 69304.609375
212.1413727 49522.87109375
213.1238556 82123.8203125
215.1392822 63447.03125
216.0982361 270155.1875
222.1239471 424828.71875
225.1608429 60952.03125
226.1555481 556450.4375
227.1381989 79748.578125
239.150589 198992.234375
240.1347504 282014.125
244.1659851 3663712.75
245.1701813 376615.875
246.1281128 209474.0625
247.0754242 67203.1171875
253.0761261 270519.96875
256.1300354 313902.6875
258.1442566 164680.984375
272.1624756 52628.5
281.0701904 201955.671875
283.1759644 692034.0
284.1816406 62122.31640625
297.1564941 78189.6796875
301.1878357 656365.6875
302.1899719 63360.0625
311.1721802 74480.296875
327.2032776 206523.515625
329.1812134 107985.484375
337.1876526 286972.46875
343.234314 272937.71875
355.1977844 297277.5
382.120697 76284.3984375
382.2447205 80556.1015625
426.2712402 90156.8671875
428.2484131 80863.8125
436.2566833 73669.71875
440.286377 839868.375
441.292511 232861.9375
482.3078308 74355.8671875
502.6294556 58372.359375
511.3252869 231717.546875
553.369873 94298.109375
598.3574829 1060745.625
599.3577271 284085.21875
645.3673706 93712.7109375
697.4243164 1039534.5625
698.4267578 480312.3125
732.630188 71379.1015625
860.3040161 61111.01953125
867.5324097 106634.8984375
1063.085449 69100.875
