1787.81343621453 2
129.0661316 7835.6220703125
129.1020813 50435.64453125
130.0859375 9522.759765625
132.0196381 7234.9560546875
136.0754242 7938.875
147.1126404 20767.68359375
149.1425323 8702.2861328125
159.0765839 18463.53125
164.7267761 7719.5600585938
167.0814514 11112.615234375
173.0553589 15379.0087890625
175.1193848 25283.693359375
185.0923157 103585.1171875
185.4333649 9425.0546875
186.0859985 10013.513671875
187.0713196 49103.9140625
195.0762787 16515.75
200.102417 18609.607421875
210.8448029 11518.224609375
212.1039429 18376.90625
213.0871887 211309.0
214.0920715 11367.6904296875
215.1391144 19206.533203125
226.0816956 12361.9033203125
228.133316 9174.0908203125
234.1451416 69542.6796875
243.1332855 10685.4453125
244.0928802 51189.9140625
256.1296692 11601.3623046875
262.1178284 11060.9970703125
268.0926208 13512.8583984375
284.124939 61711.07421875
286.1410522 53384.9765625
292.0936584 15382.1083984375
293.0770874 16435.578125
294.1807251 44118.70703125
310.1031799 94628.2734375
313.1882019 10834.7001953125
315.1309814 60698.9140625
323.1350403 12241.25390625
328.113739 439834.78125
329.1177673 71565.0546875
340.1152649 12018.1884765625
341.1451416 70302.375
357.1777039 43975.625
358.1767273 14540.6103515625
371.1568298 68879.8984375
381.1403503 18964.4453125
382.1309814 13814.7353515625
398.1676331 12860.0048828125
399.1511841 291708.90625
400.1534424 50815.6484375
409.2097473 24657.763671875
412.1820374 46774.79296875
416.1793518 88991.25
417.1802979 15360.4833984375
426.2379761 16888.494140625
428.2169495 13838.8427734375
428.2832336 14008.177734375
436.2221069 14773.99609375
452.1801147 27095.984375
454.2288208 21648.689453125
455.23526 15808.6669921875
507.2439575 19821.255859375
509.2011108 16633.49609375
509.2751465 44646.90625
527.2094727 142810.890625
528.2172852 14086.560546875
564.2619629 185025.796875
565.2650146 66062.0703125
566.2668457 12360.072265625
585.274231 71387.8984375
604.6764526 15117.0927734375
608.3099365 16323.7666015625
609.3045044 13140.55078125
670.3601685 21777.380859375
677.3441772 107517.3125
678.3533325 26678.984375
686.335144 16808.923828125
686.8399048 15383.3798828125
698.3551636 24862.28125
721.3870239 16382.7197265625
808.387085 107626.7421875
809.3890991 44112.95703125
851.4325562 14326.4189453125
877.4187012 46552.5546875
893.456604 177156.734375
894.463562 188180.234375
895.4509888 98038.6953125
921.4645996 24801.533203125
922.4718628 27079.318359375
1010.465637 17851.708984375
1028.471191 51885.38671875
1029.480713 18720.892578125
1107.543945 18305.05859375
1164.561157 51878.3359375
1165.553711 48002.91796875
1243.59668 43226.859375
1244.607056 23626.103515625
1261.609375 422809.8125
1262.613281 283573.3125
1263.61499 129521.859375
1264.623169 23210.8671875
1372.649902 42277.87109375
1814.175537 15564.8056640625
