912.563020909848 2
70.06594086 474910.90625
71.15506744 58252.4609375
71.16220093 50230.1328125
72.07791901 101293.7890625
72.08165741 2392226.0
73.08498383 87061.640625
79.95649719 57483.55859375
84.04521179 86925.1953125
84.08158875 135130.421875
86.09695435 420713.96875
110.0718765 89096.734375
117.1027679 685624.1875
120.0811996 261560.140625
126.1927948 55576.1875
127.0869064 73709.1875
128.6332703 57956.35546875
129.1026764 307828.84375
136.0760193 624365.625
141.1018829 133876.96875
143.1181335 80144.234375
147.1127319 130941.265625
169.0972748 132179.765625
169.1337891 292093.28125
171.1134644 124725.4921875
175.1192627 348051.6875
186.0021057 65675.859375
186.1237335 833191.5
194.0811615 73412.09375
197.1285248 136914.515625
211.1075287 257566.984375
214.1192017 72866.3125
228.1340179 537034.1875
229.130127 114928.3125
270.1812439 117493.6171875
299.1720581 291727.9375
341.2194519 77315.25
342.2192688 70387.7265625
351.2135925 115881.140625
392.2136536 316478.40625
398.7506409 85951.1328125
416.2628784 217494.625
505.300293 118519.75
515.329834 471755.5625
516.3335571 92840.890625
604.3739624 73089.609375
614.3988647 339608.03125
615.4038696 69001.9609375
685.4369507 714885.0
686.4320679 352759.59375
701.4140625 237692.375
838.6352539 64414.89453125
