1965.96732896764 2
136.0753174 863.4912719727
147.1137695 478.8249816895
160.1312103 548.5139160156
191.5585632 680.2508544922
210.0244141 1452.3181152344
210.0783386 1666.7327880859
212.6688843 613.9799804688
436.1375732 860.7132568359
715.3762817 1525.3123779297
787.821106 823.7144165039
830.3971558 1714.587890625
984.4431152 1188.6070556641
1072.197754 1062.1120605469
1092.48938 1445.3581542969
1119.699463 1140.4176025391
1154.981567 955.8065795898
1191.547485 2758.259765625
1210.561157 975.5081787109
1290.618286 1370.4136962891
1328.961182 911.00390625
1731.989868 1039.447265625
