1642.72373779892 3
115.0865631 5752.8676757813
119.0490494 10332.1484375
120.0739136 7855.5864257813
120.0809708 141249.546875
121.0839844 10949.919921875
122.7211685 4456.5869140625
129.1024933 75334.6171875
129.4493408 5385.0268554688
130.0858459 42097.578125
136.0663147 9711.076171875
136.0757751 184307.609375
137.0788574 6227.7319335938
143.1174316 37942.75
147.1123505 49152.16015625
147.121521 4455.8764648438
157.0604706 6552.4541015625
157.1331177 38408.86328125
158.0925903 8729.037109375
159.091629 10039.244140625
163.6885529 5700.1640625
173.0924683 7930.162109375
173.1282806 11486.1767578125
173.8696747 6017.095703125
175.0713196 7974.6391601563
175.1187592 51296.2578125
176.8889008 5970.7192382813
177.1024323 8758.2578125
183.1477051 5928.3891601563
185.1280518 37382.9296875
185.164978 12775.4814453125
199.180191 36000.63671875
201.1229553 27875.28125
203.0658722 43663.8125
215.1404114 12202.4873046875
225.0978851 16401.130859375
226.1187286 7628.0903320313
227.1757355 9640.1279296875
229.116745 11247.6455078125
231.1139374 6750.126953125
233.1644135 31193.662109375
234.1457367 8685.205078125
242.15065 13704.4501953125
243.1329041 14606.0009765625
244.1290588 9101.6259765625
245.0765533 17013.09375
249.1601868 10102.4267578125
253.0931244 30477.095703125
260.141449 10948.2734375
261.1595154 31571.01171875
263.1391602 18753.396484375
275.8709412 6558.2768554688
278.1534729 52124.65625
300.1928101 6513.7739257813
314.0980835 9401.2724609375
332.0108948 6855.7353515625
332.1091309 47496.33203125
337.1597595 16209.0673828125
389.1873474 25705.703125
391.1954041 12385.091796875
392.2018433 9024.236328125
400.1593628 14563.322265625
407.2024536 8028.96484375
413.1629028 15455.2568359375
437.2170715 9486.4716796875
441.1582336 34215.3046875
503.289856 13691.451171875
509.2469482 14404.302734375
522.2261353 15646.599609375
560.2281494 14047.0634765625
588.2232056 64894.36328125
588.3094482 9369.830078125
590.3254395 31602.482421875
608.2720947 11431.1376953125
609.2545776 110499.65625
610.2578735 18122.7734375
673.3166504 12095.3173828125
681.3286133 13954.625
691.3108521 9042.1806640625
701.3156128 43606.25390625
722.3410034 10425.5810546875
779.3637085 62073.80078125
780.3644409 16908.728515625
781.3568726 10121.935546875
797.6622314 9423.3779296875
834.3982544 38332.23046875
840.2060547 9025.4111328125
867.4591064 16832.439453125
1147.145752 11862.66015625
