1334.65285829124 2
92.02924347 11708.3154296875
102.055687 7763.8657226563
110.072319 5111.2080078125
129.1026459 12409.8408203125
130.7894135 5149.041015625
140.0712433 6676.064453125
147.1136932 9797.3466796875
155.0821686 5897.5190429688
158.0816345 6515.9487304688
159.0774994 6766.916015625
175.1195221 38567.9921875
195.0764618 10726.392578125
197.9797974 6189.2885742188
226.1197205 8652.3095703125
244.1662445 11304.98046875
246.1557159 7377.75390625
264.0981445 5320.5673828125
282.108551 9480.4970703125
300.118103 9560.5234375
301.1893005 6516.35546875
313.1530457 8845.4599609375
341.2183533 41168.29296875
342.2213745 7064.5668945313
353.1462097 8927.109375
371.1576538 25954.869140625
398.2408447 45809.46484375
443.2038879 8789.3779296875
467.3469238 6139.9296875
483.0351257 6111.193359375
551.3513794 5808.4013671875
574.2960815 57070.58984375
575.2959595 8338.5869140625
576.279541 8534.5478515625
610.8068848 6386.1850585938
641.8457031 6912.0947265625
661.3269653 59673.5390625
662.3276978 8888.7744140625
667.3318481 10563.955078125
668.326416 8422.1064453125
774.4127808 38873.828125
775.411377 9958.767578125
875.4561768 67739.8515625
876.4490967 23938.015625
935.5626831 5574.220703125
946.4940186 33042.9609375
947.5007324 7509.90625
1017.513367 7347.3793945313
1104.55542 7468.2080078125
1273.086426 6544.0541992188
