2642.2355691302 2
183.1126709 4218.1181640625
187.1429291 3572.0844726563
199.0709229 6271.6420898438
213.0879517 3356.5378417969
228.1339264 9279.5068359375
233.1293182 3588.5639648438
244.1656342 8104.7973632813
262.0857849 18577.599609375
290.0812378 42837.25390625
291.0877075 3936.9853515625
301.1882629 7810.0903320313
306.958374 3938.3771972656
341.2191162 5739.4106445313
374.2071533 4860.9428710938
388.2182007 8142.2680664063
403.1647949 35167.984375
404.1726379 6148.416015625
445.1797791 5616.73828125
472.1845093 5097.3447265625
475.2527771 27261.6484375
484.6835632 5206.7270507813
490.2006836 8930.1298828125
588.3165894 22718.912109375
590.2796631 8800.9697265625
595.3953247 5111.5307617188
602.9880981 5634.478515625
628.2363892 5460.9497070313
721.3220215 21603.6875
722.3169556 6763.7905273438
822.3637085 27661.78515625
845.3916626 6584.3071289063
935.4486084 9925.8125
981.4714355 5094.4262695313
1195.569214 109252.0859375
1196.569946 74670.0546875
1197.579956 18285.45703125
1279.657104 9177.0224609375
1305.624634 19713.314453125
1308.632446 15609.6572265625
1309.651611 6970.58984375
1321.688965 21075.47265625
1322.652344 50990.04296875
1422.699951 28351.841796875
1423.67688 15646.87109375
1535.77002 10044.767578125
1536.747559 7586.763671875
1650.81665 6388.6479492188
1651.803833 8119.0654296875
1747.643311 7509.13671875
1752.849365 8547.9267578125
1753.85498 5667.5751953125
1863.879517 7526.1767578125
