2353.29679156149 3
167.0809784 5814.041015625
169.0970306 6911.1337890625
169.1337128 4477.3569335938
171.1133118 6908.6489257813
171.1482697 7181.5258789063
173.128418 99470.7109375
174.1328125 4579.9770507813
175.1195984 44810.6171875
179.0817108 9739.244140625
181.0967102 4989.7470703125
183.1127014 3988.0241699219
183.1482849 3696.9887695313
185.1647644 27526.900390625
186.086853 10807.1328125
187.1089935 4132.2368164063
187.1434784 6443.5883789063
195.0752106 7300.322265625
197.1280212 4869.107421875
199.1444397 4792.91015625
201.1235504 128622.3046875
202.1266632 10035.4560546875
207.0764465 9975.0361328125
212.1025391 46185.8984375
213.1594849 26446.345703125
214.162384 4105.7387695313
215.1383209 7286.5122070313
218.1497498 36396.09765625
223.1551666 9540.1455078125
226.08255 5256.9848632813
228.1352692 6973.5146484375
229.1181946 7395.083984375
240.0986481 5203.9228515625
240.1352386 6317.615234375
241.0814972 5355.6889648438
249.161087 5108.7431640625
251.1235046 7396.1489257813
251.1506958 13497.6982421875
257.1280518 5463.341796875
258.107605 23939.814453125
258.1485901 6124.1606445313
267.1167297 6350.974609375
269.1862793 12699.49609375
272.1716614 8315.1103515625
275.1030273 6290.607421875
277.1550293 6778.0341796875
279.115448 9631.7939453125
282.1819458 5822.2216796875
285.1572266 11216.2255859375
288.2043457 8059.2807617188
289.7576904 5164.6225585938
292.1288452 40969.15625
295.1407471 37629.04296875
296.1974487 12692.841796875
304.1116943 5919.8852539063
306.1652222 5394.2163085938
311.1721802 6577.3706054688
313.1517944 55631.7578125
314.2079163 175984.25
314.2418213 11028.0283203125
315.2116089 27743.224609375
317.2186279 30137.23828125
318.1096802 9500.66796875
329.1472778 10342.3818359375
335.1365662 34602.16796875
343.1631165 10444.9775390625
385.2835999 9685.455078125
390.2110596 6261.1611328125
395.2672424 7135.01171875
396.1536865 5749.4067382813
397.138092 6850.3369140625
401.1307373 7931.8706054688
408.2268677 8958.41015625
413.2765503 75866.03125
414.2797546 13031.2822265625
416.3934326 5606.173828125
421.1718445 24775.6328125
426.2344666 29503.525390625
430.3044434 30005.466796875
447.1519165 13101.4111328125
451.2705688 6809.6059570313
462.2759399 25794.05859375
464.1784363 60574.453125
465.1826782 7488.310546875
469.2800598 9365.2265625
479.2603455 8741.6357421875
479.7573853 5932.912109375
480.2499695 25264.869140625
492.2129211 12730.3837890625
497.2742615 32884.1953125
498.2715759 8079.9326171875
500.2828064 6048.056640625
518.1911011 7742.2622070313
535.218689 35867.2109375
545.3300171 7782.8413085938
552.317627 6702.2724609375
578.3262329 11673.4697265625
596.3453979 25740.80859375
616.3773193 12036.4287109375
631.2926025 6040.1586914063
642.2739868 7357.2495117188
646.3847046 8112.7373046875
659.8496704 6259.4252929688
673.3999023 116366.359375
674.3980713 42741.8984375
709.4250488 8051.431640625
733.4130859 34393.00390625
742.3487549 7651.0771484375
759.3554688 7156.6958007813
764.4140015 55185.8203125
764.9206543 27479.712890625
765.4175415 8543.3994140625
777.4030762 31377.689453125
777.9128418 8023.0390625
781.4193726 33877.1015625
784.4295044 9939.1982421875
785.3596191 10289.8876953125
785.9226685 20877.515625
786.4929199 89589.640625
787.4885254 31894.44140625
820.507019 7976.1337890625
848.437439 49852.92578125
903.4823608 7674.3422851563
923.5418701 164436.71875
924.5487671 65147.41796875
948.4815674 7748.6479492188
959.4768066 29794.001953125
960.4660034 7841.1708984375
976.4922485 25160.44921875
1036.633301 67168.46875
1037.630249 9809.185546875
1047.533691 47954.0
1048.535522 21501.306640625
1065.441772 8194.0341796875
1107.654053 46990.77734375
1108.672119 21611.6015625
1118.565552 12316.7880859375
1130.532593 10854.0009765625
1232.606934 24955.00390625
1233.616943 12044.26953125
1236.706787 35604.359375
1237.696655 11948.3603515625
1331.672241 22606.75
1332.672363 10679.1630859375
1383.924927 7295.04296875
1402.727539 13398.76953125
1403.723022 9926.3984375
1437.616089 8093.1162109375
2199.459229 8719.921875
