2282.2308657313 3
157.0967102 8114.1752929688
157.1331329 11865.87109375
158.0922546 14591.3994140625
159.091095 13569.8984375
167.0818176 14988.1494140625
169.0609589 14363.255859375
169.0968018 10291.7607421875
171.1492767 87246.390625
172.1525726 7519.0063476563
173.1282349 22733.541015625
175.1188812 46193.265625
177.1025391 9025.37109375
181.0974121 9100.177734375
183.1121826 19839.771484375
186.0884094 13250.65234375
187.0714874 37553.4921875
187.144516 15984.533203125
191.1188202 9169.6455078125
195.0763092 10888.8857421875
197.1291046 17539.447265625
198.1246643 8684.1796875
199.1442719 38622.53125
200.1022644 8846.2783203125
201.1245575 63410.28125
205.0971832 39689.2265625
209.1403046 10572.044921875
212.1027527 42787.0078125
213.0870514 14054.5126953125
214.1184082 47951.9140625
214.1567688 8049.3916015625
215.1394653 21934.765625
219.1139221 13974.3427734375
226.1191864 81514.5546875
228.1340332 10741.572265625
229.1171875 11931.5166015625
230.1134644 21772.123046875
231.1131439 7935.5444335938
237.1309357 7013.234375
239.5527039 7429.1689453125
242.1520538 11213.3115234375
243.1096954 12539.6396484375
244.1287689 8652.03515625
245.1291351 11227.220703125
252.1026306 9374.9609375
256.1660767 17481.521484375
258.1091614 21099.33984375
260.1972046 67872.9765625
261.159668 7822.7709960938
269.1248779 11244.2939453125
270.1102295 12174.65625
271.1398315 59056.00390625
276.1350708 49791.03125
283.1435547 62448.80078125
284.1487122 8956.609375
285.1309204 10096.0302734375
286.1424866 7810.7875976563
287.1351318 12989.9814453125
299.1727905 11868.248046875
307.1439819 13619.18359375
310.1769714 9558.001953125
311.1381836 51382.06640625
311.1710815 18503.689453125
316.1313782 37228.9296875
318.1826782 9641.8095703125
318.3545532 9231.1884765625
322.1500244 8379.7998046875
323.1357422 15322.322265625
325.1492615 15907.7001953125
329.8146057 9467.46484375
331.2373657 65430.24609375
332.2038879 10421.61328125
340.1639404 19729.2265625
342.1560974 85706.6328125
343.1577148 10145.6884765625
347.172821 54000.8984375
357.1240845 18772.955078125
359.1711426 14362.048828125
387.1607971 13993.5302734375
390.2146301 18590.529296875
401.1743469 9958.3115234375
402.2717896 71858.6015625
406.2069397 10818.0927734375
413.2308044 12412.0712890625
414.7192078 13164.26171875
416.1969604 16370.8779296875
418.2105408 38885.6484375
430.2096252 17434.515625
441.2255249 92488.8203125
442.2267761 15790.099609375
458.2068787 56372.1328125
461.2513733 15818.9140625
461.7528381 14102.5224609375
473.3121643 55281.62890625
474.3163452 13211.376953125
475.75354 12261.5693359375
496.776947 10665.185546875
497.2903137 12482.9814453125
509.2008057 15023.7490234375
510.7862244 16770.87109375
512.302063 63905.984375
513.242981 12149.6953125
529.2493896 14238.779296875
530.2523193 10889.125
537.3078613 21899.677734375
540.2965698 121226.453125
541.2981567 45801.25390625
546.3101196 20984.515625
546.8058472 11214.0556640625
554.3106079 45280.9921875
555.309082 15321.947265625
558.2706299 15300.91015625
566.3041992 15326.150390625
576.4073486 10194.134765625
586.3076782 9268.1806640625
610.3135376 14713.5703125
611.3678589 75790.765625
620.37854 18961.9453125
630.8242798 13913.080078125
639.3662109 131178.140625
640.3657227 41504.5859375
641.3610229 14615.81640625
647.3141479 11592.1689453125
653.3847656 35020.87890625
654.3840332 10870.01953125
677.399353 232764.5
678.4008179 107904.03125
679.4066772 17881.521484375
710.397583 22169.380859375
711.395813 13650.8369140625
712.3646851 14115.5654296875
724.4487305 19426.943359375
752.4447632 102360.4609375
753.4512939 34652.890625
760.3668823 12664.005859375
761.3953857 18639.64453125
762.3886719 15453.84765625
788.4281006 74194.78125
789.4351807 18911.0234375
794.4133911 15815.986328125
799.3868408 16304.294921875
805.4569092 61568.96484375
806.4572754 16541.05859375
809.4699707 109975.9140625
810.4684448 53478.75390625
822.4237061 62169.51171875
823.4317627 38425.28125
833.4570923 11339.2470703125
852.4406738 12348.2333984375
863.397583 18405.029296875
864.4141235 19017.380859375
893.4699097 21535.796875
894.4527588 15949.3017578125
898.5360107 12982.0185546875
900.4308472 37810.6953125
906.5068359 233999.390625
907.5073853 108898.15625
908.5112305 39496.171875
924.4686279 41899.7421875
940.4711304 21219.44921875
971.454895 65384.74609375
992.5562134 12925.4150390625
995.590332 48573.3125
996.5854492 47713.23828125
1005.574524 67536.8984375
1006.584778 14984.7998046875
1020.565674 40313.11328125
1021.556396 35296.9921875
1033.525635 44303.609375
1051.531372 13567.482421875
1061.5271 19362.251953125
1062.519531 16501.97265625
1079.549316 20949.650390625
1091.587646 39446.140625
1092.598877 20784.96484375
1141.561401 89677.5234375
1148.622314 50996.10546875
1149.632202 22072.8125
1166.32373 15831.0703125
1191.657593 13341.9677734375
1192.623291 16973.765625
1214.61731 12771.0810546875
1260.648682 12189.287109375
1277.664063 74576.4921875
1278.667358 57091.359375
1279.680054 19201.24609375
1326.670898 13155.6123046875
1423.725586 17676.01171875
