1879.96712831349 3
130.0857086 98130.6484375
130.1053314 25687.77734375
133.0427246 19264.81640625
136.0760193 344853.5625
137.0787201 18715.791015625
141.101593 18139.5625
143.1174927 33234.265625
145.4948273 9481.5322265625
147.1130066 152831.65625
153.3166809 12927.6943359375
155.0811462 29506.7734375
157.0972137 281641.9375
158.0919952 24419.177734375
169.0972748 16954.75
171.1123962 14630.3349609375
172.0717163 23180.640625
172.1152954 13180.9951171875
173.0919495 30755.728515625
175.1195526 191295.25
178.1329803 11558.0185546875
179.0486145 11678.8701171875
182.128479 22960.044921875
183.1130371 32994.45703125
183.1486359 78138.1953125
186.1231995 23086.3671875
187.1074829 17381.859375
187.1431732 20519.326171875
196.1442413 66224.8125
197.1282959 64815.04296875
197.1456757 23458.099609375
200.1392212 71467.078125
201.1225128 18640.169921875
204.1348114 188244.03125
204.5548706 13227.3896484375
210.1247253 11317.3212890625
210.3530579 12605.798828125
211.1074219 16350.0244140625
211.1440735 28580.3359375
213.158432 17041.859375
214.1189117 35386.359375
214.1542816 79948.28125
217.1378326 103642.5703125
219.1495819 35530.15234375
224.1387329 33198.109375
225.1239014 21239.05078125
226.1182404 21715.818359375
228.1338654 71517.625
228.1704559 22150.36328125
230.076889 19788.109375
231.0977325 20772.162109375
233.164856 233669.234375
234.1673126 24496.234375
235.1448059 209794.421875
236.1470184 28228.404296875
240.0957794 15077.4453125
240.1345673 27298.396484375
242.1495514 25643.078125
242.1869965 15484.4775390625
244.0922394 12950.95703125
244.1651001 58637.40234375
245.1317444 28769.6328125
246.180542 13680.583984375
251.1506653 15804.591796875
256.1658936 695747.0
256.6814575 25631.359375
257.1673279 95358.2734375
258.1454163 24719.1796875
261.1603088 126369.453125
262.4287109 12351.7158203125
263.1387329 87104.8203125
268.1297607 18355.802734375
271.1404419 61258.4140625
279.1946716 16606.365234375
279.686615 28338.154296875
283.1465149 13092.3037109375
283.1746521 109571.8984375
285.1559448 77255.609375
288.2030029 61849.3984375
292.2021179 143525.46875
292.703949 19396.490234375
299.2072449 29522.513671875
301.187439 1567472.875
302.1908264 219885.140625
304.1619263 17960.693359375
309.1591492 15873.6826171875
327.203064 166869.8125
328.1560669 36659.46875
328.1947937 910439.6875
328.6958008 256599.171875
329.193512 19514.755859375
336.1571655 18451.818359375
337.1839294 26642.107421875
338.1815491 17659.927734375
339.1667175 20332.80078125
342.17453 17441.36328125
345.1357727 16384.431640625
352.1977844 23870.654296875
353.1817017 115170.5625
354.214447 32043.0859375
372.2245483 342795.625
373.2266541 31287.3984375
395.1523743 19486.72265625
417.2458801 32298.34375
425.2612915 141100.234375
426.2666321 19013.212890625
433.7427368 13753.1591796875
456.3196106 122302.359375
461.2303772 22282.341796875
471.2923584 124761.5546875
484.2669983 17529.556640625
498.2654114 33463.17578125
498.7699585 27899.9765625
519.2971802 24606.400390625
530.3015137 84924.3671875
531.2991943 18518.783203125
540.940918 21714.5078125
546.286499 35591.765625
554.8018188 17349.458984375
562.3222046 174157.03125
563.3218994 26998.271484375
563.8108521 266181.25
564.3116455 108594.7890625
584.3795166 169082.109375
585.3730469 69377.71875
596.3099976 23752.001953125
610.3566284 36612.01953125
616.3024292 31167.708984375
617.3023071 23706.9296875
618.3242798 20830.267578125
618.8511963 85261.8984375
619.3519287 63898.828125
627.3844604 516595.21875
627.8583984 1155870.25
628.3632202 680139.75
628.8624878 206476.890625
638.8057861 18448.162109375
641.3667603 23648.845703125
647.3222656 132834.4375
647.8153687 56316.09375
648.3231201 33042.7578125
672.8530884 19169.181640625
686.4125366 59334.76171875
691.3630371 70786.3203125
692.3709717 29130.677734375
697.8770752 18173.80859375
732.3688354 18705.857421875
750.3609009 24080.763671875
757.4319458 128642.890625
758.882019 28643.9609375
760.8731689 96792.8359375
761.3775024 57828.6015625
761.8833008 22102.05859375
766.3951416 18489.533203125
770.4505005 171448.96875
771.4605103 75344.3984375
782.3739014 81105.8515625
801.4044189 27085.1015625
810.4146729 19686.04296875
810.9100342 31046.6953125
820.4088745 26995.609375
821.4235229 18614.84765625
886.4889526 79180.0234375
889.4622803 18166.345703125
921.4544678 134100.53125
922.458252 24776.5859375
927.5305786 85078.4296875
946.484436 30809.75390625
1036.487427 160342.765625
1037.479614 34490.37890625
1060.544434 24416.041015625
1061.540649 23867.703125
1165.527832 169968.203125
1166.52832 127034.03125
1167.522339 62848.6484375
1214.580322 26240.02734375
1215.560425 27699.046875
1231.600098 88272.5
1232.594849 67278.109375
1293.621582 67301.5703125
1294.625244 25541.681640625
