1164.61815266984 2
84.0453186 260462.078125
86.09707642 5061554.0
87.10036469 166247.4375
89.0716629 644598.5625
97.94380188 146084.078125
102.0555115 144883.234375
115.0872803 509998.59375
120.0812073 797281.75
133.0433502 535916.375
136.0759735 313707.8125
139.6737061 138064.953125
157.133667 4720789.0
158.1372833 224776.6875
175.1189575 263128.09375
177.1024475 209070.78125
183.1138763 153447.421875
185.1287079 2439192.75
186.1304932 174743.5
199.1811981 193214.75
199.2821503 137944.671875
201.1232758 803199.1875
204.0798492 247502.03125
207.075592 154212.328125
232.0758362 1128985.125
246.1266785 570563.25
251.1016083 140725.625
254.1504211 896011.6875
256.1657104 318311.1875
274.1221619 303351.21875
319.173584 190186.5625
325.1872253 216388.359375
341.1615295 157829.515625
345.1591187 908832.4375
346.1653442 168968.859375
359.1685791 582726.6875
372.2242126 163801.328125
376.1934509 1047686.25
387.2049561 222441.609375
416.1954956 193855.09375
477.6330261 146464.15625
506.236145 303182.375
523.2623901 1871345.25
524.2648926 577675.625
636.3444824 1747536.125
637.3501587 1001942.5625
749.4321289 1661448.75
750.4239502 622191.875
895.9248657 225867.5
909.4561768 1004775.5625
910.4490967 619714.8125
980.4990234 1552152.0
981.4971924 1426687.625
982.4934082 451259.53125
