1081.56152358145 2
84.04506683 346874.78125
84.08132935 296784.40625
86.09708405 1299847.0
87.0561142 39420.34375
88.10863495 39973.85546875
90.94316864 42471.15234375
91.05484009 78943.4921875
100.2761765 36723.79296875
101.0715637 70401.6328125
102.0556107 605605.9375
102.9562683 43301.63671875
104.0533676 159987.78125
110.071846 177028.34375
120.0810547 1584275.5
121.0848618 81161.1875
127.0866776 62617.8203125
129.0662689 81125.4375
129.1021729 403831.15625
130.0869446 231615.4375
133.0432739 95717.1328125
136.0757904 805977.0
138.089798 50495.625
141.0665741 43897.6015625
143.1180573 209953.671875
147.1130676 390904.34375
155.0816193 265182.75
155.1179657 320404.6875
157.133316 71429.3828125
169.0971375 48462.26171875
170.092453 79439.75
171.1139069 66795.3359375
175.118988 361224.5
183.1136017 167554.09375
183.1498413 375401.53125
186.0914001 88038.421875
191.1174774 49052.4375
201.1240845 173942.5625
203.1211853 237749.140625
205.097641 58204.734375
211.1454163 52639.0703125
212.1047363 50547.20703125
217.0988007 45462.95703125
217.1336517 56786.76171875
229.1182709 54566.46875
231.0938568 65532.9296875
231.1133728 765264.5
244.1661987 156966.828125
245.1291656 43083.609375
246.090332 61582.0390625
249.1236267 392397.4375
255.1475067 55572.4453125
257.1621094 56482.08984375
259.1094055 300755.15625
260.1103516 48024.48828125
265.135376 45625.46875
272.1709595 42358.29296875
277.1201782 63659.88671875
334.1403503 54159.07421875
357.2506104 254753.625
388.1510925 71864.390625
414.2705994 558165.0625
415.2765198 95216.5
529.4990234 53481.4296875
577.3366089 342270.3125
578.3390503 76605.9296875
588.3287964 51024.87109375
611.3460693 165458.09375
644.3251343 51447.9765625
676.3969116 212131.734375
749.4277954 70015.125
773.9401855 56368.28515625
805.4436646 77221.6875
806.43927 96118.5625
838.472168 54262.38671875
870.4622803 69073.4375
1002.000732 48063.62890625
