1256.69796056125 2
87.05592346 84495.8515625
88.03998566 46640.77734375
91.05480957 82695.359375
95.22893524 43793.54296875
105.9572983 49615.53125
110.0721054 82661.7265625
119.6841202 46725.23046875
120.0813065 292896.625
122.7711258 50257.1015625
129.1026611 728300.3125
136.0664063 69519.6875
136.0760498 1246587.875
137.0797424 75333.2265625
147.1131592 198259.640625
149.8938599 46832.32421875
157.0979767 68146.4609375
158.0921478 79314.2578125
167.0815887 77615.5625
169.134201 58481.63671875
171.0770721 55222.26953125
175.1193695 340395.09375
183.1132813 101998.7734375
201.1235962 61986.578125
244.3028717 53201.359375
249.160202 898951.125
250.1630554 76200.625
263.1401978 54473.87890625
271.1399536 227616.125
277.1552429 499803.46875
278.8585815 48881.25390625
288.2033386 1456382.125
289.2064514 301078.53125
305.3934631 52399.81640625
326.171051 77563.5
334.1762695 91752.984375
376.1565247 55124.1875
403.2347107 75089.515625
500.2785339 70423.2578125
537.3034668 73148.34375
549.258606 57298.734375
580.3043213 102386.4375
597.3387451 844268.125
598.3338623 207081.0
628.3737183 85623.546875
710.4287109 76263.40625
755.3447266 54620.015625
881.4850464 399965.6875
882.4841309 177125.171875
971.5408325 82888.875
980.5407104 242804.078125
1211.071655 71859.828125
