1780.79671893087 3
129.1020813 116266.90625
129.6536713 68099.046875
136.0757904 156498.703125
175.1187744 150278.0
185.0909576 90808.625
189.6156158 80612.6796875
213.087265 94798.03125
246.3138733 76186.8125
347.5154419 85464.109375
422.6954956 167588.734375
423.1976929 113819.0
458.2381592 145941.09375
543.6375732 120114.9609375
632.2980347 651335.6875
633.302002 219253.15625
737.1496582 125598.8359375
747.3321533 465542.71875
748.3376465 158670.28125
844.3721313 1027581.9375
845.3845215 486505.59375
846.3817139 163081.65625
