2163.06345416388 3
153.1027832 11725.3251953125
155.0810699 30146.873046875
157.0970459 30323.677734375
157.1334229 39017.30078125
158.0932922 16165.5166015625
159.0763397 14797.6162109375
159.091568 20743.875
159.1128845 16429.796875
169.0610504 22029.5546875
169.0974731 30559.41015625
169.1325226 15180.7578125
170.09198 22974.466796875
171.1124573 108039.7578125
171.1488647 38578.25
175.1190033 231710.90625
176.1228333 18783.783203125
181.0958557 22705.0078125
183.1126404 116979.09375
185.0918121 88046.4921875
185.1283112 19537.04296875
185.1640472 25077.404296875
186.0879211 38145.4921875
187.1439056 32863.0859375
191.1178589 35813.55078125
195.1118011 17121.564453125
199.1446686 34457.26953125
200.1036377 20832.552734375
201.1233826 251797.625
204.1344452 17681.06640625
205.098053 75493.6875
211.1445007 22904.486328125
212.1037292 20591.064453125
213.0861664 23802.65625
213.16008 21856.05078125
216.097641 21307.939453125
217.1004639 17096.70703125
219.1148071 17261.65234375
221.1283875 42012.72265625
222.1240845 23212.923828125
223.1075745 96048.09375
226.1190338 25150.306640625
228.1339722 29773.595703125
229.0983887 21346.19921875
229.1186523 284793.21875
233.0946655 26619.97265625
233.1655579 31063.265625
238.1183319 24762.931640625
242.1506042 30229.015625
251.1030731 39158.51171875
254.151062 26199.408203125
257.1231995 35300.04296875
261.0908203 39124.82421875
261.1599426 25067.02734375
266.1500854 36884.5078125
268.1308594 24765.71484375
268.1635132 32670.7109375
269.1260681 21147.3359375
272.135437 25555.494140625
278.1170044 16926.48828125
279.1164856 21090.470703125
282.1436157 23411.376953125
283.1427002 16636.279296875
286.143219 33105.51171875
288.1376953 15895.4072265625
289.1620483 35851.4375
296.1963501 28981.845703125
299.1718445 37514.17578125
302.6635132 102976.296875
303.1742249 71551.3515625
311.1343079 19472.810546875
318.1109924 26435.62109375
323.1705933 18537.03125
333.1564331 189407.625
334.1560669 21415.919921875
339.1632996 20110.568359375
342.2068176 30255.71484375
343.13797 20923.89453125
344.1461792 38346.75390625
351.1917725 245583.703125
351.692627 114488.8203125
359.1712341 43688.97265625
361.1585999 20854.380859375
364.1640625 39807.91015625
366.1823425 22012.03515625
378.1821594 28868.822265625
380.1507263 20221.12109375
381.2118835 20819.447265625
383.1555176 22771.24609375
389.3205261 19151.876953125
392.7073364 20462.041015625
399.220459 25515.419921875
403.20224 36217.8984375
404.1933289 91040.0
410.2037048 22968.9921875
419.1579895 31316.72265625
430.208313 86249.0234375
431.2027588 20847.138671875
436.2281189 37349.640625
447.2406311 26194.53125
457.2293091 41964.78515625
458.2047119 30921.84765625
475.2311096 86020.515625
487.2327576 24644.396484375
489.2609253 37162.15234375
494.7663879 159506.453125
495.2207336 20628.52734375
496.2286377 27479.74609375
507.2692261 116813.5546875
527.2692261 35094.265625
541.2528076 21360.794921875
544.2897949 102524.015625
545.2820435 35354.05078125
558.2667236 94862.0703125
580.3114624 27203.921875
583.2961426 23545.068359375
587.2875366 36604.47265625
588.2880249 25325.283203125
590.3068848 225926.953125
604.3200684 442720.59375
605.3255615 179335.046875
606.3242798 32464.087890625
608.3085327 27612.916015625
610.3065186 21682.0390625
641.3449707 118589.703125
646.3225708 28004.564453125
659.3308716 23681.814453125
683.3643188 32806.9296875
684.3501587 218789.625
685.3529663 87360.1328125
689.3140259 28978.9375
701.3733521 1044981.0
702.3761597 452035.125
703.387207 237880.578125
704.3856812 25155.197265625
802.4285889 123918.03125
804.4423828 175259.46875
807.3822632 27564.64453125
837.4296875 26977.96875
841.421875 87986.8984375
842.4274902 27986.5859375
859.4434204 295737.5
860.4378052 117124.5078125
865.4316406 23095.07421875
872.4386597 104564.71875
873.4407959 40229.0
875.3764648 35775.35546875
876.3790894 28661.962890625
891.4706421 260445.96875
893.3817749 148683.40625
894.3795776 30901.626953125
895.4030151 25194.193359375
895.9511108 76779.4453125
898.4508057 319220.1875
899.4553223 207918.765625
900.460083 45340.96875
916.4637451 890405.375
917.4641113 447868.75
918.4596558 135592.421875
942.463562 32276.830078125
944.4832153 36093.2734375
970.5048218 37981.58984375
971.4804077 36039.91796875
988.5213623 1514154.75
989.5268555 277990.03125
1011.536743 83927.4921875
1012.539734 36072.22265625
1023.481323 45608.375
1029.552368 153999.1875
1030.552734 90658.359375
1045.50647 85404.28125
1063.491211 39808.7734375
1064.496582 67610.140625
1103.546265 259628.515625
1104.543823 38657.48046875
1116.515503 36082.6796875
1117.517944 31567.609375
1139.591797 106794.8125
1140.588989 82617.40625
1155.549316 26027.67578125
1157.59436 77480.8046875
1158.615479 25489.130859375
1202.585571 24951.201171875
1216.632324 74040.796875
1217.62146 25736.0078125
1298.680786 83015.5390625
1791.875732 29996.955078125
1850.187134 27866.234375
2123.176025 36066.1796875
