2413.04829876766 2
167.0810089 13493.7373046875
167.6323547 4712.5849609375
175.118927 26700.95703125
184.6673431 6963.6323242188
185.0916138 14689.12890625
199.071579 7015.4194335938
215.1153717 6467.9458007813
226.0815277 14080.0458984375
232.1403351 16393.013671875
244.0933533 15877.2509765625
259.09552 6987.8271484375
272.1713867 36756.20703125
296.1249695 28344.599609375
314.1346741 34508.88671875
323.1339111 12055.7021484375
328.1156006 9782.4580078125
346.1257629 9745.9990234375
392.1555481 7901.5024414063
425.1680298 10279.8134765625
443.1773987 54894.92578125
444.1814575 14931.5126953125
452.2243958 59497.53515625
453.2299194 11552.974609375
496.2073059 9334.9501953125
514.2156982 27752.708984375
521.2028809 16079.287109375
533.0408325 8793.9921875
539.2106934 8431.236328125
545.342041 7905.3637695313
554.5046387 7582.0517578125
581.2699585 30302.9609375
642.274292 15005.48828125
643.2562866 8059.216796875
692.2907715 9129.2998046875
710.3113403 101839.5859375
711.3145752 33531.171875
739.2870483 10050.884765625
756.3158569 9081.9287109375
757.3058472 14832.9248046875
825.3421021 42858.5703125
826.3505859 12652.58984375
869.3945923 10830.115234375
885.3450317 9482.40234375
926.3848267 52728.546875
927.3937988 33981.78125
988.4835815 10033.3994140625
1073.452393 79400.15625
1074.451782 50349.1640625
1075.449707 13182.369140625
1076.462891 10497.1357421875
1113.489258 8476.201171875
1184.493652 40351.04296875
1185.475952 14756.185546875
1202.494995 130474.8046875
1203.503174 105712.6796875
1204.49353 12220.396484375
1206.620483 58596.3046875
1207.624268 40751.203125
1208.602783 8997.53125
1301.5625 132281.328125
1302.577148 90725.890625
1303.578247 35130.734375
1414.665039 49373.609375
1415.646973 32355.548828125
1468.406738 8891.4189453125
1528.685303 61804.1796875
1529.691162 75408.1015625
1530.700439 15088.5908203125
1639.741943 14514.7421875
1656.763916 42805.49609375
1657.761353 40858.8203125
1727.795654 43811.84375
1728.7854 36923.4140625
1856.835205 12096.705078125
1857.838501 13532.951171875
