1926.99261927138 2
133.0429382 5392.3100585938
136.0755768 17175.462890625
147.1122894 15656.837890625
155.118103 9091.4287109375
157.0964661 5815.689453125
159.0915375 31198.611328125
159.1129761 7105.58203125
173.1288452 75201.5546875
175.1188965 14742.8779296875
183.1126556 29797.697265625
183.1485596 15063.5166015625
185.0923157 9041.150390625
186.122879 5525.7275390625
187.1440125 33854.234375
197.1277313 10015.4599609375
199.1074829 32072.5546875
201.123764 112171.671875
202.127121 8210.7890625
202.8465424 4984.8994140625
204.1342163 37407.1796875
211.1444244 8651.7783203125
212.1035004 9613.7890625
213.0869598 11119.06640625
215.1395416 13427.1015625
216.0411377 7550.0791015625
216.0969696 5976.9692382813
226.082016 6539.40625
227.1033478 71879.078125
228.1060333 5463.4916992188
228.1345673 14265.3642578125
229.0930939 15259.5712890625
229.1164856 11129.9775390625
230.1147766 7285.7583007813
244.0921173 8708.9091796875
244.9181061 6251.3779296875
260.1974182 7618.4721679688
263.1001282 6776.6997070313
277.1195374 8354.5283203125
292.1297302 8510.064453125
296.1980286 45991.7421875
308.1654968 7191.9453125
313.1513062 6201.91015625
318.1768494 52616.4296875
323.1359558 9531.71875
326.1722107 54834.51953125
327.0744934 9661.283203125
330.1667786 46538.80859375
340.1239624 8851.5888671875
341.1462402 58109.77734375
341.2167358 9103.2041015625
342.1314087 12537.34375
355.0704956 43171.515625
358.1726685 8577.9091796875
359.2635803 12833.8984375
360.1543884 12642.7978515625
363.9937744 9887.0361328125
391.1596375 11285.7529296875
411.2626953 10090.4013671875
415.1940613 35096.53515625
429.2342224 41291.046875
432.2196655 67664.796875
433.2187805 7913.3081054688
437.1827087 7471.5678710938
438.1618958 16838.826171875
439.2569885 16518.65625
455.1896973 43375.25
456.1747437 13361.5087890625
484.1124268 62750.4921875
501.1400757 36947.16796875
534.2149048 8164.3051757813
540.279541 33627.14453125
551.2489014 33698.828125
553.1891479 14511.0185546875
568.2715454 71134.1953125
569.2732544 16779.31640625
584.2472534 8934.068359375
585.3625488 119115.6484375
586.3656006 32640.580078125
601.2767944 49530.8828125
602.2716064 16738.52734375
612.1704102 43101.37109375
618.3014526 150204.3125
619.2998047 92488.984375
620.289978 8279.6875
621.2547607 14259.623046875
637.3131714 10555.2568359375
638.2854004 8575.458984375
664.3323364 28904.458984375
666.2808838 13994.6484375
681.3588257 30058.07421875
683.2973633 12196.345703125
684.3164673 8335.427734375
698.4439087 15742.5830078125
731.3831177 34806.0234375
732.3837891 16839.451171875
733.3539429 9133.091796875
740.2329102 12115.7822265625
741.3773804 12330.7744140625
749.8910522 15807.84375
750.3842773 28221.630859375
751.3777466 34438.79296875
796.3896484 11374.798828125
801.4017334 32474.599609375
802.3815918 11457.5234375
818.4146118 169807.546875
819.4124146 93785.65625
820.4244385 13522.099609375
823.2739868 32190.6796875
824.2506714 12210.908203125
841.2807617 12890.16796875
865.4208374 11530.3681640625
866.3991089 12040.2666015625
906.4730835 16375.796875
907.4719849 11569.9326171875
925.5719604 11925.0634765625
931.4966431 71705.1484375
932.5018311 65766.1875
957.5123291 12422.841796875
958.5352173 10138.7685546875
979.4886475 14391.6533203125
1023.576599 9069.39453125
1044.578125 36292.55859375
1045.574829 35520.6015625
1158.637207 17626.841796875
1255.650391 13252.748046875
1272.673096 30598.62890625
1274.64978 9312.6435546875
1481.768433 9363.904296875
1498.768433 65743.25
1499.776611 61288.11328125
1500.779175 28562.126953125
1527.173584 9651.7578125
1614.78418 12520.4873046875
