962.471211010982 2
70.06600952 322010.3125
72.0815506 360152.84375
72.94643402 26990.943359375
74.0608139 153175.234375
78.39113617 26012.912109375
84.04502869 261996.15625
84.08150482 61360.03515625
84.15488434 24904.2109375
86.09722137 364566.875
92.02851868 53412.73046875
101.0718155 223508.421875
102.0554352 38705.0
104.0533752 135115.765625
110.0718842 37181.76953125
112.0864716 39709.99609375
119.082016 31864.232421875
120.0812912 135602.1875
128.1070862 45273.51953125
129.0662842 40696.5625
129.1028595 54505.30078125
130.0869293 27169.705078125
136.0757599 63261.93359375
141.0660858 32666.6796875
146.0627136 24840.9609375
155.0818176 30087.451171875
155.1176147 31065.1875
158.0924225 36067.3046875
169.06073 154549.375
173.0920105 37878.1015625
173.1286316 118577.296875
175.1194305 307013.75
183.1118469 31105.09375
185.0918427 46913.71875
186.0881805 139666.203125
202.4961243 24940.78125
203.121582 53114.45703125
212.1044006 32303.470703125
217.0784607 27180.421875
261.1560059 25896.390625
274.1875305 105885.3046875
286.7662048 31834.0625
297.1192932 136430.921875
380.157196 67505.796875
434.2171326 361928.46875
435.2198792 64995.58984375
452.2010193 30136.548828125
547.3031616 171466.703125
648.3546753 228049.828125
649.3494873 63650.65234375
734.3745117 34966.4296875
760.3912354 44856.9140625
