1566.73253274988 2
118.3783722 26190.173828125
120.081543 336199.0625
124.8656158 33885.3203125
129.1022186 183033.171875
133.042923 64475.296875
136.0755615 221126.34375
147.1131287 54858.203125
157.0978394 38465.703125
158.0922546 270284.40625
167.0808411 66364.7421875
169.7471313 39433.31640625
175.1189728 121648.7421875
183.1493835 65165.3515625
184.0715179 53582.2578125
185.0918884 56807.9140625
186.0883789 398910.09375
201.1242218 45882.55078125
211.1429443 69070.3046875
238.0828857 56792.671875
240.134613 91157.78125
261.7972717 41179.19921875
271.1777344 83720.0078125
282.1472473 48424.51953125
299.1715393 611079.5
307.1436768 265366.96875
330.1473083 53184.5078125
338.182251 1040038.5625
339.1869507 86246.75
348.1555176 61808.703125
370.202301 57249.65625
376.1882019 77228.046875
422.2038269 60036.73828125
533.2401123 76504.65625
550.2630615 92272.0703125
710.2952881 99045.765625
758.3291016 64920.046875
841.388855 74246.46875
873.3623047 92345.171875
874.3580933 60709.34375
906.4365234 297608.1875
907.446106 60831.953125
1000.452698 243734.734375
1083.48999 1012691.625
1084.500488 437106.40625
1085.503784 109199.9375
1119.525513 88966.8046875
1147.515869 177045.578125
1179.921143 62987.609375
1197.537231 261327.75
1268.576782 215507.546875
1269.569946 80473.9921875
