1386.75037072886 2
99.6023941 40259.98828125
102.0553055 68005.0234375
120.0810318 140318.296875
124.944725 32084.005859375
126.0551224 64530.58984375
129.1022949 149202.859375
130.0863342 80431.4921875
136.0757599 62570.6484375
138.0548859 64727.44140625
141.1021423 192542.734375
143.1178436 155940.546875
144.065567 53961.51953125
147.1126251 223719.453125
169.0975037 264126.3125
170.1004791 32532.06640625
171.1130981 41535.80078125
173.0561981 225615.234375
173.0919647 69248.171875
173.1290436 41406.28515625
175.1194305 131321.015625
183.1481171 40973.8984375
186.0753479 49174.08203125
186.511795 38976.75390625
191.0814667 34024.046875
199.1808929 521038.75
201.0877686 109705.828125
201.1234283 42264.125
227.1755524 169270.71875
228.1357574 36200.0546875
244.1650543 40932.296875
258.1452026 41714.9609375
262.1408691 175486.609375
282.1802063 51955.65625
284.1235657 54816.78125
286.1392212 205495.265625
341.2179565 49846.18359375
346.4597778 32916.26953125
360.2248535 133427.03125
397.0161743 31625.4609375
409.2076416 152086.5625
440.2122803 37923.5078125
500.7879028 34321.7890625
541.2481689 33261.59765625
551.2948608 49710.91796875
560.3428955 92310.34375
580.2246094 36406.55078125
582.5982056 36694.00390625
585.3564453 75775.90625
586.3632202 36531.03515625
651.3303223 118827.515625
676.3643799 40837.1328125
693.3759155 64433.078125
694.3431396 209519.515625
763.395874 65082.796875
778.3068848 35159.01171875
820.418396 348719.3125
821.4094238 178934.71875
822.4342041 37677.5546875
831.4491577 68983.484375
933.505188 316368.25
934.4919434 181894.671875
960.4914551 42771.4921875
1004.524475 77797.1328125
1005.531494 55563.71875
1101.578247 56195.30078125
1102.580322 56419.1328125
1160.576294 133004.59375
