1827.78027577812 2
129.1018829 10380.453125
136.0755005 119264.28125
140.0305328 9166.287109375
146.0593567 9271.33203125
158.0927582 12153.9951171875
171.0766907 158179.953125
175.1193695 103197.421875
181.0606079 14211.251953125
199.0711365 24739.40625
204.1512146 9270.455078125
219.0797882 273102.375
220.0842438 12580.521484375
229.0637207 13742.8798828125
233.0953979 10615.8876953125
242.0766144 14665.34375
247.0750427 163197.734375
251.1018677 27797.236328125
256.4871216 10846.0986328125
261.09021 22376.90625
279.0987549 16856.6328125
286.1498718 50615.10546875
296.0875549 19813.27734375
299.6188965 13847.34375
303.1782532 72238.703125
314.0995483 48336.6640625
332.1092834 51032.5859375
343.7715454 12744.1181640625
348.1221313 17441.64453125
358.1109009 12799.6064453125
366.1307373 15341.2529296875
376.1162109 94647.2109375
402.1333618 15045.1044921875
410.2466125 13924.4970703125
414.9560242 12509.0458984375
416.2636108 63234.3828125
445.1407776 19961.6796875
463.1493225 25192.21875
527.2965088 51579.01953125
544.3217163 240318.171875
545.3250732 67139.5546875
560.1654663 27382.373046875
578.1856079 14689.5966796875
632.3015137 22645.22265625
633.3046875 17742.544921875
659.3477173 140756.171875
758.4208984 52261.9609375
815.4389648 227481.140625
816.4359131 88610.1015625
844.3811035 48881.89453125
845.3842773 24463.119140625
869.454834 17752.1640625
913.480896 57622.4921875
914.5770264 21652.30859375
915.5429688 28264.33984375
926.4835205 15718.95703125
927.4575195 17166.482421875
943.494751 28521.958984375
944.4625244 20303.7890625
965.4889526 16936.369140625
983.500061 16576.255859375
1000.521118 304639.6875
1001.517212 117178.6015625
1031.485352 18511.869140625
1052.566772 17057.4140625
1053.584839 19327.49609375
1070.52002 21076.01171875
1087.548218 374290.1875
1088.561157 151386.375
1234.616943 17511.822265625
1250.612427 155026.109375
1251.611328 86117.5
1252.627563 23229.640625
1365.639282 70806.171875
1366.650391 26175.376953125
1367.672607 23797.09375
1452.673462 77343.9375
1453.686523 101123.03125
1599.42041 16931.775390625
