2331.15633369822 2
165.900116 4409.017578125
173.1276703 5100.8134765625
175.1188049 59578.58984375
183.1125336 9650.8876953125
183.1490173 8531.349609375
200.139679 6859.5556640625
201.1227722 8552.48046875
211.118988 15285.6015625
211.1445465 11124.5322265625
212.1035614 6872.9458007813
214.082901 5378.1879882813
214.5253601 5934.4965820313
222.0877075 7836.84765625
239.1138611 82283.2109375
240.0977478 93202.1171875
240.1351166 14827.6484375
240.4169769 7107.8442382813
257.1247253 68862.921875
294.145874 12706.8525390625
311.1704712 54652.12890625
312.1737976 9803.9677734375
338.1827698 48430.3125
339.1661072 157432.953125
340.1706848 12957.734375
356.1925659 41508.39453125
409.2198792 42254.2265625
410.2038879 55225.4375
411.2066956 9097.8046875
418.2041016 15798.580078125
427.2285767 12034.505859375
478.2394104 11621.7216796875
479.227417 45280.3125
496.2504272 14756.83203125
497.2373047 14947.6982421875
519.2527466 29962.619140625
520.2532349 10019.861328125
534.2348633 7761.6083984375
564.3184204 8857.20703125
590.2896729 46404.38671875
591.2996826 11747.255859375
592.3051758 17604.099609375
627.3543701 8349.6767578125
718.3481445 44583.71484375
719.3583984 12812.8642578125
738.380127 31244.146484375
865.4135132 31554.6171875
866.4197388 29201.048828125
906.3983765 10300.5517578125
922.4348755 189441.4375
923.4387817 107762.3125
924.4484863 9685.5458984375
1035.518066 107663.90625
1036.528564 62748.04296875
1068.49646 34952.59765625
1069.49707 14816.1455078125
1148.576904 15861.4501953125
1149.571289 13398.072265625
1157.582764 14169.8408203125
1158.081787 29711.47265625
1165.608032 191016.140625
1166.599609 103461.2109375
1167.619141 55426.42578125
1228.628784 16885.1484375
1245.660156 516925.53125
1246.660522 354411.15625
1247.662842 113260.4609375
1248.655518 13654.666015625
1343.661499 14877.400390625
1360.684692 34890.671875
1361.683472 30457.103515625
1362.671265 16970.92578125
1474.734131 47620.828125
1475.742065 38570.81640625
1575.789673 63406.86328125
1576.772461 105021.96875
1577.802002 31976.521484375
1578.83252 12560.5986328125
1687.796753 14517.5751953125
1704.834839 62265.10546875
1705.833008 77004.1328125
1706.834473 32625.251953125
1818.899414 34663.3515625
1819.871826 17024.17578125
1904.925781 42524.8125
1905.989624 56892.1640625
1906.922241 12855.47265625
1975.989624 47568.73046875
1976.956543 41400.3984375
1977.965942 14657.71484375
2075.047363 15603.6455078125
