2041.10856608482 3
147.1124573 1070672.5
157.0977783 514136.625
183.148819 3910298.75
185.1652374 12484320.0
187.1441956 3800016.5
197.1283417 628723.125
199.1805573 4100621.25
209.1514282 626533.25
211.1439819 1294707.875
213.1595764 5092153.0
215.138504 2963072.75
227.046463 676126.0
227.175354 1308283.125
228.1339569 1231819.625
285.1550598 692148.875
286.1151428 1406579.875
286.1775818 963612.1875
294.1806946 2844376.75
301.6573486 698077.5
310.2123718 2895853.0
312.1931763 1731507.125
328.2238464 1523472.5
331.1965332 5071829.0
332.2023926 853477.0
382.1699829 1071071.125
384.1881409 1179733.625
399.2581787 1167395.875
407.2711182 872371.0
441.2077942 986924.625
479.2189331 740003.0625
509.2754517 933361.1875
554.2977905 873942.1875
602.3353882 851163.375
676.307251 912537.0
715.8879395 4268701.5
716.3886719 1395798.625
716.8893433 1722184.625
727.5466309 853806.75
731.359314 1065360.625
757.2023926 974068.8125
847.4681396 1690855.75
848.4733276 3029385.75
858.4401245 3069426.0
859.4328613 3280286.75
890.4429932 1102626.375
918.5124512 2792931.25
919.5065308 3054090.0
920.5119629 1468989.625
1006.497437 7144322.0
1007.497314 4029130.25
1008.492737 1438062.5
1100.570068 1486758.875
1101.579468 1271840.625
1102.567749 1053042.125
1119.579346 3085709.75
1121.588745 1054586.0
1132.648682 1181584.375
1133.644775 1533600.875
1203.571411 1102949.75
1220.630371 5977924.5
1221.628784 4341911.0
1222.633179 1225243.75
1248.966797 874460.4375
1430.766357 4183405.25
1431.769165 3979236.25
1499.789307 1295113.875
2024.579834 1121954.5
