1102.52036255576 2
84.04501343 305309.09375
84.08151245 377197.65625
86.05258179 69831.8359375
86.09710693 1198540.375
88.85875702 61507.5390625
91.05500793 453109.40625
92.02929688 76298.703125
101.0710907 259760.671875
102.0554733 143075.53125
110.0716629 271271.84375
115.0863419 80620.375
119.0494385 114544.6953125
120.0808792 640258.625
129.1021729 572952.0
130.0866394 157323.171875
136.0758514 4610195.5
137.0790253 345778.28125
142.3897552 62572.56640625
144.6499176 56457.55078125
147.0446167 99082.84375
147.1125793 250482.59375
150.5186005 60321.0234375
157.1339722 71166.8125
165.0060883 62000.625
169.862793 63661.3671875
174.7488708 59054.140625
175.1189117 109837.15625
181.0611572 84909.140625
181.0971985 363919.84375
185.1300049 89427.90625
186.1244202 67322.1875
201.1222534 82782.2578125
202.0856934 509945.84375
204.1345215 426486.3125
217.1334076 297346.875
245.1287079 336574.125
247.1082153 129337.0
265.1183472 1636106.25
265.274231 68517.875
266.1210632 301963.5625
275.1020813 137933.875
275.1713867 769371.6875
276.1744385 86046.15625
292.1290894 290506.25
293.1124878 725741.6875
294.1158752 83633.4765625
316.1656494 429279.40625
317.1700134 100294.78125
330.2461243 70916.8046875
373.1861572 76955.90625
388.6827087 102776.6015625
391.2005005 79186.21875
403.1607971 75798.5390625
422.2396851 226758.25
501.2823181 86832.140625
519.2924194 1452702.5
520.2973022 542909.75
630.328125 125451.7734375
693.6431274 64551.47265625
741.4228516 151787.6875
766.9968872 68651.796875
810.4133911 122981.1640625
