1031.53953743574 2
72.08170319 138754.0
84.04492188 30227.2890625
84.08177185 167219.578125
86.09710693 1659086.75
87.10053253 114867.8671875
88.0398941 67505.453125
90.49565125 17930.474609375
101.0713806 25950.119140625
104.0532379 82297.7734375
120.0811539 160984.859375
129.1026306 164562.734375
130.0649261 28731.46875
130.0864563 112006.2734375
132.0800629 28105.857421875
138.091217 35539.3515625
141.1025848 109755.0
143.1175842 17417.53515625
146.0636597 38382.59375
147.1127319 266648.21875
156.1020355 78498.734375
159.0916901 479398.59375
160.0952454 21565.8984375
170.0601807 37376.75
174.0582581 30732.330078125
175.1191864 99296.4453125
181.0973816 16735.51171875
183.1127319 180398.328125
184.0973053 30218.59375
185.0910339 21033.419921875
196.0670471 16816.669921875
199.1808014 244491.03125
200.7964325 17281.162109375
201.1235199 2151764.75
202.1272278 207275.984375
217.0822144 39670.8046875
227.1765442 68932.6796875
229.1183167 705816.6875
230.1215515 93693.265625
245.0762024 111453.1015625
270.1238098 28366.55859375
288.1704712 41729.77734375
306.6122437 17529.62109375
315.1784973 25603.908203125
316.1289978 29996.435546875
316.1660461 72986.5546875
333.1928101 505804.5
334.1949158 117409.0703125
342.2008972 162290.28125
343.2089233 51890.68359375
358.160614 138319.328125
431.1546631 23618.296875
444.223877 146017.859375
445.2283325 29337.31640625
462.2359924 94553.6328125
463.2371216 23792.806640625
471.2467651 41181.5234375
473.3164978 20372.857421875
516.2474976 21712.697265625
517.2902222 37969.0
577.2622681 223213.203125
578.2625732 106528.53125
633.3178101 107523.859375
690.3452759 238038.234375
691.3457031 140915.21875
692.3444824 30483.623046875
803.4252319 163504.984375
804.4283447 116992.4453125
805.4352417 21235.03515625
861.4385376 19858.50390625
965.2611694 19540.017578125
