2754.39103063417 2
195.0765839 14693.9287109375
197.128418 11911.0263671875
200.1023865 11999.94921875
212.1031952 18619.322265625
216.0981598 11530.7763671875
237.0866699 9429.453125
240.0981445 9560.578125
256.7108765 7890.7333984375
257.1247559 12007.1015625
258.1091919 16310.2353515625
260.1968079 7756.5883789063
262.1191406 8767.1181640625
265.0808716 9640.849609375
276.1362915 12313.69921875
281.1230469 12465.912109375
312.1925354 8688.2763671875
316.1520081 7873.474609375
325.1879578 18267.416015625
364.1615295 18311.6015625
368.1552734 12362.2587890625
371.141449 8464.380859375
382.1745605 15764.087890625
390.1765137 8998.2744140625
400.1843567 14936.0107421875
420.1498108 7607.1484375
440.2496643 9669.84375
444.2570496 9593.0966796875
450.2008057 9679.66796875
451.6016541 7517.3872070313
480.1741943 11759.2294921875
496.2175293 9446.216796875
497.2030334 15114.0791015625
514.227417 9609.4951171875
519.3000488 28672.462890625
529.2381592 11354.7138671875
535.324646 8219.1396484375
547.2540283 16524.255859375
568.3103027 16107.8076171875
569.3066406 9597.3505859375
630.3271484 15652.2421875
644.2666626 38505.89453125
647.3552856 30106.111328125
661.2971802 38899.3203125
678.3409424 8873.111328125
679.3482666 11340.287109375
693.3352051 9076.23046875
696.374939 32343.041015625
700.3392334 10534.5390625
718.3947754 68703.7421875
719.397644 30687.041015625
772.3243408 14105.9521484375
778.3956299 10810.365234375
789.3582764 14472.66015625
795.4382935 44790.37890625
804.3560181 16093.3017578125
817.4632568 37512.66796875
866.4810181 14197.6767578125
883.3601685 13007.1513671875
901.3795166 35924.078125
918.3980713 47750.5859375
919.4093018 9418.5205078125
928.4852295 10466.953125
945.5270386 13362.595703125
994.5374146 18571.087890625
1021.534485 12381.8515625
1073.575562 35591.23828125
1125.572388 10850.25390625
1201.637817 12755.2783203125
1302.68811 33063.53515625
1334.649414 10200.1005859375
1377.680298 30302.275390625
1378.705566 36977.75390625
1495.803101 14765.1865234375
1512.820435 156144.828125
1513.824341 151755.125
1514.820557 48725.7421875
1623.84436 14990.8974609375
1624.838501 28604.208984375
1640.894165 13178.88671875
1641.848999 11823.27734375
1758.877319 14845.5556640625
1837.005981 111462.65625
1838.019287 93554.390625
1839.014038 53247.80859375
2043.955566 12305.0810546875
2077.024414 11199.18359375
