1458.7066512688 2
101.0716019 39577.7109375
102.0555878 41439.5234375
104.0534592 38101.015625
110.0719376 37170.3046875
120.0814667 123687.7265625
129.0666962 18150.65625
129.1024475 78282.296875
130.0870667 37290.6328125
131.1175385 16426.3671875
136.0762634 133178.6875
140.0704651 38956.8671875
147.112915 62831.12890625
148.7079926 16978.833984375
155.1180267 26280.9375
157.1335297 26792.94140625
158.0923309 40029.02734375
159.0922546 95674.3671875
168.0656281 27838.533203125
169.1332245 20822.77734375
173.1282349 32434.65234375
175.0900574 23478.916015625
175.1189728 155543.265625
183.1139374 29448.435546875
185.1287842 27905.486328125
185.1659546 37886.515625
197.1289978 39969.72265625
201.1234283 71077.28125
203.0848999 136268.734375
203.1031036 248991.625
203.1203003 46164.3125
204.1063385 21881.267578125
213.0871429 41267.97265625
215.1392975 32647.490234375
229.1182098 71236.9375
231.0977783 734250.5625
231.1171265 78453.4375
232.1001892 30697.83984375
244.1416779 24305.884765625
266.1500244 23043.59375
284.1243286 70120.2578125
284.1600037 26530.208984375
284.193573 25076.3984375
302.153656 104756.8671875
312.1559448 99270.828125
316.1696777 159765.453125
318.1226807 42588.83203125
330.1661377 364923.53125
331.1705322 40201.3359375
335.1496277 1073374.125
336.1517029 90242.1875
337.1471558 18358.6796875
340.1506348 18341.755859375
342.1485291 77150.7578125
356.1833191 23689.26171875
360.1568604 31691.3046875
381.1765442 85902.6015625
383.1915283 32303.919921875
387.2401733 32677.833984375
398.2269897 24586.353515625
401.2008362 40110.359375
406.8751221 19497.078125
415.1664429 68385.6953125
415.2377319 29339.736328125
431.1933594 20247.0078125
433.1750488 33508.1875
443.1933289 24112.130859375
450.178833 32449.796875
487.2199707 23248.359375
514.2255859 131594.921875
514.2969971 27985.796875
515.2362671 21439.138671875
528.25177 26972.888671875
532.2432861 100375.9765625
541.2084351 41439.1015625
546.2545166 26209.71484375
558.2323608 65020.05078125
559.2206421 91341.3125
596.5265503 20361.353515625
600.302002 29028.248046875
609.3186646 20450.208984375
618.2647095 91443.5703125
624.3063965 36692.2890625
627.3140259 100571.484375
645.3249512 77668.8828125
655.28302 114719.6484375
656.288147 24238.203125
665.3740234 23332.009765625
697.3121338 71547.359375
698.2924805 174747.84375
699.293335 39470.54296875
715.3192749 1592119.125
716.3215942 532224.4375
717.3198853 122568.734375
789.4041748 36475.80859375
790.4150391 23561.82421875
814.3861694 350469.5
815.3839111 144792.421875
927.4741211 268550.1875
928.4718018 97691.6484375
998.5128174 184386.75
999.4969482 99258.6796875
1000.496887 39627.68359375
1129.554932 159127.53125
1130.540039 73071.421875
