1587.8347977955 2
110.0716324 7464.1811523438
115.0866089 4339.2216796875
116.0706558 3037.8791503906
119.0496597 3193.7172851563
120.081192 55144.30078125
125.4862366 2634.2026367188
127.0862885 3837.3879394531
129.0946655 3920.8254394531
129.1025543 56119.02734375
130.0492706 5034.1938476563
130.0860443 20368.34765625
133.0429535 3367.1938476563
133.0605316 4067.0070800781
136.0674896 2660.0344238281
136.0760193 41107.87109375
137.0789948 3074.9509277344
142.1224823 4038.4216308594
143.1177216 4019.0478515625
147.1130981 31379.728515625
152.1071777 3175.1086425781
155.0814209 5896.9838867188
155.1163635 3108.4252929688
157.0973053 37141.39453125
158.0921631 3354.4270019531
159.0913391 5777.515625
167.0814972 18744.861328125
169.0981293 5012.154296875
169.1338043 6958.5322265625
170.0624237 3640.171875
171.1124268 4324.6645507813
173.12854 5485.7607421875
175.1192627 34050.5625
183.1129761 7289.9907226563
183.1497803 8498.9228515625
185.092453 6773.6215820313
185.164856 6607.1391601563
187.1070099 4068.2009277344
187.1440735 19361.681640625
187.354126 3452.6516113281
188.0725555 5774.1669921875
191.0824432 5310.8374023438
197.1285858 28497.751953125
199.1808624 4436.0966796875
200.1391907 6634.2153320313
201.0872803 3879.0119628906
201.1235046 19225.515625
202.1274414 4865.0048828125
203.1179962 3313.9978027344
208.6429596 3740.3232421875
211.1439819 9640.955078125
212.1030579 33881.05859375
213.0869446 4707.4150390625
213.159729 24031.001953125
215.0846405 3605.0971679688
215.1179657 5767.1274414063
215.1392822 123578.1640625
216.0981903 5478.1293945313
216.1416168 6692.1279296875
217.0822449 10436.4931640625
226.0820313 3548.7292480469
227.1027679 4321.8491210938
228.1337738 16474.234375
229.1186523 22278.482421875
230.1143799 5630.1166992188
232.1404114 22981.462890625
233.0952301 31295.98046875
233.1648865 8394.3623046875
235.1096344 3981.2419433594
240.1349335 35178.65234375
242.1505585 21753.7265625
243.0802155 9657.2333984375
243.1341858 155034.859375
243.157196 7146.3173828125
244.0934601 19341.619140625
244.1369171 19949.279296875
247.0750732 19978.38671875
252.1347198 4571.7041015625
258.1092224 18184.615234375
258.1443176 38167.1796875
260.1063538 4104.341796875
260.1965637 10000.51171875
261.0905151 82549.1484375
261.1608276 5555.6958007813
262.1196899 5007.6181640625
263.1413269 5347.1889648438
270.1828613 4945.2817382813
271.1418457 5121.4106445313
272.1248474 8208.103515625
312.1551514 8629.68359375
313.1508179 4103.2436523438
324.1908569 6402.5771484375
325.1876526 18300.576171875
325.2234497 5296.9125976563
330.1655884 36551.2890625
339.1662598 18267.11328125
342.2043152 7212.3852539063
345.2249756 28143.513671875
353.219696 18394.7109375
356.1939392 5011.7978515625
357.1777954 22956.404296875
360.1600952 29525.873046875
363.1994934 9919.107421875
371.19104 24415.958984375
371.2310181 46013.45703125
374.1739502 29992.62109375
375.1326294 8088.7934570313
388.1386719 16483.685546875
388.2555237 6923.3891601563
389.2377014 9105.509765625
390.1352844 9068.25390625
393.2528992 4487.3168945313
404.1967163 6729.4985351563
408.2227783 5085.3315429688
413.2034302 24487.990234375
425.2456055 7170.4760742188
427.5897827 4756.890625
433.2797852 6957.0146484375
443.2575378 6394.0888671875
463.2332153 4840.9594726563
470.2623596 5709.8706054688
471.251709 5767.7377929688
475.2268372 7081.5571289063
485.2339783 10133.0810546875
486.2516174 5224.025390625
498.2715454 27452.34375
500.2757874 22917.642578125
503.2207642 19508.83984375
504.2236023 6210.5517578125
517.2973633 9380.998046875
547.3196411 4992.9311523438
569.2950439 16872.62109375
582.3052979 6746.8325195313
597.2543335 5896.41796875
598.3210449 10095.359375
603.2941284 7062.263671875
626.3643188 16123.302734375
627.3563232 8507.2080078125
630.3859253 25900.455078125
644.3740234 154277.28125
645.3716431 6243.966796875
669.4039307 148530.875
669.5123901 6966.3256835938
670.4065552 60230.01953125
671.4060669 8293.1650390625
682.3815308 8373.1533203125
692.3450317 5438.9458007813
701.3823242 5156.3256835938
702.2677002 8641.833984375
710.3480225 4908.9990234375
732.3772583 6409.55078125
739.336792 20800.642578125
740.3324585 7855.5302734375
743.4398804 31344.564453125
744.4276733 33034.87109375
745.428772 10450.1123046875
751.411499 5443.3774414063
784.4388428 9094.7421875
785.4389648 6337.10546875
794.4250488 7329.3037109375
829.4251709 6402.8173828125
855.4508057 6514.3823242188
873.4718018 46958.87109375
874.4764404 25331.828125
885.477417 28984.009765625
886.4869995 9428.3095703125
890.5120239 65064.77734375
891.5199585 6620.1201171875
928.3103638 6554.1049804688
956.512146 28714.41015625
957.5212402 5658.1220703125
969.5256348 9200.498046875
986.5522461 70324.265625
987.5533447 47156.04296875
988.5487671 6831.34765625
1003.598572 24180.630859375
1008.510498 16657.509765625
1058.557495 5980.140625
1073.579346 9008.001953125
1085.617065 54689.421875
1086.63562 29900.412109375
1104.638428 10036.0234375
1169.564819 6526.0288085938
1214.674805 20083.087890625
1215.672241 23143.38671875
1219.667969 24893.12890625
1345.699829 21968.45703125
1346.713013 20628.693359375
1347.724976 7374.7182617188
1578.098267 6102.5483398438
