2672.4344286547 3
184.9129333 6253.740234375
185.091629 15422.7529296875
185.1642303 7359.46875
187.071167 9313.7724609375
193.0976868 11406.2119140625
195.0759277 12390.400390625
195.1132965 12227.9013671875
197.1294861 10546.5078125
199.0716858 8660.171875
199.108017 14247.138671875
200.1395264 67601.7578125
201.1234283 35167.6015625
201.1411743 9309.287109375
209.0920105 8205.3349609375
210.0269623 6203.2377929688
211.1440887 36751.1171875
212.1027985 18862.083984375
215.1394501 9320.517578125
217.0827637 6783.3374023438
220.7396698 6748.9946289063
222.1222839 6909.892578125
225.0987396 44337.0078125
227.103302 12219.9453125
227.1752472 7500.8662109375
228.1154785 7667.6162109375
228.1342163 73261.3203125
229.117691 13083.0986328125
230.1135406 97663.8203125
231.1158142 6793.560546875
238.1188202 14891.791015625
240.1340637 7732.21875
242.1500092 10171.55859375
244.0923309 12739.716796875
245.096405 8276.908203125
250.1190643 12684.7880859375
254.1495667 10390.943359375
256.1297302 12827.484375
258.1459961 15315.9716796875
260.196991 37181.4453125
261.1596985 11079.34765625
266.1234741 7318.0141601563
266.1500244 8522.669921875
267.8178101 9084.0341796875
268.1295471 37902.86328125
276.1557922 12192.18359375
280.2023926 15879.1103515625
284.1609802 9389.5888671875
285.1595764 10248.9619140625
286.1394958 15192.142578125
294.1811523 40010.5078125
294.8822937 7412.3779296875
296.1947937 7352.328125
297.1549988 8295.33203125
298.1421204 7476.388671875
298.1753845 9752.162109375
300.1194458 9104.6611328125
300.1699829 11508.244140625
304.1657104 31730.259765625
305.1371765 13869.1669921875
308.1643372 11734.265625
308.1953735 70869.96875
311.1719666 13604.58203125
312.1927185 7809.4907226563
313.1085815 6576.4755859375
313.1518555 15425.2607421875
324.2264709 7400.5336914063
325.1882629 14741.1435546875
329.1842957 10937.072265625
330.1699219 7901.892578125
343.1980591 62920.375
350.1769409 10943.984375
353.2207031 12451.2041015625
373.2792969 9310.1064453125
381.213562 19586.095703125
394.2106628 18586.6328125
410.1668701 16447.142578125
411.2121582 8594.189453125
412.219635 38909.890625
413.2168884 12148.318359375
417.2519531 13269.0087890625
427.1951294 44644.484375
446.2255554 44176.98828125
448.7660828 15347.7578125
470.3375549 72312.671875
471.3397827 15321.0703125
476.2575073 8907.2158203125
495.257843 9768.3681640625
500.2298889 18365.736328125
506.2977905 16973.43359375
511.283783 12494.951171875
522.2876587 11293.1806640625
524.2442627 14062.037109375
529.2883301 16103.2021484375
541.2699585 19885.486328125
545.3002319 11626.7021484375
554.2683716 9989.537109375
555.2752075 8921.828125
563.3222656 37523.73046875
575.3269043 11091.39453125
577.2657471 10481.73828125
584.380127 17264.732421875
592.2940674 10134.841796875
600.317688 46655.88671875
609.3001099 13731.345703125
613.3098755 17266.9453125
627.3208618 10490.6318359375
637.3342285 17151.736328125
669.3483276 10068.3056640625
689.397583 11430.9072265625
706.4143066 31475.86328125
710.3876953 9614.609375
728.3643799 10086.162109375
745.376709 17345.41015625
746.3746338 11853.0791015625
798.3735352 34721.3515625
799.4872437 18744.958984375
801.4683838 93207.859375
801.96698 100572.59375
802.4711304 53974.890625
816.387146 19554.267578125
817.3916016 13430.5166015625
833.397644 37603.01953125
834.3977051 34703.578125
835.394043 11517.578125
841.4758301 11118.0810546875
869.4310913 11195.4580078125
870.425354 12532.9892578125
881.4754028 13887.2333984375
890.5036621 35536.5234375
890.9862671 33819.7421875
891.4854736 10135.263671875
893.4430542 53504.5
896.5216675 303533.125
897.5227051 122116.1015625
898.5279541 36030.91015625
908.4467163 13532.337890625
946.550293 18729.083984375
947.5617065 15541.0732421875
974.4199829 16015.8955078125
982.5038452 13136.8603515625
1009.625 12743.51171875
1010.601318 10848.078125
1011.460144 98442.6484375
1012.464783 63828.69140625
1013.469543 36796.13671875
1018.535522 10859.7060546875
1053.506104 18995.29296875
1054.50769 12212.685546875
1071.50708 18495.775390625
1072.521118 16554.9921875
1096.632568 32960.52734375
1100.517334 11317.435546875
1122.514038 14952.7607421875
1127.585205 13602.2822265625
1132.583008 17038.36328125
1133.604248 30423.111328125
1139.618408 37683.64453125
1140.633545 19026.240234375
1167.642334 13559.669921875
1244.571411 13678.9453125
1245.607666 15008.39453125
1252.592773 14878.041015625
1253.615356 18004.853515625
1280.746582 13278.6201171875
1294.740601 85228.1875
1295.74585 79041.234375
1296.740479 19635.66796875
1361.722778 15317.8583984375
1880.565674 11562.740234375
