1426.61495937989 2
101.0714569 16005.5400390625
102.0554581 86815.96875
110.0717545 108162.828125
115.0217743 46633.70703125
116.017067 10392.9375
120.0811996 136711.9375
121.0841827 13447.552734375
123.8117447 8266.51953125
129.0659637 89712.8203125
129.1025848 223507.953125
130.050354 11177.677734375
130.0863953 87139.3984375
130.1063843 8412.419921875
133.043396 79614.546875
136.0758514 37718.8203125
141.065979 10044.373046875
143.0160828 7865.0327148438
144.0125122 8717.1630859375
147.0763092 17353.830078125
147.1128998 102490.3828125
155.0818939 14163.9736328125
157.1338348 32176.77734375
158.0927582 6868.1127929688
159.0765839 10319.3115234375
159.1150055 10190.654296875
160.0431824 61307.4140625
165.1021576 10956.0244140625
173.0927124 12386.01171875
175.1193542 44518.88671875
179.0487976 8812.8125
181.0604858 52902.01953125
183.113266 94444.46875
186.0873108 15326.2490234375
191.1185303 14364.6865234375
198.7210693 7488.8872070313
199.0718842 60201.96875
201.0865021 14723.1484375
201.1237183 126134.75
211.145874 8241.4443359375
213.0884247 13595.552734375
214.1190948 7474.45703125
216.0427246 9215.271484375
216.0982971 7757.0024414063
217.0823517 82737.0
226.0820465 9234.6884765625
226.1194 13354.458984375
229.118576 213268.34375
230.1219635 13600.8828125
230.1493073 9029.8603515625
231.1524658 7177.8706054688
241.0823517 17817.98046875
244.0749512 44097.6875
245.0770721 105959.75
248.160675 32336.875
251.051712 14880.384765625
252.0359192 62560.390625
259.0926208 29823.974609375
260.1959839 9815.078125
262.085022 36314.68359375
269.1217041 8516.546875
270.1081543 10610.244140625
272.0700378 83222.7734375
276.1343689 44951.60546875
287.1362 13622.08203125
287.1712952 11254.3076171875
290.0802612 91041.3125
294.1780396 10128.49609375
296.0873108 11210.0126953125
305.1816711 148965.09375
306.1858215 28825.533203125
309.0947266 12854.9931640625
310.1029053 10237.3994140625
314.0975952 13198.7861328125
328.1134644 12159.6298828125
330.1306152 16663.958984375
333.1874695 10065.451171875
338.183075 8395.279296875
341.1472473 9245.9560546875
358.1614075 55667.62890625
381.1861877 17391.1640625
387.0960999 8155.7641601563
398.2008972 14009.6171875
399.15625 11019.953125
401.1118774 31349.734375
405.1071777 16170.9814453125
415.2275696 55885.203125
416.2141418 98293.53125
419.1239929 61910.59765625
433.2409363 74552.5078125
434.2471008 16111.74609375
448.2571716 51192.1953125
449.2579346 13112.2734375
476.2085571 8484.31640625
479.2584229 8118.4926757813
482.4502563 7594.6821289063
490.1619263 36884.3984375
530.1552124 13792.8427734375
534.1481323 10259.017578125
535.2394409 9813.9794921875
545.2712402 9121.0537109375
562.2944946 11451.5634765625
580.3103027 137929.0625
581.3099976 35931.45703125
590.2958984 13500.62109375
601.1916504 10538.2119140625
633.3483276 8720.3525390625
634.3206787 11009.9072265625
649.3293457 7334.9296875
651.3461914 164086.90625
652.3501587 47894.48046875
674.3462524 10016.6015625
675.3502808 10368.765625
711.3193359 9061.126953125
713.4569702 43959.40625
715.4169312 51520.9296875
734.2229614 8875.8447265625
762.3675537 31991.783203125
780.3896484 125077.5
781.3845215 58686.9375
782.3780518 13300.94921875
839.3781738 48018.171875
840.380188 17158.16015625
874.4164429 11050.8662109375
891.4104614 32455.26953125
892.4163818 16259.8291015625
909.4349365 97235.2578125
910.4342041 60935.0546875
911.4468384 8333.17578125
932.4324341 14743.9736328125
935.432251 14375.9658203125
1052.449097 13464.86328125
1069.450562 72031.6015625
1070.46936 16395.4765625
1071.445313 10953.4775390625
1082.506104 8819.1953125
1180.45874 10307.9716796875
1198.489258 16604.11328125
1199.49646 25945.119140625
1231.540161 9545.1171875
1313.514038 28149.14453125
1314.521851 10752.8564453125
