962.507110452654 2
70.0297699 37675.3828125
70.06594849 207401.296875
72.08165741 209611.484375
74.06098175 35695.5078125
78.41886139 31037.828125
84.04538727 41954.140625
84.081604 71449.75
86.0970993 79807.140625
87.05596161 165147.828125
88.04000854 227741.703125
106.0658722 31197.072265625
116.071167 34381.41796875
120.080925 35071.37109375
129.0658875 48961.21875
129.1025848 71252.671875
136.0761414 460859.03125
146.060379 78586.8515625
159.7340393 37403.91796875
169.1330719 38404.68359375
175.1194763 204923.921875
188.0718689 33133.84765625
212.1027679 153866.484375
214.1163177 38635.37890625
216.0980377 74674.8046875
233.0929871 137796.046875
236.1981964 33088.49609375
243.1453552 48780.015625
250.1185303 629723.875
250.1624756 37835.734375
251.1221161 46068.1640625
252.0619507 43652.66015625
272.1362 65220.44140625
278.1134338 132177.484375
359.1700745 61328.4375
364.378479 35256.125
377.179718 54496.234375
468.257019 47317.04296875
485.2856445 274625.90625
486.2801514 40396.67578125
542.3024292 59468.33984375
554.3936768 40831.1875
586.331665 268055.4375
587.3319702 55382.0078125
632.3500977 170556.40625
685.4012451 355928.59375
686.3984985 79572.625
743.2236328 38165.1015625
