1052.54213585436 2
74.06085205 44951.265625
77.28499603 8025.3393554688
78.0258255 8731.1044921875
84.04518127 168931.875
84.08152008 156741.53125
86.09716797 1041426.3125
87.05609131 75827.625
87.10043335 63033.6796875
88.04008484 63111.3515625
91.05504608 63016.23828125
92.03381348 12323.98828125
98.02446747 10451.66796875
101.0715256 71705.890625
101.108139 8073.3798828125
102.055481 110009.1875
104.0534286 16879.3359375
110.0718384 105148.296875
112.0872421 18005.4296875
113.0713806 13945.107421875
115.0872345 18794.224609375
116.0708542 34721.109375
119.0494843 29680.841796875
120.0811844 349105.71875
121.0844803 38522.34375
124.848671 8313.7333984375
127.0502319 13039.0185546875
127.0865479 10727.462890625
129.0662079 58681.74609375
129.1026154 129781.4453125
130.0498962 15712.4228515625
130.0650635 77858.0390625
130.0864563 104592.9453125
132.0808716 51712.34765625
133.0432587 18868.98046875
133.0613556 15868.234375
136.0759277 831836.4375
137.0792999 70653.2734375
138.092041 19913.55078125
141.06604 47147.72265625
141.1026001 67865.71875
143.1182556 15004.56640625
144.0809174 8868.52734375
144.8129578 8084.126953125
147.1127625 140144.25
155.0813293 11235.0078125
155.1180573 42065.14453125
156.1021881 14802.9267578125
157.1337585 50836.84375
158.0924377 87711.6015625
159.0785675 18683.8984375
159.0916595 225313.8125
160.0758209 9378.6025390625
160.0955505 18023.748046875
165.1026764 10118.0263671875
166.0616608 8770.8828125
169.0606384 12605.38671875
169.0984039 10537.1103515625
169.1337891 166945.453125
170.0603485 74570.3359375
170.1173859 11810.1484375
171.0779114 10981.7939453125
171.1494141 38651.9609375
173.1290436 91284.75
175.1191864 251472.390625
176.1222534 10396.7314453125
183.1131744 88987.234375
183.1499481 10087.8232421875
185.1288147 9268.4267578125
185.1652222 20497.19921875
186.0876617 70803.984375
187.0874329 39649.5703125
196.1450195 17461.873046875
197.1286469 212310.4375
198.131012 33989.5859375
199.1081238 11202.056640625
199.1447601 12820.6640625
199.1810303 10272.4111328125
200.1400146 152969.640625
201.1236572 429629.3125
201.1406097 16783.544921875
202.1268921 41519.10546875
203.1025543 14187.4248046875
204.1351166 13801.435546875
207.0782928 9643.55859375
207.1130981 12870.533203125
211.1082764 34881.734375
214.1197815 13704.20703125
214.1566315 29677.01171875
215.1394806 381868.75
216.0970612 9133.087890625
216.1423798 38029.30078125
217.0991058 10275.1533203125
217.1346436 14191.8134765625
218.1501617 9837.1650390625
225.1223602 58027.8125
226.0831909 11969.59375
227.1531219 12973.787109375
228.1343536 93363.859375
229.1179352 91543.0
231.112915 13099.6689453125
233.0931244 10364.333984375
233.1266174 12216.7099609375
233.1664734 11188.7294921875
235.1203766 70918.78125
243.1111603 17855.39453125
243.1340942 176951.921875
244.1356506 9959.490234375
244.1654205 10305.9912109375
246.1802979 14776.94921875
248.1601257 9625.4130859375
249.1231537 14269.2705078125
250.1192169 18449.46875
251.1030121 47850.37890625
254.1508331 15495.4248046875
255.1481171 66799.5703125
256.1508484 13670.4384765625
259.0930786 16539.810546875
260.1977539 48192.5
263.1398926 11073.0224609375
267.1097412 14554.318359375
268.1668396 11682.798828125
269.1268005 8918.869140625
270.77948 8434.541015625
271.1769104 35745.890625
272.1754761 51444.12890625
273.1803894 13484.73046875
277.1532593 8611.9013671875
283.1453247 13730.1552734375
288.1330261 8915.9052734375
288.2024841 80281.6171875
298.139801 11421.8447265625
299.1732178 13315.7265625
305.1617126 39492.8671875
315.1297913 13132.94140625
318.1829224 8442.71875
322.1872559 223196.546875
323.1903381 43758.828125
324.1788025 122186.03125
324.6811829 72112.2734375
326.1719055 63055.0390625
327.1698303 10720.9599609375
327.2049561 10034.974609375
345.2140503 17202.34765625
348.1978455 9395.888671875
357.1759949 12773.44140625
362.1828918 10555.40234375
364.1611023 37004.5
369.224884 12728.17578125
371.137085 9426.8125
408.1882935 12407.17578125
411.2302551 13699.5595703125
417.2442322 17081.86328125
448.2301636 13192.2734375
451.2288513 105092.296875
452.2301941 14374.7958984375
458.296051 12088.7314453125
459.2709351 9640.8203125
463.2359924 9701.595703125
473.3089905 12909.537109375
477.2446289 18086.853515625
527.3526611 16829.51171875
546.288269 48028.984375
547.2959595 17051.69140625
548.2955322 9316.5830078125
550.2995605 93109.2421875
551.3029785 51834.73046875
572.3502808 18821.4921875
626.423645 10845.2158203125
630.3225708 13340.6533203125
637.366272 15074.765625
645.2852173 9330.6357421875
647.3521118 364069.0625
648.354248 170591.21875
649.3497925 17144.166015625
658.3723145 14206.4619140625
659.3726807 15339.03515625
660.3681641 15098.4951171875
666.3427734 14310.896484375
710.3475952 11870.6376953125
732.3744507 14570.5859375
734.3756714 9247.4345703125
746.401001 73496.9453125
747.4030151 52922.82421875
751.4175415 13002.5830078125
772.3579712 10465.5009765625
810.4163208 58916.59765625
811.4106445 41604.44140625
813.4089966 11421.197265625
821.440918 17758.830078125
822.4533081 12044.005859375
859.4694824 14562.9521484375
864.4976807 10891.4931640625
981.890625 9951.2294921875
