3231.4632324685 2
227.1029053 31848.95703125
240.0786896 6332.8911132813
241.0653839 7449.6083984375
258.0912476 28093.224609375
267.1074524 4829.9672851563
276.1342773 14776.703125
278.1539001 6016.0454101563
289.7802734 3622.97265625
298.1399536 71563.1015625
299.1433411 3977.7668457031
320.3514404 4012.5883789063
326.084137 3643.5236816406
332.1596375 5143.8559570313
342.1123657 6487.5869140625
367.1599121 4706.91015625
369.1250916 7533.916015625
370.1074524 18728.771484375
383.2286072 14471.1904296875
387.1332092 117849.7890625
388.13797 16835.4375
391.2370605 4870.6791992188
411.2260742 24859.37890625
412.1720581 4473.4174804688
430.1764526 20958.671875
436.168457 6842.9619140625
440.162323 20656.82421875
441.1466064 20086.65234375
443.199707 3985.3344726563
455.1942749 5751.4887695313
458.1708679 115961.3828125
458.2331848 5918.896484375
459.1763916 20301.37109375
460.2598877 4133.7900390625
463.2199707 5542.7895507813
478.2667542 14405.4599609375
480.243042 4801.0439453125
492.2363586 4601.130859375
526.2380981 14818.7646484375
530.3016357 6065.4912109375
543.2585449 50700.7578125
544.2654419 23682.3515625
553.2471924 4828.1245117188
554.2380981 15975.681640625
558.2984009 7431.578125
560.2192993 20171.86328125
571.2546997 89636.265625
572.2570801 21961.5390625
579.1901855 4340.0361328125
592.3157959 16303.4833984375
605.2364502 4756.3676757813
613.2954102 5323.5209960938
673.3000488 6497.0634765625
686.3552856 17540.9765625
690.3288574 21567.34375
691.3348389 5353.8305664063
703.3670044 5428.0776367188
718.3173218 49791.73046875
719.3251953 17080.248046875
735.3526001 21313.03125
736.3325195 5542.859375
739.3695068 5878.919921875
828.3786621 6511.5825195313
840.4384766 13942.4052734375
846.3787842 29752.07421875
847.3856812 15312.376953125
941.4787598 24464.109375
942.4783936 6141.453125
943.4627686 5835.740234375
1070.5177 16723.388671875
1194.037231 6269.7739257813
1194.543579 8114.5336914063
1207.576538 36627.390625
1208.578979 25978.998046875
1249.591309 5478.7939453125
1316.567627 21691.720703125
1377.677734 6651.638671875
1378.693115 8827.6875
1445.621582 7668.1411132813
1446.637451 8095.7055664063
1606.722778 17459.951171875
1607.720459 20853.892578125
1608.223755 5650.2001953125
1608.729248 15834.2578125
1624.732544 18386.962890625
1625.76355 16641.392578125
1706.75293 6038.0981445313
1753.769287 19639.853515625
1754.788208 7493.9887695313
1941.866943 32825.6640625
1942.822388 37527.6015625
1943.847656 13742.7265625
2054.911865 15226.625
2055.950439 9069.166015625
2090.915771 6074.0268554688
2202.001709 6581.9291992188
2202.98999 17554.044921875
2239.982666 6448.0590820313
2369.049805 16450.337890625
2370.055176 17739.138671875
2386.091553 61605.9140625
2387.09375 89895.8984375
2388.072998 46869.31640625
2389.059082 21148.07421875
2497.118896 14808.58203125
2498.075195 9001.599609375
