2215.06731857031 3
155.0812836 607.0286254883
173.127182 479.0182800293
175.117981 4113.4780273438
185.0918579 636.6439819336
198.0871887 496.7404785156
199.1791687 570.1234741211
201.1232147 5276.2846679688
210.0243683 889.3995361328
210.0789948 10725.3037109375
211.0818939 560.0987548828
216.0973663 751.3991699219
229.1179504 2636.2048339844
259.1407776 551.2365112305
269.1235046 703.7459106445
285.1195374 753.8883056641
288.601593 583.721862793
290.1454773 570.8385009766
314.6746826 911.6211547852
325.2391052 651.462890625
361.1850281 1053.4090576172
367.1929626 647.8439941406
368.1966858 844.5915527344
392.1817932 1325.0141601563
463.2208557 676.1016845703
531.2840576 2286.1943359375
628.3380127 15599.9228515625
629.3411865 5154.7260742188
791.4011841 7170.9624023438
792.4035034 2750.9187011719
890.4172974 804.6115112305
922.4462891 2594.3359375
1325.612427 1028.9334716797
1420.686157 1089.9072265625
1678.110962 960.79296875
