1364.65646286789 2
99.05605316 50837.7109375
101.0714188 310796.125
101.3594513 44073.14453125
103.0545044 86814.8984375
109.9361267 64102.984375
115.0872879 47739.29296875
120.0811615 2267854.75
121.0846329 71205.0
129.0663452 54376.59375
129.1025085 360261.0625
130.0863647 244355.90625
133.0430145 65079.625
136.0754242 116544.578125
147.112915 314730.65625
166.5593109 51598.9921875
173.056366 51111.203125
173.3632507 45899.61328125
175.1195984 85995.5390625
183.1134644 98514.7421875
187.1436462 68277.6328125
200.1395721 246142.953125
201.0873108 114494.921875
201.1229706 354549.21875
215.1398621 56155.78515625
228.1341095 82969.8203125
233.164978 1133200.5
234.1685486 112501.890625
235.1067505 79933.5390625
241.0803223 65933.8515625
245.0775909 244582.640625
259.0946655 51554.40625
261.1604919 305031.96875
263.1035461 171927.671875
303.2028198 443157.15625
316.1143188 306327.09375
330.1294861 71308.75
344.1433411 66145.703125
370.9447021 46522.77734375
376.1866455 553467.25
377.1893005 86594.3046875
414.2339172 55284.8125
432.2468567 376986.71875
433.2461243 62323.67578125
445.1509094 53139.46484375
452.2145081 64431.57421875
473.1851501 97482.0859375
544.2277832 81828.453125
561.2885132 197356.828125
631.2245483 77593.140625
632.3216553 284355.21875
633.3262939 106864.09375
743.357666 72285.3984375
745.4125977 82021.9375
761.3624268 261797.9375
762.3682251 83434.3984375
876.3933105 551170.1875
877.3829956 212186.125
892.4686279 79381.6484375
893.4738159 65232.12109375
989.4719238 317369.03125
990.4682617 106306.4765625
1007.520142 66050.75
1008.506042 71945.546875
1104.504639 590131.4375
1105.494263 309745.125
1106.513794 96047.5390625
1251.550049 112362.84375
