1472.74540034176 2
102.055687 31502.140625
112.0876083 25749.3828125
129.0660553 54855.4296875
129.1031952 11019.810546875
130.0871429 9772.494140625
136.9675751 5782.8891601563
147.0769501 26224.18359375
147.1136169 7419.220703125
175.1191406 92317.671875
188.6541595 7047.115234375
193.6191711 6651.9174804688
201.0875397 48838.1484375
212.103241 9820.0302734375
240.0981903 74505.1015625
241.0824127 13270.5458984375
241.103653 7426.05078125
258.1091003 50892.29296875
266.2193909 7171.7475585938
272.1248779 12589.96484375
294.1089478 10378.62890625
311.1348267 60299.6171875
329.1456299 16015.203125
336.5201111 8334.5244140625
358.7136536 7210.3266601563
383.1564941 11234.10546875
408.2488098 29970.607421875
408.749115 10389.712890625
423.1548157 7396.7436523438
440.1781921 13332.3818359375
457.2518921 12751.376953125
508.2887268 73780.0625
508.7892151 36275.796875
509.2911377 9218.3642578125
511.2116089 9062.3330078125
532.0050659 6910.9033203125
573.3099365 7812.119140625
608.3251953 15758.986328125
628.3617554 12248.6591796875
663.8453369 25520.25
672.3640137 21434.404296875
672.857605 33110.7578125
673.3585205 7877.9443359375
679.8643188 7734.5258789063
688.8721313 103333.84375
689.3827515 7015.09765625
697.8779907 35017.125
698.3895874 12213.390625
699.3897705 50658.859375
700.3944702 9992.359375
719.3616333 28261.001953125
719.8599854 12778.2294921875
727.8704224 142337.8125
728.3699951 104181.5546875
728.8710938 55880.94140625
736.3718262 39791.3671875
736.8758545 373422.21875
737.3770752 360890.34375
737.5097656 9133.306640625
737.878479 138005.6875
738.3727417 22822.916015625
757.3198242 6765.0322265625
771.4171143 9850.337890625
798.4599609 39221.671875
799.4594116 13345.2998046875
815.4869385 11838.685546875
920.489563 10244.5810546875
927.4959717 36762.51171875
951.6716919 6938.57421875
998.5310669 27401.8046875
999.5384521 11592.0263671875
1128.578003 9800.0390625
1198.632935 23566.869140625
1316.640747 10835.49609375
