1552.742124 2
108.5834427 33817.1953125
110.0710754 35269.16015625
112.9483185 34446.46875
115.0864868 65365.34375
120.0804596 74720.84375
123.0531845 32809.54296875
128.8937378 36338.96875
128.9658966 37806.66796875
129.1022797 63182.21484375
130.0648804 103650.84375
130.0859833 65250.296875
136.0755005 267074.65625
147.1126251 126239.0703125
159.091095 85107.5390625
175.1187286 241962.0
187.0714569 96712.4140625
192.6162262 42755.8515625
197.1274414 58792.23046875
200.1392822 89490.7421875
215.1389923 86242.453125
218.1494904 69411.546875
220.7139282 60640.515625
226.1187897 316883.34375
228.1342926 78243.78125
244.1645813 97898.890625
269.1390686 110465.3203125
270.1236267 275024.78125
277.1540222 67793.4453125
287.1506042 75743.7890625
297.1350708 80612.6796875
298.1167908 96565.453125
299.138855 50985.37109375
301.1154785 278123.625
305.1811523 73598.2890625
312.1547852 52028.09375
341.2192383 83346.046875
355.161499 278627.3125
386.2032776 76484.6640625
392.2134705 216320.484375
423.7545776 59938.28515625
438.2744751 245077.21875
495.2946472 118439.4453125
518.2240601 69367.5390625
521.2570801 78123.140625
594.2662354 228436.140625
604.2177734 65521.62890625
634.3389282 124207.2265625
648.282959 74150.3828125
654.3122559 82637.203125
686.2398071 79046.1875
695.3180542 461374.21875
696.3258667 83002.046875
768.8597412 85268.953125
776.5029297 1088946.875
777.5131226 653965.6875
781.4110107 291664.78125
808.4019775 343289.8125
814.9684448 68875.7578125
824.4442139 76589.6875
852.4412231 70785.0546875
903.3568115 241421.03125
915.5792847 71426.2265625
971.4609375 462825.21875
972.4674683 261292.96875
1005.52887 68090.0078125
1012.483337 95399.921875
1042.529785 380094.46875
1100.50293 388215.5625
1101.507324 337579.3125
1141.597778 216586.59375
1211.536987 78685.46875
1228.544556 83332.0625
1325.61377 124561.9453125
1341.450684 86083.5546875
