1598.7432104206 2
115.0870895 126682.40625
116.0706635 145867.640625
120.0812302 2643181.25
127.0864944 411134.3125
133.0428467 278089.5625
145.7179413 170216.96875
155.0697937 243312.28125
155.0815125 5268298.5
155.322052 165565.84375
158.092514 270409.1875
160.5780792 146648.234375
171.1121521 235346.171875
175.1065826 160158.078125
175.1186523 1863813.75
177.1023407 370584.65625
199.180603 1889613.75
203.1180267 409940.0
205.0984039 231792.90625
214.1199188 343312.21875
227.1004944 216401.59375
251.1213226 265081.0625
259.1419373 314216.875
274.1547546 469614.6875
276.166626 233446.75
289.0943909 416218.25
302.150116 5804508.5
303.1531982 531096.875
357.1914063 436283.875
361.2185059 270913.34375
405.1946716 366047.6875
423.2342224 3232906.0
424.2365417 320640.84375
462.5531311 212433.3125
470.7029114 427795.0
593.2250977 449861.03125
595.2849121 951600.75
652.305481 4463547.5
653.3110962 1171253.875
678.7832642 285237.84375
686.7919922 3809337.5
687.2966309 2221618.5
687.7971191 570062.5625
757.4608765 267876.46875
763.3325195 1609912.5
764.3357544 451837.21875
780.3596191 2469992.5
781.3636475 1155526.125
800.4685669 359233.4375
862.4055176 945604.625
905.34021 291392.4375
923.3882446 543361.8125
937.4841309 333496.625
940.3916016 5953147.0
941.3966064 2675670.0
942.4060669 403892.09375
950.3359375 359701.8125
981.4589233 386897.09375
992.9173584 258535.25
1071.432983 4365991.0
1072.432007 2191723.0
1073.444946 949324.75
1097.444092 325536.6875
1218.501587 1492429.5
1219.53064 1222850.375
1270.607056 331985.8125
1275.533569 3024400.0
1276.523438 2161851.25
1277.540283 1000122.875
1372.581177 3630130.25
1373.578003 2164964.25
1374.579224 1257134.75
