1032.53258024678 2
72.08148956 1613.1547851563
81.16601563 1676.2052001953
84.04516602 10363.1005859375
84.08158112 9651.76171875
86.09726715 61476.88671875
87.05618286 6180.0932617188
88.03996277 2455.3569335938
101.0717087 2800.4006347656
102.0555496 6791.2250976563
110.0716934 2034.3763427734
112.0875168 3545.3369140625
116.0712967 1668.3897705078
126.0553055 4068.6076660156
127.0506668 2912.5417480469
129.1027069 18682.5859375
130.0870361 1951.791015625
138.0553589 3419.9650878906
140.0709229 8371.251953125
141.0652771 2144.3747558594
144.0658722 3242.0935058594
147.1133728 3355.2580566406
158.0928345 2327.1801757813
175.1193848 33099.96875
185.0928802 10088.984375
186.0747833 2162.5434570313
186.0887146 3253.8696289063
187.1448517 9355.443359375
195.0764923 1684.8002929688
203.102951 6475.572265625
204.0878143 2207.0791015625
204.1351929 2975.3354492188
210.0795746 7129.7768554688
213.0874329 11039.7744140625
215.1388855 2516.0859375
225.0422974 2704.4509277344
231.0975494 7536.4189453125
239.0945435 2913.6591796875
240.1328278 1781.4016113281
244.1655426 6334.8623046875
258.1071167 3514.0961914063
272.1364441 2918.23828125
290.1462402 12160.46875
301.1880188 14428.4150390625
302.1914368 8318.6845703125
303.2148132 13632.947265625
305.1824036 1952.6380615234
336.1781006 3712.4184570313
357.2489319 1790.8928222656
360.4342041 1765.2410888672
361.5377808 1761.7709960938
385.0187683 1758.8165283203
401.7244263 2995.177734375
402.2326965 1882.3135986328
405.1717834 6848.966796875
432.2575073 8902.8828125
455.2183228 2080.9929199219
477.2435913 3024.3740234375
504.2413025 6696.806640625
507.7648926 7970.4384765625
508.2683411 3482.1101074219
515.331665 25534.166015625
516.3336182 27107.12890625
516.7634277 9019.8798828125
517.331543 14054.5712890625
543.2914429 3979.1569824219
546.2689209 2611.1184082031
560.3162842 19249.400390625
561.319519 3961.1135253906
605.7007446 1930.6138916016
617.3006592 2729.857421875
671.3425903 3735.4460449219
672.3481445 5224.4448242188
689.3567505 27269.396484375
690.3605347 11404.3359375
747.3222046 2213.1899414063
802.4420776 11446.640625
803.4453125 3963.8557128906
830.3798218 2263.7536621094
918.9168701 2153.3063964844
931.6893311 1751.404296875
1046.07019 1958.7974853516
