889.41988405678 2
69.65727997 36162.9921875
70.06595612 475500.625
72.08157349 688031.25
74.06069946 81847.1796875
80.26428223 39449.6328125
84.04489899 86601.5390625
84.08154297 266790.84375
86.09712219 1534650.5
87.05615234 42610.2109375
87.10068512 40565.98046875
91.05487061 90524.375
92.03518677 53354.88671875
93.32487488 40333.84765625
101.0716019 72020.5390625
105.0660172 161755.328125
110.0719376 169795.5
115.0869522 76344.578125
116.0165939 36624.8046875
119.0496979 194821.5625
120.0811005 1729826.375
121.084465 86723.3828125
127.0867386 57512.85546875
129.1024628 298269.3125
130.0864716 57150.94921875
133.0434723 194995.90625
136.0758667 2927214.0
137.0790253 310452.125
139.050766 48868.0
145.061615 40063.6015625
145.0973511 216482.390625
147.1130829 173247.875
158.0926208 79135.96875
162.0912323 66781.0703125
168.9220276 47745.3984375
173.0922241 229914.015625
175.118988 776021.8125
185.1651459 187738.625
187.1438141 67373.953125
191.1179352 62171.7734375
197.1280975 44936.01171875
199.1812592 191408.9375
201.1240997 53774.796875
207.1130676 959979.0
208.1170349 54774.91015625
213.1599884 81284.09375
215.1392059 63076.7265625
219.1126862 88282.5
227.1756592 76599.8203125
229.1308746 56304.5703125
232.1099243 44994.49609375
233.1646423 90615.1796875
235.1076965 297562.40625
236.1110229 49706.66015625
263.1026611 208324.515625
271.1768799 54738.0078125
273.0649719 65118.73828125
334.1394958 65110.15234375
369.0674744 42056.13671875
375.1628723 41508.36328125
387.2725525 156225.40625
393.2255554 644574.125
394.2262268 48890.62109375
451.2727966 41858.27734375
500.3588562 341784.03125
501.3614197 65779.8125
502.3354797 61147.9140625
508.2501221 197843.375
509.1695557 40593.83203125
512.8158569 48517.4140625
538.296875 74858.5859375
599.4243774 169603.9375
600.4260864 58286.68359375
615.4169312 57148.73828125
655.3222046 405004.28125
656.3212891 205241.828125
726.3554688 242739.59375
727.3578491 53077.3359375
757.4510498 48072.0703125
922.3934326 57135.40234375
