2881.50544416753 2
201.1228943 3260.5793457031
213.0882874 3359.2475585938
227.1031189 6235.9360351563
246.1806793 3768.3813476563
254.1609344 4704.623046875
344.8683777 3131.9426269531
347.2298889 14997.7919921875
350.3457642 3083.0666503906
353.9665222 2910.2917480469
356.1462097 18889.927734375
357.1494446 4485.7543945313
414.5556641 3227.0959472656
441.4002686 3124.6538085938
455.2155762 20348.080078125
471.1724548 5012.3759765625
481.4971619 3923.3244628906
497.3471375 4311.6201171875
524.2384033 6054.4399414063
533.3311157 21922.1484375
534.3369141 4749.970703125
577.3432617 3726.9819335938
578.3280029 4081.4885253906
595.3587646 39805.32421875
596.3600464 12372.44921875
632.3952026 7906.4189453125
680.7145996 4053.5395507813
723.4158936 3976.5620117188
745.3386841 3994.60546875
822.4876709 5368.1298828125
921.5571899 22023.92578125
922.5614014 4390.8364257813
937.3852539 3727.1081542969
987.5397339 57155.3515625
988.5400391 23471.927734375
1049.610107 6146.9086914063
1102.555664 5472.8442382813
1150.642822 5086.380859375
1151.643188 4850.9165039063
1221.701782 11865.826171875
1222.682495 5486.861328125
1301.699341 4995.5834960938
1306.773071 7480.5327148438
1334.774536 21579.802734375
1335.761108 17723.57421875
1421.81311 6313.6010742188
1424.773315 5283.5546875
1432.750366 17881.486328125
1433.249878 12926.7265625
1433.745361 5669.8198242188
1441.255371 42286.52734375
1441.764771 94812.34375
1442.244873 36459.00390625
1442.767822 22212.943359375
1443.255737 12674.2802734375
1493.058105 4529.5942382813
1550.863647 18911.044921875
1551.84021 15075.822265625
1552.84436 6556.9282226563
1779.984497 11842.240234375
1832.863159 4744.4702148438
1876.987183 6339.7197265625
1877.952515 16279.31640625
1878.989746 6449.2333984375
1894.983398 70051.9453125
1895.986328 70716.546875
1896.988525 30979.283203125
1897.995483 5186.5473632813
1932.177856 5546.4755859375
