1455.69170380887 2
101.0713959 100379.7421875
102.0562592 25656.994140625
110.0716934 122139.890625
115.0871429 22758.30859375
120.0812836 174709.765625
129.0663605 96238.6328125
129.1025696 120025.5703125
130.0864868 109772.234375
133.0431824 21675.349609375
136.0757141 229573.09375
141.06604 21056.978515625
141.102478 38750.61328125
141.1140747 18161.029296875
143.0822296 48142.171875
143.118454 29154.1328125
145.09758 51750.51953125
147.1131134 76481.8515625
156.0767059 48600.296875
157.0965729 40068.55859375
158.0926971 40610.01953125
167.0820313 27798.970703125
173.092865 35745.3671875
173.127655 20068.3671875
175.1066437 25007.275390625
175.1194611 316243.0
183.1129913 98768.5
185.0923615 232012.609375
185.1656647 21043.1015625
187.1447601 21632.06640625
198.0869446 25814.9375
200.1036072 42966.6328125
201.123642 910219.125
201.1414337 44788.45703125
202.1263733 37792.34375
203.1036377 22625.58203125
212.1033936 50377.625
214.1191559 25258.341796875
215.1395416 46703.46875
215.9465637 25492.642578125
217.134079 40236.29296875
227.1392059 30522.53515625
229.1184235 438369.15625
230.1154175 109362.734375
239.1135559 44646.515625
244.0943298 26867.978515625
244.1651001 50138.1796875
256.1308899 85415.015625
257.1248474 37051.18359375
259.6173401 20132.712890625
283.1396179 32989.1015625
284.1637573 30977.373046875
301.150116 25698.384765625
311.1712952 26279.759765625
312.1549683 228263.59375
315.1281128 25385.2578125
321.1561584 34007.7421875
324.1017761 30313.28125
329.1815491 28661.6484375
330.1665955 86456.7421875
338.1820374 83441.1796875
369.2161865 25854.634765625
371.1555176 44000.8671875
384.1911621 24182.474609375
395.193634 195200.625
396.1934204 25326.41015625
413.2042847 152332.265625
414.2076721 24574.62109375
439.2203064 33161.66796875
466.2322693 29717.728515625
481.188385 91805.1875
482.191803 26484.619140625
484.2442627 31650.060546875
498.212616 99096.8359375
507.8210144 25720.615234375
581.7747192 26153.677734375
594.2869263 31104.349609375
609.2351074 26547.21875
626.2701416 126996.3984375
720.3779907 34789.50390625
727.3101807 394151.125
728.3236694 118856.34375
728.4324341 39387.23828125
729.4327393 100545.9296875
749.1870728 24768.70703125
826.3877563 292577.75
827.3835449 104694.0703125
828.3875122 29290.26171875
897.4255371 164758.921875
898.4221802 79758.9453125
937.413147 38486.73046875
954.2719116 30957.279296875
954.4458008 730747.5625
955.4470215 393640.875
956.4433594 133611.5
960.5021362 44344.1796875
1003.179016 28159.12109375
1025.48291 425988.5
1026.481934 224394.59375
1027.470947 40330.50390625
1088.55603 40675.578125
1109.501831 25135.607421875
1126.53418 231568.453125
1127.522461 93623.0625
1128.518555 27288.4921875
1201.644653 34968.71875
1227.559937 77093.1875
