1840.96274108173 3
128.0814514 3927.462890625
129.0656738 5181.5390625
129.1025848 55101.640625
130.0650177 17239.7265625
130.0859985 7567.7797851563
130.1061554 6550.2250976563
132.0801697 3030.2373046875
133.0426025 4067.9038085938
136.066391 5487.9208984375
136.0759277 127096.4453125
137.0787354 7493.6220703125
141.064743 2869.3493652344
143.1170654 3934.4670410156
143.9699707 2881.7331542969
147.1125488 24687.03125
155.0815125 3961.4191894531
157.0973206 9129.08984375
159.0916595 8378.7958984375
171.1125336 5884.25390625
173.1291962 51319.8671875
174.1331787 4087.8464355469
175.1190338 21967.4453125
183.1128082 9863.9248046875
183.1494446 5642.8305664063
185.1645813 7388.0971679688
187.143631 3450.2858886719
197.1277466 9232.2333984375
198.0886383 4738.4130859375
198.1281281 5062.365234375
199.1085968 4502.6616210938
199.1803741 17868.81640625
200.1388855 5728.6411132813
201.1235809 41201.796875
202.0822449 8379.70703125
211.1441956 7578.642578125
212.1026764 9423.4453125
213.160141 4553.1694335938
215.1393127 7967.1796875
226.1194 7920.5419921875
227.1746674 6869.1987304688
228.1340637 5892.4057617188
229.1183014 22506.6875
233.1651306 5382.380859375
234.1452789 6599.6030273438
239.1141052 16425.5859375
240.0981903 17516.494140625
240.1340637 7518.9946289063
242.1506348 9408.4365234375
243.1098022 4252.228515625
243.134201 4500.3803710938
244.1302338 7316.8071289063
249.1601868 34736.109375
255.1515503 3915.2312011719
256.1722412 3786.1281738281
257.1248169 21346.029296875
258.1464233 5483.029296875
260.1970825 5967.8203125
262.1204224 4944.8374023438
266.1483765 3930.6574707031
267.1095276 5620.7490234375
272.1242371 4435.5141601563
274.120636 4409.8920898438
276.167511 20654.46484375
277.1564636 4652.2065429688
282.5934143 4176.6484375
283.1407471 29426.16015625
284.1447144 7925.1577148438
301.1509094 18429.6640625
302.1517639 5302.2587890625
308.1245422 6141.5844726563
312.1558228 4315.2963867188
325.1860962 4619.294921875
328.1246338 6721.150390625
342.1479492 23251.3828125
368.1583862 29126.099609375
385.1777954 5535.3579101563
387.2034912 4990.544921875
423.2575378 5663.9526367188
426.1773987 14858.11328125
428.2277222 7526.248046875
450.7652588 8239.740234375
474.1584167 5020.3706054688
480.2890625 5907.47265625
481.2010193 5542.5600585938
492.1786499 8653.6435546875
509.2028198 8311.6181640625
527.2736816 7663.5170898438
554.2415161 31235.98046875
567.3143921 17222.724609375
571.2617798 5502.46484375
587.3198853 6309.205078125
604.2634277 5055.6274414063
605.2700806 5940.9458007813
606.3519287 8251.9501953125
607.3522339 6079.2241210938
666.3331299 6550.8393554688
667.3306274 16467.625
678.34729 4832.8881835938
681.3605347 9950.62109375
682.3665771 4685.4873046875
684.3508911 21448.326171875
697.3216553 5563.52734375
698.3222656 22296.0625
699.3272095 22904.8828125
753.4129028 19297.376953125
768.3887329 67625.0859375
769.3944702 28402.72265625
770.4033203 6357.9252929688
774.4423218 5603.7836914063
779.423584 8676.04296875
797.4294434 7879.5043945313
810.4136963 5156.6284179688
811.4071045 22049.12109375
812.3997803 28329.98046875
813.4064331 7874.302734375
863.4735718 5452.6684570313
881.4711304 29569.01953125
882.4737549 20447.40625
900.5096436 15254.9775390625
982.5245972 5959.7978515625
1028.92334 6072.5981445313
1045.539063 9436.7099609375
1069.54126 40994.2109375
1070.54895 7915.3076171875
1265.061401 6283.8251953125
1544.174683 5131.115234375
