1246.53401039589 2
87.05583191 6473.1293945313
88.04010773 8445.0556640625
92.94409943 4035.6779785156
101.0714798 39170.43359375
102.0555878 33788.5
104.0534058 5163.2065429688
110.0716934 32722.525390625
112.0874557 17737.619140625
113.0719528 5158.4614257813
115.0509186 5439.7875976563
116.0712662 5234.5170898438
120.0810852 33539.63671875
121.0833435 4760.5791015625
124.5342712 4306.9697265625
126.055603 4744.2192382813
126.4228745 3992.5795898438
127.0506134 7284.4990234375
129.0658569 16129.310546875
129.1025085 129060.4765625
130.0504913 11451.625
130.0863953 74106.8125
130.1065674 5803.2846679688
133.0433807 7231.2026367188
136.0762787 36075.296875
143.0815735 17261.126953125
145.0610352 19157.46875
147.1130524 103414.5625
148.0606842 21809.33203125
157.1090088 6400.26953125
172.0724487 23986.56640625
173.055542 35925.328125
173.1292114 11393.564453125
175.1186981 55085.02734375
183.1134949 9553.9375
185.0927734 7829.87890625
185.1655273 30381.32421875
186.0880737 10301.841796875
187.1437988 6232.7666015625
190.0832825 11502.4052734375
191.0852203 10860.6513671875
197.1292877 5301.267578125
199.071701 7033.4384765625
199.1083832 5995.4848632813
200.139267 5774.5922851563
201.1238098 27332.203125
207.1128082 5693.0083007813
212.1030731 7960.3022460938
213.1604156 16768.240234375
215.1393127 6333.4189453125
219.0801544 6526.9189453125
226.1187134 31537.388671875
227.102478 7340.689453125
228.1358643 10071.984375
229.1185913 32025.787109375
230.1503296 6597.4262695313
244.1292725 9327.861328125
244.165451 45457.0546875
262.1396179 71120.6328125
262.1624451 6473.20703125
263.1422424 18453.2734375
283.1055298 10076.861328125
286.1516113 9876.9580078125
301.1148071 42639.8828125
304.1607361 34479.51171875
310.174469 6738.3110351563
333.1864624 5890.7475585938
335.151825 6893.279296875
341.2214355 37247.07421875
355.1991272 6054.7734375
375.2229614 9871.4326171875
400.1809998 7438.6884765625
474.2950134 9460.6650390625
480.6292419 5910.9755859375
580.2757568 31609.080078125
583.7819824 8115.740234375
585.2893677 5296.8237304688
606.2485352 41200.29296875
607.2514038 7488.1748046875
622.359375 8154.5454101563
622.8529663 10309.5341796875
623.2843018 27929.779296875
623.7683105 40876.9453125
624.2651367 56309.98046875
658.2182007 6954.0766601563
674.3626709 6375.9487304688
756.2197266 20045.095703125
757.2184448 5688.5180664063
773.2489624 106828.171875
774.2531738 42627.97265625
808.2824707 8050.7412109375
844.3220825 19150.658203125
872.3181763 47235.703125
873.3185425 19377.041015625
921.3659668 6763.2055664063
957.3917236 10249.55078125
958.4401245 6255.7719726563
959.418396 9162.6376953125
973.5012817 8067.3881835938
974.4978027 6603.8637695313
985.3986816 10609.0576171875
986.3960571 6493.19921875
1001.496887 6664.1547851563
1002.5 9413.701171875
1020.440308 9007.9970703125
1030.446655 8012.6162109375
1036.45105 33708.13671875
1100.418213 20769.822265625
1101.421631 9829.373046875
