2404.14392384885 3
173.0559845 5560.6333007813
173.128479 26476.31640625
175.1066284 4303.3315429688
175.1188354 46101.453125
181.0606232 7540.1689453125
183.1134491 5952.7807617188
183.1487732 25263.224609375
185.0908661 4744.6938476563
187.0716248 107478.34375
188.0714722 3828.0803222656
195.0764771 6580.4360351563
197.1277466 10479.4248046875
198.0865173 7060.5869140625
199.0711365 11241.609375
201.1228943 25885.7578125
204.6194611 4744.744140625
211.1441193 30249.1328125
212.1029968 10019.53125
213.0865936 9453.052734375
214.1547241 8868.4912109375
215.1395721 13563.638671875
216.0986023 43421.6875
217.0820007 21772.072265625
219.0796661 5408.5009765625
219.1491394 5695.9995117188
225.1239777 6584.4458007813
227.0662689 5060.97265625
227.1752472 9043.6416015625
229.1189728 12220.716796875
230.1137695 14549.36328125
233.1610565 4924.6899414063
240.0979309 31119.2890625
241.0827789 12582.6943359375
242.1498871 40040.1875
243.1341705 24162.314453125
244.0932159 10850.91015625
248.1029663 30536.54296875
252.1340485 5792.9252929688
254.1500702 6660.7470703125
256.1282654 6244.3129882813
258.1090393 69668.375
259.1400452 7184.1420898438
263.1392517 31401.322265625
274.1025696 8976.416015625
276.1666565 77177.3125
287.0991211 9238.50390625
298.1783752 8501.2373046875
299.1357117 5605.4184570313
301.1152649 23460.962890625
305.1244812 43558.390625
309.1205444 25012.37890625
310.1772766 20688.806640625
310.2131042 35290.65625
312.1552429 10917.1279296875
317.1491699 7276.5864257813
326.1726074 5696.8022460938
326.5122681 5962.7709960938
327.1300659 88469.0390625
327.1655884 9954.7255859375
328.1319275 10130.125
329.1825867 10769.7041015625
330.1673584 12486.5859375
345.1401978 56390.68359375
353.1818237 12208.861328125
357.1771545 9005.5703125
369.223877 7577.2177734375
371.1936646 6497.2993164063
401.2079468 7081.291015625
401.2884216 27975.48828125
405.2103882 41055.57421875
409.2839661 6373.98046875
413.2012634 11602.21875
421.2091064 11210.9072265625
424.2546082 10137.6455078125
430.2306519 7462.21484375
440.2145386 37360.68359375
441.2093201 7622.5068359375
446.2749939 9729.7099609375
458.2269897 31071.900390625
474.1837769 11253.291015625
479.9017944 8170.1772460938
534.2559204 69770.234375
538.2904663 9435.314453125
569.256958 13851.369140625
583.3082886 7477.970703125
584.2399902 7824.3076171875
587.2704468 35493.375
637.3547974 10171.396484375
644.3011475 24249.421875
645.2888794 27219.91796875
658.354187 8150.9287109375
662.3102417 142452.453125
663.3145752 28251.6328125
668.3572998 9683.1875
674.3007202 7643.8432617188
687.4190063 9888.330078125
712.3736572 8450.8173828125
715.3256226 9805.1064453125
729.3809814 8067.1264648438
740.3605347 8833.3115234375
758.4420166 43887.2421875
759.4436035 24857.3203125
767.3777466 7054.705078125
775.3949585 165626.09375
776.3966064 69407.0234375
784.43396 51154.34765625
785.4219971 29270.966796875
801.4474487 138745.0
802.4559937 78918.90625
803.4542236 8895.6484375
816.4517822 7500.724609375
817.4529419 11859.697265625
847.4929199 121012.3125
848.4946899 8615.3515625
871.4474487 7447.4833984375
888.4782715 108104.03125
889.4784546 39011.98046875
897.428833 8464.0859375
915.4435425 14097.19140625
916.4533691 13308.7197265625
939.4281616 9466.2646484375
946.5688477 10878.3310546875
999.513916 7871.1030273438
1017.525085 101144.140625
1018.521851 57977.13671875
1043.578491 9348.60546875
1044.587891 11355.9111328125
1054.432007 22493.509765625
1061.582642 10540.4033203125
1114.614868 13767.5625
1115.627319 26261.564453125
1128.551636 10454.6640625
1145.570313 45832.7734375
1146.583862 28486.265625
1219.669678 13221.5205078125
1246.621094 30101.5859375
1247.622437 14172.947265625
1301.700806 8953.421875
1361.663086 50282.5546875
1362.669434 41676.390625
1472.675659 11704.16015625
1489.716919 27563.568359375
1490.687134 13973.6484375
