1960.04698378838 2
136.0755005 8845.48046875
141.1016235 2443.6818847656
145.0949554 2209.7475585938
147.1125946 6922.58203125
157.0970764 9119.701171875
158.092865 2713.6687011719
159.0775604 3952.275390625
159.0920868 6586.390625
167.0811157 3513.373046875
169.1326904 4017.0068359375
173.1291656 33604.76953125
175.1194153 13687.177734375
181.0623322 2620.4611816406
183.1121674 4927.4731445313
183.1497955 5169.5478515625
186.0873566 5891.953125
189.088089 3115.5556640625
198.0870819 7212.1020507813
199.1442413 2918.5004882813
200.1404419 3475.462890625
201.1233368 21413.52734375
202.0832062 8961.4736328125
202.1247711 2945.5607910156
212.1024017 8983.96875
213.0864868 5464.1279296875
214.1207733 3008.3591308594
215.1381836 5173.8188476563
216.09758 9206.1435546875
217.0815887 3359.9108886719
226.1185455 5643.6166992188
226.155304 8194.6015625
228.1352386 15656.912109375
229.1184845 5867.5014648438
230.1155853 3718.4274902344
232.1415558 3388.7924804688
242.1502533 4713.1884765625
244.0934143 9148.2802734375
252.097168 4133.3354492188
255.1100159 3896.7702636719
260.1981201 15469.9228515625
261.1571045 4035.7116699219
268.1653137 8656.4931640625
269.124176 7809.076171875
270.1100464 6968.8720703125
270.1439514 5868.4404296875
273.1184082 21148.9375
274.1212158 5740.0205078125
283.1416016 3304.9880371094
287.1354675 43992.12109375
296.1981201 4406.6958007813
304.165741 5170.3198242188
317.12677 4498.2338867188
325.1904907 8508.97265625
339.131012 8745.6572265625
356.1574097 22262.20703125
373.1376343 7073.8564453125
374.168335 4875.5083007813
386.2034302 21536.75
416.2953186 5805.8627929688
419.1936646 14832.716796875
420.1967468 6003.5034179688
424.2185059 5971.0424804688
426.1615295 4880.97265625
431.2269287 5967.6196289063
462.2743225 7056.8637695313
469.2445068 9429.666015625
470.2528076 4454.6059570313
472.2037048 7042.5004882813
473.2338867 16251.2666015625
486.2284851 4595.5473632813
501.2322693 6476.9731445313
521.2355957 8752.7177734375
538.265564 16896.25
539.2501831 18780.13671875
556.2766724 16645.021484375
557.263916 4840.4716796875
569.4047241 5463.2729492188
574.289917 6751.0161132813
576.319458 25976.66796875
577.322876 7022.4384765625
624.3456421 5967.8017578125
635.829834 4278.2602539063
652.3428955 4453.0439453125
669.362793 5951.3046875
689.4017334 26932.875
690.4019165 6592.9658203125
698.383728 5764.7783203125
717.3897095 5212.7622070313
732.3990479 6419.7143554688
744.362915 14056.4140625
770.3695679 18462.35546875
788.4782715 7886.6044921875
827.4675293 22849.1328125
852.1585693 5827.2265625
883.4454346 6554.2036132813
918.4797363 21471.12109375
960.522522 23416.6953125
961.5282593 5743.88671875
966.5335083 4986.3276367188
981.4849243 17377.9765625
1004.481323 28358.46484375
1005.491333 21429.158203125
1006.475769 6304.6840820313
1017.542175 14569.1171875
1046.562988 7218.7172851563
1145.609985 6758.3217773438
1160.594604 35899.96484375
1161.604126 18066.638671875
1216.651978 20486.85546875
1217.658813 16928.017578125
1218.644531 5557.685546875
1229.616821 26661.966796875
1230.633057 35999.2265625
1231.627441 7239.7856445313
1273.683838 49563.78515625
1274.67334 28606.015625
1386.768799 9130.6796875
1388.730835 6583.6923828125
1487.803223 15482.7919921875
1489.832397 7074.0434570313
1574.788818 7937.4780273438
1575.7771 15981.291015625
1576.796509 5503.1977539063
