1264.62064348037 2
94.31378937 52148.89453125
101.0719147 78679.453125
113.945015 53087.29296875
121.3998718 48474.95703125
129.1026306 255469.15625
147.1127319 93301.5234375
157.0973206 65193.453125
159.0765381 73207.7421875
159.1128998 327084.125
169.0980225 91565.3046875
173.0919342 68817.6328125
186.0878601 73138.0625
187.1077118 244133.8125
198.6566162 58279.609375
203.0666962 217195.015625
226.1194916 68919.828125
226.84552 52211.88671875
248.1612244 266878.4375
270.1092224 51735.15625
274.1047363 119155.15625
284.1228333 108601.2109375
302.1346741 202724.609375
356.1928406 66765.8046875
361.2425232 73851.7421875
393.5728455 50541.98046875
475.2873535 199608.78125
606.3286133 197257.5
650.8400879 50432.44140625
791.4012451 254563.078125
792.4064941 94871.75
795.7391357 60777.5078125
892.4493408 258171.40625
1165.536255 59126.2109375
1166.5448 60167.953125
