1878.94918920308 2
136.0752869 30865.591796875
147.1116028 6735.9741210938
159.0918427 9787.59765625
166.8815002 4733.4448242188
167.0822296 5228.0708007813
167.1179504 7190.2817382813
169.133316 10747.01953125
172.1154175 5507.6376953125
174.6486359 5523.6889648438
175.1191254 27212.388671875
183.1493835 10869.296875
184.1078491 40370.62109375
195.1131287 13382.7890625
201.1241302 12310.8759765625
204.1134644 9662.994140625
211.1450958 7084.90234375
212.1033173 11583.7548828125
217.1357117 54429.7578125
225.1219788 5866.5888671875
228.1138153 6538.9331054688
228.1341705 7105.5009765625
240.0978088 5648.5678710938
242.1126251 10919.0771484375
245.1298981 12047.046875
250.1187897 52241.578125
274.1175232 6939.0317382813
291.1450806 14020.7373046875
292.1299438 34075.6953125
297.303009 5914.6318359375
309.1566467 31572.3359375
313.1895447 7279.1762695313
324.1992188 5863.482421875
325.1873169 15439.0205078125
355.1604919 7467.8642578125
412.2355652 6427.05859375
444.2934875 109016.359375
445.2962952 28869.90234375
455.2112732 10208.990234375
501.1845398 8559.4052734375
559.3219604 9631.34375
572.2940063 15909.8486328125
737.378479 30081.427734375
745.4047241 15988.3486328125
746.4020996 9940.755859375
785.9055176 140058.984375
786.4055176 148037.65625
786.9071655 60951.1796875
798.3637085 8594.017578125
827.9124756 11905.8173828125
834.4333496 71690.6328125
834.9268188 47071.76171875
835.4378662 29464.708984375
874.43396 25350.337890625
882.9561768 24738.11328125
920.4161377 14717.0595703125
923.4543457 15577.017578125
959.9962769 14143.79296875
1002.50177 28764.419921875
1003.007324 9895.9296875
1003.500854 11570.9013671875
1113.045654 24455.4765625
1113.547363 11098.080078125
1127.530396 12658.16796875
1149.575806 23446.982421875
1150.572021 14562.333984375
1263.615356 39061.296875
1264.601074 12888.40234375
1286.597778 13043.263671875
1287.129028 30333.37109375
1287.594849 10339.400390625
1473.751587 69530.8828125
1474.755249 73822.15625
1475.746948 15690.3076171875
1481.748901 9862.8037109375
1570.793335 84910.5390625
1571.778564 60029.44921875
1572.812744 28825.654296875
1667.863892 95799.65625
1668.846924 84985.421875
1669.87207 26657.435546875
