1514.749148 3
110.0718842 43764.21875
113.0711288 9848.00390625
115.0870132 100172.3125
116.0706177 27627.79296875
119.0500031 8455.55078125
120.0810776 231245.578125
121.0843887 26974.212890625
127.051033 6231.4169921875
127.0865021 7665.501953125
129.0663605 14406.2236328125
129.1024628 107318.6953125
130.0653839 274562.28125
130.0754089 9297.5322265625
130.0861511 71449.75
131.0685425 26351.89453125
131.1182709 9159.7724609375
132.0809784 48773.1171875
133.0429535 12213.728515625
136.0758362 115343.7890625
137.0788269 7895.6186523438
138.0556946 9732.7119140625
138.091629 12332.3935546875
139.0869904 7285.939453125
141.0661316 26280.63671875
141.1024475 30327.095703125
143.0817719 79032.84375
143.1181793 35089.7109375
147.1130066 137308.46875
155.0814362 13611.6201171875
155.1180725 42512.5078125
156.0775452 29074.64453125
157.0968018 10945.416015625
157.1339417 11699.6494140625
158.0934296 36528.21484375
159.0774384 35996.8515625
159.0917053 326155.09375
160.0767975 7611.2915039063
160.0950775 26547.470703125
166.0501251 60741.98046875
166.0867615 8037.9067382813
167.0813904 29741.65625
168.0817261 8528.8154296875
169.0980682 12831.1494140625
169.1338959 10357.1650390625
170.0605011 14964.7783203125
171.1133728 16150.568359375
172.1085968 14449.9638671875
173.1291351 12594.11328125
174.0040131 6784.6630859375
175.0548248 9289.3857421875
175.0874481 16106.2763671875
175.1191254 126876.578125
181.0970612 24191.763671875
183.0765533 149051.328125
183.112854 56807.96875
183.149704 16411.21484375
185.0917358 11627.4326171875
185.1652527 7340.3237304688
187.0720062 8123.2749023438
187.0870819 39463.16796875
187.1078491 10378.1669921875
187.1441345 55137.29296875
188.1488495 9310.3291015625
189.0877991 12233.7890625
195.0767059 6917.595703125
196.144577 59177.125
197.1290283 77388.6875
197.1455536 10194.4091796875
199.0721741 30757.72265625
199.1078033 73056.234375
199.1816559 45597.828125
200.1029663 344407.21875
200.1394348 145577.265625
201.105835 10762.8505859375
201.1238098 54708.2734375
201.1417389 12343.890625
202.1264954 9441.7412109375
205.0973511 8866.6982421875
209.0920715 37378.73046875
211.1078339 60545.86328125
212.1037292 32253.634765625
213.1060944 8322.93359375
214.1193848 33332.87109375
214.1545715 78158.375
215.1200104 7029.3471679688
215.1396942 24150.31640625
216.615921 7284.2114257813
217.080307 53232.359375
217.1000519 15803.6904296875
217.1335907 10027.8330078125
224.1396637 43497.21484375
225.1232605 16235.232421875
227.1024323 128683.8046875
227.1756592 35400.80078125
228.1345825 125568.2109375
228.1697388 9828.91015625
229.1175995 23751.734375
230.1128235 10641.513671875
233.0950928 14380.7529296875
233.1654205 23521.056640625
234.124115 76470.3125
239.9042206 6622.7075195313
240.1342316 10175.1142578125
242.1505127 50678.3984375
243.1338501 10504.9619140625
245.0938568 8534.91015625
246.181366 116739.1015625
247.1835175 12127.0849609375
249.1596985 14850.9169921875
250.164093 10112.33203125
256.2041931 7781.6821289063
260.2209473 7472.71875
261.090332 11601.0185546875
261.1581421 7286.8701171875
262.1175842 15027.6494140625
263.1391907 314625.90625
264.1419373 77009.3125
268.1655579 23759.373046875
270.105072 48894.6640625
277.1548767 16717.673828125
280.1311646 16061.0712890625
283.1409607 10485.4609375
284.1974182 43332.25
286.1502075 31381.748046875
288.1199646 32139.4609375
288.1701355 13623.80859375
290.0808716 7611.7802734375
296.1223755 25160.052734375
296.1566162 8958.9990234375
298.1441345 19094.599609375
298.176239 8337.1767578125
301.1521606 9747.7197265625
303.1771851 10374.611328125
313.1529846 11205.9541015625
313.1863708 85783.0
333.1911926 58110.875
334.1919861 8825.298828125
338.1342163 25965.50390625
340.1505432 11788.66015625
341.1468811 75474.65625
342.1476135 8338.197265625
355.1586304 7446.4775390625
357.1771545 96351.84375
357.2149963 20430.552734375
358.1773071 15288.681640625
359.1561584 33535.41796875
369.178894 10159.578125
369.2877197 8545.173828125
382.2089539 9965.2021484375
383.2276611 7425.1987304688
385.1891785 9437.830078125
387.1870422 10623.4951171875
395.1600647 7853.5029296875
395.2280579 7500.1171875
397.2797546 8783.4326171875
399.2388611 9314.02734375
412.1841125 30979.375
413.1819153 66451.828125
414.1829224 16581.193359375
415.181427 10262.1845703125
416.2603149 28422.126953125
430.1904907 14792.63671875
439.2505798 9383.4873046875
440.2107239 9155.2431640625
458.2273254 11026.0751953125
462.2569885 65967.8984375
463.2580261 12025.560546875
484.2201538 30017.6640625
496.2177124 27942.185546875
505.2373962 10893.44140625
524.2182007 12356.3984375
524.3354492 10560.533203125
529.3439331 16468.087890625
533.2931519 109718.0078125
534.2926636 25991.91015625
544.7985229 30856.3203125
545.298584 15314.2333984375
554.3084717 7775.7338867188
582.2935181 8308.240234375
583.2697144 11240.341796875
586.368042 284819.625
587.3687744 34616.76171875
604.3302612 110866.1796875
605.3320923 44689.4296875
611.364502 9629.6669921875
616.2699585 9421.8095703125
634.2803345 12022.9169921875
639.2929077 14132.5185546875
653.3074951 10956.8203125
675.368103 109035.734375
676.3740234 57415.78125
699.4505005 276523.65625
700.4520264 38956.91015625
714.3463745 38550.69140625
715.3481445 13341.0263671875
745.4348755 11312.802734375
746.4033813 52781.7890625
747.3741455 24886.72265625
748.3760986 12667.576171875
752.3659058 30903.0234375
769.3453369 9086.9609375
770.3676147 8298.552734375
812.534668 309547.28125
813.5432739 47846.046875
823.3687744 8406.4970703125
923.5621948 15986.6044921875
1288.476074 8014.5546875
1295.251953 8461.2978515625
