1419.65512865518 2
98.06072998 15891.7314453125
101.0713577 55199.05078125
102.0556793 54224.96484375
104.0535965 23196.41796875
110.071785 584190.375
111.0751724 20606.517578125
112.0875549 15785.462890625
116.0709991 14968.00390625
119.0499115 12292.072265625
120.0811157 173412.234375
126.0550232 24591.69921875
129.0662994 23436.736328125
129.1024475 112320.7578125
130.0864868 47555.453125
136.0757141 207695.1875
137.0791779 11470.0712890625
138.0664825 23521.248046875
141.1024323 20642.5390625
147.1130981 50271.44140625
155.081543 16089.583984375
158.0928802 41936.7109375
159.0923157 21137.037109375
159.1123505 11032.96484375
169.0973053 39653.2265625
169.1333923 14754.9267578125
171.1125641 77249.0859375
173.0923615 13083.2763671875
175.1194153 238305.90625
179.0817566 48851.015625
181.0977783 13847.560546875
183.1138153 11712.71875
185.1654205 107273.8125
187.144928 20600.92578125
195.1131744 15031.5400390625
197.1289215 46362.61328125
199.1085358 63419.265625
199.1809082 14321.2119140625
201.1234283 200855.40625
202.1262207 16683.798828125
207.0769348 12506.37109375
207.1113586 12792.5966796875
212.1201019 17243.9921875
213.0875854 13129.8818359375
215.1393433 51861.828125
216.0989685 12921.296875
219.1506042 54682.50390625
221.127121 13160.78125
226.1195679 15714.5029296875
226.1545258 19538.0625
229.1185303 816492.8125
230.122467 83866.6328125
240.1342926 14013.2978515625
243.1340027 44664.55078125
244.1660156 86381.625
246.1268158 14635.201171875
247.1444092 14893.8232421875
249.1230469 15165.0087890625
252.1354675 13313.2099609375
255.1459351 16509.115234375
257.1400452 243092.546875
258.1457214 18050.056640625
264.0984802 12387.3740234375
272.0699158 20204.83984375
272.1717529 21120.125
273.1201782 14782.71875
275.1715393 11553.017578125
277.1184387 22678.146484375
285.134491 184323.984375
286.1374207 21729.51953125
296.160675 68861.53125
296.1939392 15229.2158203125
298.1081848 12766.845703125
298.139679 25616.880859375
326.1720276 41562.1875
341.697937 62593.4609375
342.2026367 314523.90625
343.2050476 72889.4140625
383.216217 15202.8740234375
383.7187195 10827.169921875
385.2551575 48649.515625
386.2611389 12231.064453125
396.1668701 78866.2890625
397.169281 18813.63671875
406.1610413 15889.974609375
408.0053101 10473.22265625
413.2755127 24200.875
439.2579041 15003.0791015625
440.7487488 15478.31640625
475.3216858 13361.7216796875
489.2741089 265268.375
489.7769775 197188.140625
490.2799683 47331.20703125
543.2189941 17896.736328125
585.3326416 13104.71875
593.2926025 49553.48828125
635.3162842 42448.3203125
638.6506348 12924.85546875
682.3867798 181750.984375
683.3995972 73186.390625
684.3859253 14555.921875
706.3746948 21892.888671875
709.3986816 54708.13671875
710.8299561 17657.81640625
743.4324951 69298.015625
749.4153442 19239.328125
764.3535767 24669.728515625
776.3369751 13528.2109375
783.4321899 59232.7578125
784.4425049 20705.759765625
848.3771973 16318.447265625
862.5147095 11947.7890625
877.4364014 53998.66015625
878.444519 14323.8603515625
880.4867554 121258.09375
881.4884644 86096.609375
890.5131226 13905.8720703125
915.5004883 13117.63671875
917.4858398 18719.34375
933.5007324 37821.2109375
934.519104 16781.857421875
960.5073853 38978.546875
961.5133667 19703.658203125
977.5421143 690771.625
978.5480957 378719.1875
979.5477295 128044.8984375
989.5633545 41629.7109375
990.5846558 22047.48828125
1006.477112 66528.3203125
1007.488647 23399.44140625
1117.50769 17020.03125
1135.53064 149324.109375
1136.54126 91625.4140625
1137.520386 40858.50390625
1282.597656 133219.328125
1283.605835 103585.5234375
1284.577271 18185.380859375
