1300.68598126134 2
92.02805328 52291.98046875
95.29727173 38454.328125
102.0555725 59523.33984375
112.0870361 49572.63671875
115.0869064 68265.40625
120.081131 45648.078125
127.0505676 72596.421875
127.5642929 42281.15625
129.1025543 234217.921875
130.0868225 38706.94140625
136.0759277 221151.25
147.1135406 60506.44140625
155.0449219 177210.5625
159.1119843 44216.875
172.0719147 469004.78125
173.1294556 52960.66796875
175.1188354 89060.7578125
185.1649933 210754.359375
199.1444855 40000.19921875
199.180603 51207.23828125
201.1239471 47852.26953125
210.0794373 47384.2421875
213.1603394 88199.96875
243.1336212 44264.453125
244.0921631 60755.74609375
255.1448059 205394.390625
272.1716309 74517.9921875
272.96875 38503.8515625
284.0873413 337200.5
301.1141357 562187.0
302.1166992 54609.21484375
351.1657104 88948.3984375
362.2042236 53805.12109375
369.1766968 230115.734375
397.1686096 60909.4765625
414.1991882 76017.5390625
517.2738037 163275.828125
518.2739868 51031.2421875
588.3091431 231343.3125
675.3425293 556524.8125
676.3411865 97438.484375
788.4264526 499824.0
789.4230347 252775.53125
887.4943237 590508.875
888.4904175 281352.03125
943.3233032 49493.9921875
1003.452087 55227.390625
