1819.95569382921 3
129.0657806 23130.59375
129.102066 42937.171875
136.0754395 61581.40234375
147.1129761 18717.76171875
157.1344299 34588.1640625
158.0921478 40741.65625
159.0771027 25206.1171875
169.1335449 29141.88671875
173.0554047 35052.16015625
173.128891 63560.328125
175.1194611 260266.8125
183.1128387 33503.34375
187.1437531 76745.296875
194.46521 25894.404296875
196.1443481 29913.3203125
197.1283264 128090.1953125
199.1070099 27714.376953125
200.103363 160303.46875
201.1235199 58634.109375
214.1553497 63853.88671875
215.1389618 74272.171875
226.1193085 29566.892578125
240.1339569 42188.4375
242.1516724 42771.37890625
243.1338196 42975.84375
249.1240387 30007.400390625
252.1347656 148584.0625
256.0926208 39295.03125
266.1482849 44285.5546875
268.1665344 48888.546875
269.1237183 36787.24609375
296.1626282 46946.65625
301.1869507 191350.0625
303.1779175 38767.1015625
313.1873779 174221.5
323.1715393 147206.78125
330.216156 33690.15625
341.1861877 36553.96484375
351.1687927 70326.046875
353.7321777 34633.1875
396.5204468 29058.125
423.2392273 42078.9296875
424.219635 55548.51953125
425.2239075 45302.21875
441.246521 71782.40625
450.2460938 266787.3125
451.2494507 64865.29296875
498.2339783 40470.2421875
502.3325195 36288.67578125
513.3172607 195646.390625
568.2681274 41182.703125
579.2891846 426764.90625
580.2952881 77340.2265625
617.3613892 61059.94921875
651.3461914 43560.78125
692.3752441 301328.125
693.3768311 76412.171875
699.3922119 236686.9375
700.3999023 72140.203125
730.4477539 74108.8515625
747.3781738 51533.66015625
758.4141235 46555.6171875
791.4091797 44575.84765625
792.4158325 44416.9375
793.4189453 243696.0
794.421814 49034.36328125
809.4113159 55841.953125
829.5134888 69696.546875
839.4273682 36712.0
844.4326782 207945.75
845.4329834 76859.9765625
846.4598389 169925.0625
862.4638062 43907.18359375
880.4542236 374234.71875
881.4572144 265878.15625
993.522522 52049.8046875
1015.574768 194166.515625
1122.522827 39426.68359375
