1653.74330401598 2
119.0495071 8472.7109375
120.0810699 112174.109375
129.1018982 59050.41015625
130.0649109 17086.30078125
130.0861664 23474.64453125
130.9250183 6336.9721679688
133.0605316 18259.654296875
133.743988 10058.1552734375
135.1079254 7032.287109375
136.0753937 23753.65625
143.1178741 13891.845703125
147.1128998 42483.90625
157.0971222 18487.083984375
159.0921021 121873.1328125
163.0312805 7378.5966796875
168.520752 7304.6469726563
175.1190643 82715.390625
176.1065979 11296.2373046875
177.1027527 13041.0009765625
184.0720673 11331.6650390625
185.0913849 9623.2275390625
185.1650543 10927.3154296875
187.0871887 8337.2890625
195.1352692 8740.8037109375
196.4195709 9748.6513671875
200.1390839 23870.673828125
205.0988922 13167.794921875
208.1307373 9295.279296875
215.1401215 9748.7001953125
219.1135559 9032.2607421875
221.1288452 263212.78125
222.1315613 25394.451171875
226.0823669 10761.4599609375
228.1349945 15594.833984375
230.0772095 16755.943359375
244.0930481 75779.6171875
246.1263885 12801.8515625
249.1242065 74051.703125
250.1261597 10021.5419921875
257.7790527 10576.6904296875
258.1452942 13368.537109375
263.1036072 13939.5693359375
278.1534729 86845.734375
303.1772766 18135.12109375
304.3988342 9725.0810546875
313.129425 27820.345703125
341.1057739 12170.0712890625
341.2191162 23144.939453125
343.1612244 14980.01953125
346.1500244 10224.181640625
355.1245728 19149.818359375
364.1506042 26587.6953125
373.1369019 13525.8896484375
393.1809998 18992.765625
417.1523132 12347.513671875
422.1983948 12675.119140625
507.2241821 73652.453125
581.2037964 13168.330078125
620.3086548 24537.513671875
660.3088989 14443.94140625
677.3305054 124010.0390625
678.3324585 54136.8359375
680.2723999 15979.3037109375
784.4044189 50457.59765625
785.3954468 22742.751953125
790.4128418 68784.9921875
791.4185181 24919.91015625
811.3910522 19028.841796875
826.5454102 164504.625
827.4100342 174874.953125
827.5588379 184376.109375
828.4141235 89684.8125
828.5569458 41660.734375
829.4556274 14124.21484375
836.3794556 18078.220703125
919.4575195 23287.57421875
955.4521484 23473.474609375
1008.42572 59307.08984375
1009.424561 25740.8046875
1123.443359 27690.77734375
1124.442749 24652.365234375
1162.562622 22755.107421875
1163.536621 20525.75390625
