1151.55341126074 2
84.04501343 78750.5703125
84.08139801 61092.65625
86.09706879 763506.6875
87.1002121 28003.9140625
91.05477142 57534.859375
101.0716248 24390.330078125
102.0554733 64173.56640625
103.0546341 15166.9404296875
104.0534363 21807.5625
110.0716553 47043.30859375
112.087265 15674.625
115.0868988 19151.287109375
116.0709457 14495.8544921875
119.0492554 62516.87890625
120.0811386 311554.375
121.0845413 17615.251953125
129.102417 80234.890625
130.065567 11306.3505859375
130.0861969 26476.67578125
133.0437927 11876.1650390625
133.8157349 10763.2529296875
136.0757599 922624.3125
137.0792847 62646.015625
141.0658722 15576.55078125
141.1016846 14008.4462890625
143.1180878 16199.5302734375
144.0786591 12867.037109375
147.1132202 85976.7421875
155.0817108 25011.306640625
157.1338959 17921.734375
159.0770569 15444.240234375
159.0916138 26461.251953125
160.0419617 22010.005859375
169.133316 17814.400390625
171.1130066 13937.6328125
173.1288605 69212.3203125
175.1189423 132251.0625
177.100769 15321.455078125
180.2935486 11231.1884765625
183.1498108 57262.52734375
185.1641693 15090.8642578125
186.0868835 15397.0029296875
187.0718689 13097.296875
197.127594 14392.8056640625
199.1807404 52765.91796875
201.1233521 89961.84375
202.0864563 54272.87890625
207.1133575 23972.2734375
211.1435547 21197.94921875
213.1590271 11078.62109375
214.9679565 11159.47265625
217.1346588 27314.994140625
220.2795715 12111.3447265625
227.1752014 14700.0576171875
228.1352997 48022.3046875
229.1176758 12492.0322265625
231.1703339 17511.724609375
233.1650696 14046.4140625
235.1056366 12160.0009765625
242.1497955 11880.7734375
245.0917816 46576.8828125
249.1597137 96846.359375
251.1031036 74236.1015625
252.0362091 25490.9296875
258.1091919 19304.017578125
260.1688843 13707.4931640625
262.1177063 18662.224609375
265.1179199 173367.984375
266.1240234 13160.513671875
277.1542358 26846.408203125
293.1120605 86299.6953125
301.9456177 13809.2421875
310.1777954 24026.455078125
314.2067566 16241.1416015625
321.1562195 15661.00390625
338.181488 13653.7236328125
350.1343079 18495.333984375
390.7280884 61828.2578125
391.2305603 15957.0986328125
404.7271729 67455.4765625
405.2310181 19772.609375
413.2129822 12613.5634765625
442.2774048 63938.02734375
494.2756042 16602.953125
507.3191223 13949.40234375
508.2857666 71649.953125
509.2903137 20577.673828125
638.3248901 18546.890625
655.3529053 74218.296875
656.3625488 25348.107421875
672.3635864 21537.2734375
673.3600464 13647.154296875
684.4017944 12409.478515625
694.357666 11942.830078125
711.3869019 59534.78515625
750.0551758 11812.3603515625
778.444458 26520.76171875
802.4104004 21378.419921875
859.4408569 213605.421875
860.4443359 114709.8125
861.4519043 23474.123046875
874.5014648 18932.0546875
893.5259399 56474.48046875
894.5280762 28741.59375
921.5213013 50816.6875
922.5314941 17893.111328125
988.4768066 53501.7890625
