1601.86466254583 3
120.0808716 57077.1171875
128.4673309 50594.8671875
128.6376495 45660.87109375
132.0809326 52899.1015625
139.0871582 40616.28515625
142.1216736 49461.23046875
146.8137207 42082.609375
151.8390503 46704.87890625
155.0801697 45871.7734375
157.0968018 104679.4375
158.0925903 100095.2734375
159.076767 83091.1484375
159.0912628 495732.0
167.0814209 74758.609375
167.6930847 48864.12109375
169.1334839 56203.0234375
171.0762634 51009.234375
173.1289063 83527.3671875
173.9907379 50497.140625
175.1189117 378539.78125
176.015564 49166.34765625
185.0912933 100194.28125
187.1443634 1394145.0
188.1478882 131961.890625
199.1077423 95170.921875
201.1226196 72469.6640625
215.1393127 129607.234375
227.1022034 136753.3125
246.1566162 125394.1640625
246.5953979 55275.78515625
288.2034302 94860.234375
353.1630249 96529.6484375
359.2399902 119225.5625
371.1696777 71563.265625
435.2578125 676041.1875
435.7597046 89935.7734375
442.2075806 90359.0390625
487.3005066 143296.640625
514.3754883 114535.1796875
525.2484741 287242.96875
557.3135376 92817.9921875
574.3312378 533023.1875
620.2894897 75944.078125
624.9953003 71695.234375
643.4135132 724191.875
645.3730469 384698.15625
732.4056396 699386.375
733.4043579 123777.6328125
772.4560547 556230.1875
773.4587402 118685.3984375
845.5006714 131221.703125
869.5066528 461456.375
946.5321045 341094.84375
947.552124 131014.4296875
1133.092529 79125.609375
1290.324219 84692.78125
