1522.71700355819 2
129.0659485 3620.3203125
129.1022186 37743.796875
130.0862122 8916.345703125
131.0813141 10271.3779296875
141.0655212 4360.5405273438
145.0605927 3554.0959472656
147.1128845 12458.408203125
159.0763702 11234.552734375
159.1124115 2548.5461425781
167.0807495 3482.0944824219
173.0921783 4640.5434570313
195.076355 14107.962890625
199.0716248 2706.1076660156
200.1394653 8741.6015625
201.0869598 10046.0888671875
204.0982361 2265.9650878906
213.0863953 15552.23828125
214.0828705 2720.1906738281
215.4405365 2088.0280761719
231.0972443 36501.02734375
232.0950165 4815.7109375
241.0810089 37797.0
242.085144 3710.3500976563
259.0921936 49684.03125
259.1168823 3657.3815917969
260.09552 4878.4555664063
270.1081543 3806.2719726563
275.2077637 14681.072265625
283.1020203 3422.4240722656
284.1233521 12810.56640625
285.1238098 2603.3364257813
294.108429 2674.0515136719
312.1178894 31794.32421875
327.1277161 2746.5983886719
330.1277161 20178.884765625
331.1292419 2485.7924804688
341.2172546 3017.5068359375
346.2427368 17476.7578125
347.247467 2843.2788085938
371.1548767 2489.3103027344
372.1421204 2799.9592285156
381.140625 12275.283203125
399.1498718 14188.71484375
438.1611023 13812.5009765625
456.1715088 3192.837890625
457.2788086 3462.0932617188
475.2896118 15473.455078125
484.2019348 2820.33203125
502.2093506 3772.3671875
522.0545044 2905.2360839844
525.194397 3474.1779785156
525.2689209 2940.6728515625
543.2001343 4205.23828125
553.7844238 3802.2416992188
594.2026978 3104.5305175781
597.3027954 3381.0366210938
597.8112793 6449.9873046875
604.326416 14921.259765625
632.8215942 5213.02734375
633.3189697 9286.515625
675.3653564 21751.853515625
676.3692017 3732.0974121094
743.8514404 3165.453125
753.3693848 3649.9721679688
758.4064331 2428.4389648438
761.3821411 14650.8466796875
762.4176025 18266.306640625
776.411438 46567.80078125
777.4176636 21959.662109375
875.4824829 17006.814453125
876.4788208 2760.0810546875
962.5131226 25261.06640625
963.5109863 12662.08203125
985.9039917 2877.3034667969
1049.542847 16707.458984375
1050.531372 4784.2651367188
1089.564453 2750.3510742188
1106.567383 32822.28125
1107.574219 18136.1484375
1108.567627 2577.6918945313
1175.581177 2802.9721679688
1193.601685 27814.052734375
1194.608032 15970.2392578125
1195.605591 2526.9235839844
1264.61853 13661.4296875
1265.614258 13635.3466796875
1392.890137 3013.5849609375
1546.635376 2878.7897949219
