1663.814124 2
115.0863953 6031.7104492188
120.0806046 62444.5546875
129.0654449 8338.3935546875
129.101944 51205.3984375
130.105011 7051.6313476563
136.0754242 53022.546875
147.0762024 7367.060546875
147.1128235 14363.078125
157.1319733 6345.2006835938
159.0915222 10541.3701171875
168.8278351 8201.8779296875
175.1189117 18598.427734375
183.0761414 13137.2490234375
183.1128082 10981.5654296875
185.1646729 16986.0859375
187.1442566 15267.5810546875
198.0867004 9081.359375
201.0847473 8078.97265625
213.1603241 14405.384765625
215.139679 10649.041015625
216.0988312 9162.046875
227.1027679 11355.060546875
228.1335144 18736.24609375
291.1656799 38185.86328125
293.1181641 11868.0146484375
311.1354065 12509.126953125
332.1633911 17116.13671875
345.1565552 11624.9990234375
371.1531067 10923.6162109375
380.0603333 11574.03515625
380.1577759 42587.55078125
387.5250854 11083.96875
389.1712646 10758.716796875
394.2468567 9462.638671875
398.1697998 15206.2841796875
460.2835083 11954.103515625
499.2458801 15576.6162109375
517.2619019 142444.984375
518.2660522 19212.771484375
527.2365723 16249.9541015625
628.2973022 22349.853515625
629.2988892 10168.58203125
646.2988281 11529.7734375
714.3503418 20264.03515625
725.3607178 12351.5517578125
759.380249 12813.1591796875
830.4372559 16894.009765625
831.4720459 60074.02734375
832.4814453 21356.533203125
989.5496216 12893.0966796875
1327.739746 16485.193359375
1715.378662 17262.291015625
