949.572527178654 2
70.0296936 1549900.25
70.06620789 6192051.0
71.06958008 1107319.125
72.08169556 8317168.0
84.08192444 6462803.5
86.09718323 38569500.0
86.10232544 1270589.0
87.05628204 5097112.0
87.10063934 1352389.0
88.0400238 7083100.5
92.03568268 1285588.0
114.2137146 925819.1875
117.3829041 1023857.8125
120.0811768 9883324.0
121.0847168 1821902.75
129.1031952 5170413.0
130.0868378 5763193.0
136.0758972 14994881.0
137.793457 953339.0
138.0918884 1793515.625
141.1025391 3871882.0
143.1184692 4699494.5
147.1131287 9437350.0
155.1179199 9697507.0
171.1137238 1796165.75
172.1182556 1104119.5
183.1128693 10944860.0
195.7060547 906454.3125
199.1813507 2049303.5
200.1396942 32652694.0
200.1574402 1328279.875
201.1239014 1891588.875
201.1434021 3838005.75
228.1351166 5155062.0
246.1834106 5040386.0
249.1596069 9104145.0
277.1549072 6757496.5
287.1402588 1391201.5
315.1365967 1147693.0
315.6957397 1547401.75
332.162262 1280100.5
333.2127075 10959287.0
334.2174377 1645156.875
346.1791382 1218371.875
357.1459351 1161393.125
446.2978516 6574925.5
459.2627869 3869494.0
531.3241577 2134535.25
532.3291016 1488358.25
559.3807373 2286791.75
560.3870239 2073262.125
628.3806152 1402624.875
629.3818359 3954391.75
630.3844604 2016009.0
722.4400635 4157941.0
723.4403076 1757513.75
