1160.66771939094 2
81.7488327 45864.86328125
84.0450592 231907.78125
84.08164978 482992.21875
86.0970993 1275170.0
87.05591583 102919.4375
88.04004669 85358.0390625
91.12882996 47558.5
101.071373 91387.390625
104.0536957 50931.8359375
110.0717621 104817.9453125
115.0868073 86507.671875
120.0811005 254858.6875
125.1681213 53114.8203125
128.1069489 69554.8203125
129.1025238 587608.0625
130.0497589 56235.3828125
130.0862427 223461.15625
136.0760193 525923.4375
141.1019135 73867.1796875
143.1180573 880782.5
147.1026917 47475.19140625
147.1126862 406471.15625
150.3375854 47264.9296875
155.1178894 180914.40625
159.0769348 90194.578125
159.1127777 55726.0
164.3905945 49611.53515625
171.1130981 1019446.25
173.1287689 1070413.875
173.1428986 84883.390625
174.1320343 88040.859375
175.1191254 97265.09375
178.3149109 49322.70703125
183.1126404 102253.4296875
185.1646271 66207.0
187.0705566 72825.8515625
187.1084442 81397.734375
197.1280975 89104.703125
200.1388245 642905.6875
201.1232452 267520.125
212.1030884 84214.8359375
215.139267 55485.39453125
223.1060944 66247.0
228.1339874 175204.59375
233.1283875 198047.1875
240.1340027 290175.5
242.1501617 199987.078125
246.1814728 242626.578125
258.1088867 53262.98828125
258.1449585 240765.328125
261.1231689 341637.21875
276.1557617 79120.4375
311.170929 84263.5703125
356.1958008 66503.40625
360.1923828 235620.203125
423.1860962 65704.28125
434.2261353 86039.203125
449.2567749 61278.625
462.2216492 182206.859375
506.2974243 716974.0
507.2997742 106148.7890625
597.2924194 79890.2890625
620.3381958 202859.546875
626.2703247 52274.4453125
733.4177246 198563.265625
734.4244995 74555.96875
760.3540039 78365.3984375
833.4975586 81760.9296875
836.001709 51188.51171875
873.4854126 65574.578125
901.7862549 63640.58203125
918.0361328 50543.87890625
919.5152588 114726.953125
960.4703369 93762.046875
991.5518188 97781.6171875
1108.215454 56707.4921875
1166.785522 58168.12109375
