2166.92679104095 3
154.1595001 2230.7868652344
158.0917206 3823.6008300781
175.1190796 33528.8828125
183.1131897 2724.3811035156
184.6792603 2912.9943847656
185.0917358 4992.0400390625
195.075119 4469.9658203125
201.1229248 7731.8310546875
210.02388 23952.203125
211.1050568 2926.4135742188
213.0856171 14463.1298828125
228.1329193 7908.9809570313
229.1149139 4029.4682617188
231.0969238 4832.201171875
235.1429749 8369.912109375
237.1219482 3853.0795898438
240.0966187 5924.7001953125
258.10672 3254.0424804688
302.1947632 15010.67578125
303.1992188 4275.37109375
310.1731567 5654.8447265625
330.1434631 5667.0615234375
340.2026978 3609.6525878906
344.155426 4627.509765625
345.5924377 5196.4765625
348.1159973 6872.8544921875
348.1546326 4420.947265625
369.1413879 5638.94921875
376.1472778 16419.94140625
397.2095032 8242.6123046875
487.7217407 4905.640625
492.7313538 3869.1430664063
507.2190552 8416.6171875
517.3413696 3990.1447753906
547.9734497 3778.8220214844
580.7564697 8603.775390625
644.7857056 6261.5512695313
646.3878784 4102.2602539063
700.2947998 5256.8349609375
709.30896 4814.6098632813
709.8033447 5041.2705078125
722.3483887 6357.287109375
723.4160156 31144.353515625
724.3596802 249351.375
734.3295288 19351.296875
739.434021 4331.1401367188
764.3248901 4224.0981445313
764.8255615 7625.6552734375
765.3162231 15310.609375
773.3283081 8232.775390625
773.8305054 14886.955078125
774.3267822 4555.150390625
828.8461914 8231.4599609375
829.3495483 7525.9208984375
833.3980713 7233.9125976563
837.8582153 37785.37109375
838.3563843 31079.982421875
838.8557739 18279.962890625
887.3869019 22442.95703125
887.8895264 7277.611328125
888.3815308 4740.3720703125
968.921936 5848.6171875
969.4233398 5442.244140625
969.9330444 5539.3344726563
1400.574829 4887.9287109375
1713.599487 5074.9575195313
