2630.34852447671 3
183.0776978 4826.748046875
183.1132813 5488.05078125
183.1481323 4468.296875
185.0551758 5577.1020507813
186.1238098 6803.63671875
187.0715485 8513.73046875
197.1287842 7156.8359375
200.1033936 27329.8359375
201.1235657 102963.0703125
202.126709 8394.302734375
203.0663147 6568.8681640625
206.5379333 4601.4057617188
211.144928 5908.3232421875
215.1385498 4893.7133789063
216.0979309 22428.310546875
219.1499023 25745.0546875
227.1013489 5368.0112304688
229.1188049 59003.1171875
230.1188049 9151.09375
233.1655731 7039.15625
239.1143799 6514.5341796875
240.0978851 11818.21875
242.1506195 30545.369140625
243.133606 11915.623046875
244.0943909 8374.0126953125
246.1822968 5895.8720703125
247.1444244 13833.32421875
248.1040955 6498.1801757813
254.1486053 6683.0854492188
257.1240234 14051.17578125
257.1613464 7660.6879882813
258.1447754 12605.7041015625
261.1605225 9009.8359375
274.1051025 7200.3666992188
277.1146851 5857.4912109375
282.1448975 7955.7158203125
283.1413269 6899.7275390625
285.1574402 6516.9877929688
295.1425171 13702.3115234375
299.1724854 6990.392578125
300.1557312 12646.61328125
301.1553955 7477.0600585938
310.2125549 7217.3227539063
311.1351624 8634.724609375
313.1177368 12231.6328125
313.1515808 49559.94921875
314.1554871 6694.46875
318.0940552 26115.2265625
327.1677856 7158.7900390625
328.1625061 26020.185546875
343.1997986 11392.763671875
353.1825562 10571.822265625
360.2255249 10776.5009765625
370.2084656 15067.6044921875
384.224884 33151.36328125
388.1465149 45956.203125
389.1495056 7110.1381835938
389.2141113 25214.369140625
396.23172 7283.9682617188
412.2204895 35299.0
424.2231445 8708.53515625
428.2138367 13868.4267578125
441.2494507 10815.9365234375
461.2723083 11389.119140625
493.7305298 6440.3295898438
497.2875977 14571.7373046875
501.2312927 12188.0830078125
536.2828979 12565.53515625
538.2653809 6230.6123046875
540.3161621 14250.42578125
541.3024292 25944.818359375
542.2978516 7026.431640625
556.2752686 31299.693359375
557.2828979 8292.2685546875
558.3258057 247458.421875
559.328064 84323.625
653.9963379 7562.5444335938
669.3596802 24040.96875
671.4099731 8610.8818359375
683.3453979 11981.322265625
693.3518677 7064.1743164063
728.4321289 72308.953125
729.4299927 23639.302734375
762.3397827 8440.791015625
797.4042358 32284.626953125
798.4093018 7120.1396484375
835.4506226 8045.154296875
838.4819336 10228.0625
839.4663696 39993.0546875
840.4746704 29525.2734375
856.4840698 31454.966796875
857.4862671 11304.1123046875
868.4544678 8176.4868164063
869.4412842 8890.888671875
891.4030762 27451.2421875
892.4116821 8579.8779296875
910.4677124 8690.8076171875
938.5447388 8786.5947265625
969.5531616 13102.2958984375
1006.426636 10439.826171875
1022.498596 7291.345703125
1025.503906 12328.140625
1056.606323 12908.076171875
1119.515381 14426.6728515625
1140.535645 38107.0078125
1141.564209 85557.3515625
1142.57312 47140.234375
1143.604858 9965.3076171875
1190.553101 26387.744140625
1200.64624 40200.23828125
1201.661865 29783.56640625
1254.645874 12934.7724609375
1315.703979 22895.34765625
1410.625 26312.9765625
1411.653198 11507.7412109375
1509.706055 11714.5390625
1510.714478 12048.2490234375
2600.611084 9492.505859375
