2716.25675488684 3
187.0709686 48369.96484375
197.1285858 24623.7578125
201.1238403 14242.986328125
204.0439453 25388.65625
207.1117859 11854.1826171875
213.0858612 15424.767578125
215.1399841 20807.923828125
216.135376 13727.1591796875
218.0592957 24706.09375
225.0988922 44167.74609375
230.1126556 12545.4609375
234.1447449 76282.2734375
235.1073151 16250.798828125
240.0975494 48341.0078125
241.0817261 20191.138671875
243.134079 15309.9111328125
244.0926819 72898.5546875
253.0930939 25436.0546875
254.149231 11742.154296875
258.1085815 74042.5625
272.1609497 15641.0927734375
282.1788025 11233.857421875
296.1586609 10544.0029296875
297.1204529 13544.2236328125
298.1748047 11324.427734375
304.1570435 12390.244140625
315.1297607 82021.6328125
331.1449585 50209.16796875
332.1486816 11500.607421875
334.0147095 11991.5625
337.1275024 17149.76171875
351.1999512 11579.7314453125
354.1647949 40332.859375
367.1394958 11243.70703125
373.1367188 43109.7109375
375.198761 12013.359375
381.1413574 15084.5390625
381.213562 66919.8671875
397.2113037 20281.623046875
419.1713562 14132.83984375
433.076416 15015.8193359375
436.1933594 27290.927734375
444.1746826 82093.953125
444.2285461 13557.2646484375
457.2151489 13986.20703125
468.2465515 172468.671875
469.2468262 48442.3359375
486.2237244 17089.208984375
512.2399902 25681.59375
539.2520142 14273.69921875
557.2575073 48973.03515625
567.3207397 21079.2265625
585.2558594 16279.16796875
592.2606201 24772.740234375
601.2599487 22317.302734375
617.2606201 21374.88671875
629.3063354 60395.59375
635.2817383 14049.5341796875
654.3449097 84165.984375
655.3591919 17343.603515625
656.3439941 16725.34375
680.3271484 14949.4404296875
718.2739868 16495.80078125
728.3682861 23542.408203125
729.3766479 14503.37890625
735.2822876 14390.1748046875
755.3921509 151176.96875
756.3963013 62925.08984375
778.8627319 23703.474609375
801.3681641 81462.015625
803.3778076 15946.2939453125
831.366394 17021.580078125
849.3181152 27319.19921875
850.3265991 17709.556640625
859.4134521 18277.935546875
868.4868164 19824.0078125
902.4154053 21825.740234375
925.5033569 113114.484375
926.4987793 28609.234375
962.4150391 50644.51171875
963.4104614 24610.021484375
973.4483032 51528.59375
1058.487183 14023.259765625
1067.48645 20728.119140625
1068.526855 22773.11328125
1075.48999 50470.30859375
1076.492432 27059.001953125
1085.522949 190966.0625
1086.533325 116656.109375
1087.526855 49171.83203125
1101.507202 55832.29296875
1102.535767 47212.5859375
1198.620361 99638.5625
1199.608521 25423.552734375
1200.603394 62823.125
1201.56604 20255.84765625
1202.52002 21746.662109375
1217.559937 22084.61328125
1271.620483 27013.068359375
1272.601807 21741.220703125
1383.678589 16933.6015625
1400.685059 44735.8203125
1401.659668 18569.8671875
1405.57373 97452.6484375
1406.567505 26002.015625
1408.62085 19957.177734375
1498.738403 44984.7890625
1518.654663 73042.1484375
1519.6604 62445.98046875
1520.669067 23040.24609375
2437.284912 18812.544921875
