2344.13768404714 3
169.0970306 5059.0693359375
169.1332245 11090.6962890625
171.0766144 4235.63671875
171.1120605 3421.5173339844
173.0913391 3538.2797851563
175.118927 29573.7421875
177.1021729 9021.4189453125
181.0973816 8904.82421875
183.1129456 6563.8833007813
183.1483154 6423.755859375
185.0916748 7177.7431640625
187.0901337 54903.78515625
187.105072 7926.146484375
187.1437378 6440.3818359375
190.0720367 4471.0981445313
197.1289368 17845.580078125
199.1072845 4715.802734375
199.180481 10573.8193359375
200.1027985 6203.783203125
200.1387024 8235.96484375
201.1236267 8566.763671875
207.1117249 6478.3740234375
211.144104 5010.7124023438
213.0871735 4897.8481445313
215.138855 25163.9453125
217.1376038 10568.84375
219.0781403 5070.1533203125
226.0823364 6217.5024414063
226.1186676 8200.30859375
227.1756744 20031.7109375
228.1353607 5875.9682617188
229.1173096 5645.5004882813
233.1282959 8069.7202148438
235.0915985 50745.1953125
235.1432343 7345.9418945313
240.0973511 5024.9291992188
240.1335297 8051.7250976563
242.1509705 4965.0209960938
243.110611 5101.9008789063
243.133316 5893.0444335938
244.0931854 5914.8178710938
244.1295471 5855.7622070313
245.1313171 9901.935546875
249.1601105 5938.0063476563
251.1035919 4712.08203125
252.0358124 4371.3510742188
254.150116 4609.0385742188
257.15979 3789.7189941406
258.145813 4146.9907226563
260.1976624 9179.9306640625
261.1231384 6704.3198242188
262.0845337 6468.7412109375
262.1191406 4321.3442382813
263.088501 86016.015625
263.1385498 6710.9135742188
265.0859375 5904.5166015625
268.1657104 5166.884765625
270.1080017 40328.359375
270.1812439 4495.4301757813
272.1253052 4507.4790039063
277.1550598 5516.7573242188
285.1567993 7821.10546875
288.2038574 9354.3046875
293.1127625 5525.8798828125
294.1801758 5648.787109375
299.1735535 3937.4357910156
304.1642761 5513.162109375
310.2112427 6769.458984375
316.1302185 5432.5825195313
316.1651917 5208.9130859375
324.1029053 8028.0981445313
328.2218933 6831.2397460938
332.1609192 10835.16015625
333.1724548 4929.8569335938
334.1429749 7051.0166015625
341.1829529 9408.6494140625
341.2191467 7455.2431640625
342.2034607 8515.7685546875
344.1567993 5684.7783203125
357.1574097 9917.328125
367.1946411 6872.4614257813
369.1786194 5443.6479492188
375.1699829 18087.1328125
376.1722412 29254.74609375
377.173645 5234.5888671875
407.1412354 6574.8095703125
407.1927185 5629.1435546875
409.196228 4293.7626953125
432.2562561 10493.6787109375
488.256012 6313.5302734375
503.2471924 5298.0068359375
538.2365112 5908.5541992188
539.2489624 6442.59765625
544.2710571 4629.8095703125
552.3057861 7610.4272460938
596.769104 8505.33203125
632.3361206 19017.71875
633.3165894 7156.2216796875
747.3758545 5304.529296875
754.3602905 17566.732421875
759.4173584 10806.9130859375
760.4064331 6919.7724609375
761.3794556 17843.9140625
769.4577637 35494.76953125
770.4621582 22554.56640625
781.3847656 6454.9047851563
783.4071045 6176.5493164063
848.4084473 36507.046875
849.4130859 19038.931640625
853.3809814 5451.4458007813
867.4445801 8026.9594726563
869.4290771 7449.484375
902.9301758 6564.3203125
906.4782715 10649.091796875
910.1112671 5981.953125
953.5857544 8621.865234375
966.5106201 6928.5830078125
972.50354 7000.0966796875
976.4807739 24778.431640625
977.47052 5918.8173828125
985.484436 6244.5283203125
1007.540039 7584.2890625
1038.515259 8750.5439453125
1047.507446 28896.408203125
1048.509399 18340.853515625
1112.643066 10384.267578125
1113.639893 19893.37109375
1117.532959 7416.3989257813
1133.563477 6592.84765625
1134.538696 84659.6796875
1135.536377 44432.07421875
1136.559082 7420.748046875
1188.552246 7667.8447265625
1193.642578 6848.3125
1205.576538 93612.5625
1206.574463 43906.82421875
1207.593628 17641.61328125
1214.685669 9178.2353515625
1232.622437 7395.7275390625
1233.642578 8521.884765625
1318.654785 63681.66796875
1319.661621 22048.771484375
1320.677002 9907.5
1431.741089 17522.92578125
1532.784424 21220.6171875
1533.794922 6452.033203125
2112.028076 6091.8540039063
2176.056152 7258.1088867188
