1742.86626177269 2
129.1020966 35568.6640625
131.1178436 13253.6865234375
133.0429077 6033.6748046875
144.8599243 4424.2807617188
169.1841431 4146.3920898438
172.1080627 6256.5053710938
175.1191101 55256.85546875
195.1132355 11975.4033203125
197.1645355 7495.2602539063
200.1034698 8661.626953125
212.1402435 5714.5561523438
224.1756287 5287.8310546875
242.1498413 30210.82421875
242.1858673 6569.5014648438
281.7342529 4689.474609375
290.14505 11857.501953125
307.1434326 23394.205078125
313.1871948 42082.51953125
352.2344055 8528.267578125
370.2457886 7877.818359375
376.6294861 6485.7373046875
385.1724548 8361.7333984375
402.1820374 9431.8193359375
422.1706543 6884.06640625
438.1419067 6984.4555664063
444.3426819 5340.4829101563
490.2252808 23816.609375
493.2061157 6154.0927734375
526.3712158 8648.1845703125
554.3649292 8103.5712890625
596.2716675 7371.8325195313
619.2689819 55483.578125
620.2662354 8992.732421875
658.3500366 6635.0595703125
691.3076782 24274.005859375
742.8414917 9516.87109375
770.1968384 8269.548828125
805.3325806 37528.72265625
863.4411621 8657.9111328125
870.5031738 59107.96484375
871.5093384 80359.28125
871.9380493 46644.29296875
872.4523315 30068.068359375
872.940979 11170.642578125
902.4088135 19942.751953125
903.4071655 9060.4033203125
917.3682861 8164.7216796875
933.3965454 30367.248046875
934.3989258 7620.1826171875
961.4663696 8761.921875
1044.419312 13549.705078125
1061.456055 30868.0078125
1062.449951 23892.072265625
1079.400024 6812.5629882813
1172.485352 25451.876953125
1189.512329 39696.30859375
1190.515137 26499.62109375
1302.582764 24816.845703125
1303.607788 24532.935546875
1373.621704 41911.765625
1374.634155 27075.388671875
1501.687012 7844.44140625
