860.485024730874 2
60.0451622 2900.5236816406
60.05651474 6799.1108398438
63.39322281 1380.5725097656
69.07081604 16685.251953125
70.06598663 46347.48046875
72.08159637 50359.6328125
74.0608139 15773.5185546875
76.07670593 1893.4270019531
77.70911407 1478.5928955078
79.53939819 1767.4807128906
82.88356018 1510.7973632813
84.04517365 15063.3173828125
84.08145905 18874.431640625
85.79503632 1623.5604248047
86.09714508 432641.15625
87.05595398 11322.9853515625
87.10041046 27286.36328125
88.0402832 3138.8044433594
97.06546783 1754.4113769531
98.98479462 21792.232421875
99.05587006 1828.0484619141
101.0715256 8595.302734375
102.055542 14768.681640625
104.0533447 7368.7958984375
109.0647964 2021.8996582031
110.0716324 1786.0549316406
112.0872498 7816.0581054688
113.060585 1720.6813964844
115.0504227 12102.013671875
115.0870132 7088.958984375
116.0711365 11329.685546875
116.9510651 1699.3410644531
119.0860977 1880.1850585938
120.0665054 1429.10546875
120.0810623 36266.67578125
121.0843124 2760.1960449219
123.0812531 2279.9465332031
123.1173859 2967.4694824219
125.0712738 1600.3884277344
126.1262665 1753.1217041016
127.0865707 2461.4577636719
129.0656281 2752.6711425781
129.1024933 270615.625
130.050415 2212.28125
130.0651855 3224.078125
130.0865021 12682.3466796875
130.0966034 2036.4501953125
130.1061554 14979.8115234375
132.0813141 2233.4270019531
136.0758667 11175.4072265625
141.091095 1777.4675292969
141.1024628 3914.8002929688
143.1181946 9001.9140625
144.8381042 1611.1535644531
145.0612335 2980.3195800781
147.1130219 20541.935546875
153.0913391 2060.5815429688
155.1175385 2395.802734375
157.0972748 118274.1953125
157.1339111 11233.5283203125
158.0562134 1827.4891357422
158.0927429 9035.7158203125
159.0921783 8718.6845703125
161.0932007 2162.8071289063
166.0864716 2736.5908203125
169.0858307 4138.9331054688
170.0602722 2413.560546875
173.1281433 5589.0361328125
175.1190948 100642.3046875
176.1225128 7077.6469726563
177.1026154 7306.9819335938
183.1133728 8941.876953125
185.1288605 6939.5278320313
185.1649017 3102.6462402344
187.1083984 7931.1015625
187.1442871 15346.8349609375
189.0875092 6834.4125976563
197.1292877 6372.5556640625
199.1805267 45014.81640625
200.1400909 3260.5712890625
200.1837616 3533.4816894531
201.0872345 2898.8820800781
201.1238708 10040.91796875
208.9530792 2984.873046875
212.1026459 2464.0869140625
213.1613617 5709.453125
214.3976135 1819.0155029297
215.1394958 10056.44140625
216.1237183 8619.5439453125
218.1498108 11477.8955078125
219.1540833 1869.333984375
225.1596069 11900.6298828125
227.1758728 10765.0029296875
228.1346588 6440.4663085938
229.1184235 8030.4921875
233.1653137 2729.4973144531
234.146347 1880.5716552734
235.1087952 8102.1499023438
240.1334381 6018.263671875
242.1867676 2178.3742675781
243.1345673 6812.8168945313
254.1500854 1969.4489746094
255.1472321 2640.5961914063
260.1977844 6611.9311523438
261.1590271 2117.7822265625
263.1026306 9837.1904296875
270.1813049 9240.38671875
272.1761475 6686.220703125
273.119751 17711.0546875
275.5755615 2013.7109375
282.1803284 2647.7709960938
284.1607971 10819.876953125
284.1940002 1686.0228271484
290.146698 6717.3657226563
302.1704407 1831.4986572266
314.1728516 3893.3093261719
317.2182007 6071.2294921875
318.216095 2026.0062255859
375.2357178 6787.1254882813
376.1860962 8785.2939453125
386.2053528 6078.177734375
387.2709351 3121.998046875
403.2289734 12573.0390625
430.280426 11002.0390625
490.2660217 8442.1171875
504.2788696 20992.185546875
505.2773132 2660.0988769531
555.2835693 13994.7822265625
573.3000488 2211.6149902344
574.2855835 2457.8269042969
583.5266113 2250.1564941406
591.3094482 79924.109375
592.3117676 25377.705078125
593.3139038 2571.4519042969
603.343689 3971.8017578125
604.3467407 2140.9904785156
630.380188 3737.7055664063
631.3886108 2827.4228515625
635.3757935 2446.1420898438
686.3861084 3833.6711425781
704.3943481 32046.40625
705.3963013 11199.05859375
