1372.68893338362 3
97.04011536 9050.7548828125
98.02419281 10066.51171875
101.0715027 23955.732421875
101.1079712 4205.001953125
102.055748 16972.97265625
103.0547867 32813.48046875
104.0534668 5460.5620117188
110.0647964 7032.0073242188
110.0718079 133094.734375
111.09272 3783.9716796875
112.03965 5484.2338867188
113.071907 3656.71484375
115.0504837 44966.55078125
115.0872803 20019.837890625
116.0709152 9472.29296875
119.0494232 9009.9931640625
120.0811844 407921.53125
121.0847473 28339.76171875
127.0504379 4883.3354492188
127.0870285 19522.19140625
128.1074524 4620.224609375
129.0661621 8988.8857421875
129.1025238 141808.203125
130.0501556 126049.1953125
130.0649719 45242.734375
130.0865021 66793.3671875
130.1056824 6152.712890625
131.118042 4722.5615234375
132.0807648 6546.8935546875
133.0431976 6943.26953125
133.0604553 8730.3896484375
136.0758972 168033.921875
137.0795288 18336.359375
138.0916138 7418.6875
139.0505371 16088.564453125
140.0343018 5423.279296875
141.0659637 7215.65625
141.1025238 23166.5
141.1424561 3896.6188964844
143.0816193 7808.5737304688
143.1181641 23276.193359375
145.0613098 5057.8208007813
147.1127319 71502.765625
148.0758057 15913.5302734375
148.1155701 5899.83203125
149.0452576 33644.5078125
155.1180878 19308.83984375
156.0771484 50740.28515625
157.0613251 34009.91015625
157.0965881 13575.6884765625
157.1339417 9193.2578125
158.0930328 23890.40625
159.0771027 9656.5751953125
159.0920715 26070.923828125
167.0559692 57553.56640625
167.0814056 5460.654296875
169.0980377 5088.5708007813
170.0602264 5454.75390625
171.1129761 4265.9848632813
171.1498566 5716.9125976563
172.0747223 16202.9599609375
173.0554504 5180.2080078125
173.0931091 4695.9516601563
173.1284943 78975.0
174.1326141 9754.25
175.0715485 152931.1875
175.0867615 27959.939453125
175.1190643 89547.0
176.0753632 4617.6235351563
183.1136169 46861.51171875
183.1490021 8787.00390625
184.0719604 16919.390625
184.1159668 6025.3403320313
185.0558319 17268.9765625
185.0731812 5145.9443359375
185.1653137 42660.796875
186.1237946 17974.416015625
187.0713654 7780.7241210938
187.0866547 6904.2651367188
187.1076355 4903.0727539063
187.1442108 61044.73828125
191.0843506 4763.4165039063
197.1283264 33215.9453125
197.1639862 5693.4072265625
199.1807861 49825.609375
200.1394501 43151.375
201.1235352 48066.52734375
202.0831757 5354.1577148438
203.0666046 49982.96484375
204.0713348 4246.2895507813
204.1343842 66375.78125
205.0985718 5718.3833007813
205.1362 5354.3159179688
211.1083221 26572.044921875
212.1182556 4473.5537109375
213.15979 27305.779296875
215.1392212 94200.328125
217.0977936 44108.02734375
218.0580292 4628.3237304688
218.0996399 5820.1000976563
221.0847321 22807.6328125
221.1289368 45053.03515625
223.1542816 30499.931640625
225.0430603 78177.1796875
225.0982361 18477.28125
226.1206818 5032.0131835938
227.0219727 9120.90234375
227.1756287 22699.53515625
228.1345062 70384.796875
229.1188354 27551.046875
233.1649933 55885.109375
234.1239929 146058.765625
234.1473389 5123.77734375
234.1679382 6349.9936523438
235.083374 5815.1083984375
235.1061096 8688.193359375
235.1268616 22657.298828125
236.0664673 9557.6611328125
239.0948792 81015.09375
240.1350555 9416.04296875
242.1498413 7767.1240234375
243.1330109 28936.240234375
245.0928497 9850.8994140625
245.1859894 16912.986328125
246.1255798 5555.134765625
246.1816101 5520.0170898438
249.1600494 17587.380859375
250.1624756 7708.1274414063
251.1500702 26599.54296875
252.1347198 6673.7709960938
253.0936127 65825.5390625
253.1171265 10140.6376953125
255.1464233 4903.7299804688
255.7875824 4023.923828125
256.1277466 6789.2885742188
260.1964722 20530.083984375
261.1572876 21243.708984375
262.1192322 44918.15625
270.1450195 21903.615234375
271.1479187 8632.4609375
271.1764832 14401.37109375
272.1744995 6552.9233398438
274.119873 6304.8100585938
278.1567688 4137.8754882813
283.1401062 16519.69140625
284.6636658 21641.224609375
285.1607056 5738.345703125
286.153656 8905.07421875
288.2028809 6123.5297851563
295.1044922 6267.0502929688
297.1564026 6177.119140625
298.1401672 19688.98046875
299.0618286 73687.125
300.1670532 4404.1606445313
301.1524353 22376.19921875
302.1547546 6575.3046875
315.1654663 6186.568359375
318.1772156 92891.2890625
319.178833 8911.4619140625
320.1729126 4337.4799804688
322.1846924 5418.4057617188
330.1831665 9223.9716796875
342.1795044 9747.689453125
345.2258301 6617.0341796875
347.1785889 6928.7133789063
348.1659546 29370.880859375
357.1893921 5679.3500976563
358.1781921 5389.6743164063
365.1928406 6671.6362304688
366.1769409 76421.8671875
367.1791992 7981.71484375
375.1989746 30831.58984375
376.1542358 5594.6801757813
381.1999207 5365.3159179688
390.2059937 7436.8701171875
391.8486938 4937.0649414063
398.7172546 24978.578125
399.2241516 8922.365234375
403.7070618 6939.3286132813
404.211853 7240.046875
414.2374573 6829.60546875
416.2603455 43794.18359375
431.2623901 49184.0546875
432.2642212 4866.7255859375
435.2726746 5753.38671875
440.2211914 6744.7470703125
451.2665405 7678.0869140625
459.2880554 5122.6157226563
472.2546387 24240.115234375
472.7565308 16502.76171875
475.2611084 7851.8286132813
477.2456665 7934.9448242188
477.7417297 5639.7255859375
479.2622986 8857.916015625
480.2155457 5862.70703125
485.2547913 17108.7265625
486.245575 8347.255859375
503.2938232 7304.2998046875
506.2779541 6659.94921875
513.2457275 15930.775390625
520.7633667 16711.3359375
521.262207 9872.662109375
529.2733154 8952.9677734375
529.3441772 30315.1640625
529.7766113 8263.603515625
533.2938232 8196.1796875
551.296814 7398.3139648438
568.3193359 54452.2890625
569.3170776 18898.42578125
575.314209 5355.0288085938
582.2600708 6071.2680664063
582.3414307 9729.42578125
583.8169556 5527.494140625
588.3431396 7653.7036132813
598.3342285 4881.8779296875
602.3267822 7389.6025390625
605.3460083 4620.2763671875
614.3302612 4508.6313476563
617.3567505 6568.51171875
627.2885742 9135.9208984375
630.3605957 5990.326171875
637.3713989 6523.18359375
648.3035889 5922.7924804688
650.3323975 6025.75
665.3270264 16177.0791015625
666.3261719 15667.0302734375
676.4144287 36902.3515625
683.3471069 71220.765625
684.3411255 30069.1171875
685.3512573 8290.7314453125
688.4035645 5939.6508789063
701.4331055 28776.513671875
702.4299927 7113.3500976563
740.3713989 9327.638671875
741.3656616 6053.140625
754.3850708 23495.791015625
778.4163818 8784.23046875
779.4071045 5871.7099609375
780.4014893 6208.08203125
789.3736572 5157.8447265625
796.4307861 61170.0234375
797.4303589 31320.27734375
798.4259644 6012.7163085938
801.4691772 6057.5244140625
806.4115601 9000.4296875
807.4041748 5534.7431640625
881.0681152 4866.2080078125
927.4776001 5150.31640625
943.4874268 19971.4140625
944.4908447 15372.2666015625
1041.526978 5386.87109375
1057.556274 6326.6826171875
1311.222046 4717.7001953125
