1400.7353512377 2
101.0715179 56692.12890625
101.2546768 3990.3090820313
102.0555649 4713.9545898438
110.0720444 32321.076171875
110.2248917 4726.2739257813
115.0875092 8749.611328125
120.0811844 52858.8515625
129.0658417 7237.2211914063
129.1026001 100112.3125
130.0866394 25937.783203125
136.0759125 45078.74609375
141.1025848 10169.91796875
147.1125793 51147.77734375
169.0975647 29940.458984375
171.1127014 4103.7138671875
173.1289368 26336.201171875
175.1188354 30148.666015625
178.0534363 8901.5654296875
183.1500092 19992.67578125
185.0927887 5108.23046875
185.164917 82837.234375
195.0762177 6937.6801757813
200.1028442 8153.0004882813
211.1440277 6032.5688476563
212.1034241 20972.69921875
213.0875702 6922.4096679688
213.1599121 24586.86328125
214.1187744 7725.0942382813
217.0834961 7987.5859375
223.1074066 4290.2416992188
226.1195374 6761.1625976563
228.1348724 16898.744140625
230.1145782 21457.94140625
244.1305542 7484.7309570313
244.1658173 7788.556640625
249.1227264 6025.6889648438
251.1027222 52661.71484375
257.1257324 5552.130859375
258.1451111 44375.296875
262.1403809 42695.54296875
266.1141052 5350.1049804688
271.1402283 4798.8876953125
276.1560974 21132.501953125
277.1192627 18534.2578125
279.0979919 55536.44921875
283.1409607 8577.107421875
311.1380615 7226.7993164063
328.1612549 7809.271484375
339.2403259 6816.2436523438
341.2189636 7400.9233398438
350.2091064 4813.974609375
354.1751404 6889.8828125
355.1617737 6089.3120117188
372.1897583 4353.0112304688
373.1699524 5950.533203125
381.8521118 3982.1711425781
382.2122192 4407.4765625
391.1817627 9168.716796875
412.2106628 4485.4165039063
414.1676941 6966.9716796875
417.1913452 4655.3115234375
423.2228088 31598.453125
424.2565613 5392.384765625
426.1656189 17539.4765625
428.2148743 5326.6635742188
446.2250061 18939.42578125
462.2188721 35804.43359375
463.219574 8653.0205078125
498.2631836 4882.943359375
513.300293 4947.9458007813
561.2876587 18001.61328125
562.2913818 6981.9116210938
565.0478516 6398.5190429688
585.7901611 20221.833984375
586.2871094 26793.263671875
610.2878418 5829.7055664063
672.3104248 5972.9370117188
689.3374634 8970.3310546875
700.4293823 6796.4711914063
701.3300781 77613.015625
702.3416138 4739.7915039063
729.3733521 21617.880859375
800.375061 7520.8872070313
817.4026489 4849.7021484375
888.4294434 23026.623046875
889.4364014 14895.484375
942.461853 6451.5356445313
959.4711304 22267.767578125
960.4577026 8719.0615234375
989.4863892 26364.224609375
990.4881592 10180.6845703125
996.3343506 5049.0390625
1060.517578 25141.95703125
1061.521362 16325.3037109375
1171.548462 9714.4453125
