10540
2
1229.577922
# +15.9949|* +79.9663|
C=160.030649
1229.58603	0.0000	10.08	-0.869	2	16	K.NLIM#PRFS*R.K	R
1229.57861	0.6101	3.93	-1.491	2	20	K.ARNAVAAAYS*R.A	R
1229.57478	0.6101	3.93	-1.491	2	16	-.EKLM#IWAS*R.V	R
1229.58027	0.6101	3.93	-1.491	2	16	K.KKQKPT*PS*R.S	R
1229.57481	0.6101	3.93	-1.491	2	18	K.LCSFAVPLS*R.L	R
1229.57730	0.6101	3.93	-1.491	2	18	K.LDKETLSTS*R.G	R
1229.58027	0.6101	3.93	-1.491	2	16	R.LS*QLRPLS*R.L	R
1229.57481	0.6101	3.93	-1.491	2	18	-.M#PFPGTIKS*R.D	F
1229.57077	0.6101	3.93	-1.491	2	16	R.M#QKDLQKS*R.E	F
1229.57864	0.6101	3.93	-1.491	2	20	R.QPSAPGRPPS*R.R	R
