926.423085612526 2
70.06584167 554764.375
72.08162689 5876520.0
73.08493042 164230.140625
74.06065369 91083.9453125
78.99932861 58078.43359375
80.87895966 62627.328125
84.08154297 338272.71875
86.09712219 1183605.625
103.0549164 78989.953125
104.0533829 138378.65625
110.0721664 102764.640625
112.0873718 300575.34375
115.0868378 133400.046875
116.0711441 117781.4765625
117.3830643 69209.28125
120.081192 2304332.25
121.084343 106252.7578125
129.1023865 400989.46875
136.075943 380542.09375
138.8604126 66455.3125
143.1179657 80232.5703125
147.1131134 91722.8828125
157.1342773 148226.765625
158.0929108 363322.3125
165.1020355 491914.71875
171.1494293 2982364.0
172.1528015 147988.03125
175.1191406 1992730.375
176.1234283 100614.296875
187.1077423 157002.953125
190.0983429 68756.3671875
199.144165 498821.59375
219.1492157 121318.03125
273.1186829 111299.171875
305.1618347 417575.8125
308.1075134 354481.0
404.1617126 126513.4921875
404.2295227 99635.3828125
421.1875305 392453.15625
421.2561035 641228.375
464.2626953 1611317.625
581.2177124 686991.8125
582.2149048 144641.46875
614.3596191 80545.5
727.4418945 111938.609375
728.2849121 854683.4375
729.2901001 548318.5
730.2736206 119767.6328125
827.3426514 89649.0234375
