1607.81969928591 3
112.0871277 29023.431640625
120.0813065 494442.71875
129.1018829 268432.375
129.1097412 30925.123046875
130.0863495 86290.078125
136.0757904 94588.25
138.7639313 27229.66015625
143.1177673 167259.078125
145.0968628 65131.46875
147.1125336 180662.328125
151.0492554 30991.833984375
154.1867523 28947.27734375
155.0809174 79920.5234375
157.1331787 55006.48828125
157.6883545 29021.435546875
159.0917511 79955.8359375
159.1125183 105160.90625
165.209198 31171.248046875
171.112381 101842.2109375
173.0554504 175265.34375
173.0913391 45161.21875
175.1192474 279244.15625
183.1141052 55447.9765625
185.1653595 50117.390625
187.0706329 35176.18359375
187.1087799 61456.73046875
189.7537537 32937.61328125
197.1286163 37869.078125
201.1232147 72086.2109375
207.1129913 48401.68359375
212.1021576 60801.88671875
213.1594696 40551.20703125
215.1377716 41383.32421875
235.1080322 107739.484375
236.1406555 59462.71875
240.0983582 42180.55078125
244.0931702 81251.3671875
244.1667786 50509.796875
248.1603088 167834.109375
253.0930939 82222.90625
255.149231 47417.82421875
263.1393127 167148.46875
305.1828613 42768.08203125
306.1447754 95039.15625
424.2068787 98694.140625
424.7100525 65979.59375
464.2510986 84108.515625
535.2526855 188725.5
536.2493286 93287.7265625
537.2832031 284882.28125
587.3876343 62710.328125
598.3026733 90723.265625
618.3361816 145661.109375
674.3765259 77341.171875
710.347229 247681.3125
711.3660278 72214.375
717.4055176 90058.6015625
730.414978 77987.5859375
786.3751221 61707.6796875
847.4035034 188096.46875
848.4139404 95975.6328125
871.4699707 64769.4765625
885.4129028 63316.86328125
960.5029297 186557.453125
1128.472412 64306.72265625
