1294.6474619863 2
101.0715103 35196.26953125
101.1081924 8684.716796875
102.0556793 16146.583984375
104.0533142 15951.8173828125
110.0717621 191093.0
111.0752869 8663.298828125
112.0873032 16065.6650390625
113.0717163 7593.5463867188
115.0863342 9024.029296875
116.0711365 11997.7607421875
119.171669 9239.873046875
120.0811844 77304.9609375
129.0662689 12530.90625
129.1024475 169476.75
130.0863037 56156.45703125
130.1062775 9270.708984375
133.0435791 16952.10546875
136.0760498 108488.703125
137.0789185 8103.0439453125
138.0912323 19150.302734375
141.0658875 13104.509765625
141.1026306 30289.94140625
143.1174469 13810.5908203125
145.0616608 8809.6455078125
147.1130524 89563.8671875
148.1159821 8772.8974609375
155.1179657 17849.841796875
156.0770721 223188.53125
157.1337891 17823.748046875
158.0929871 28824.431640625
159.0762939 16921.47265625
169.0970917 92871.1953125
171.1494293 17028.1484375
175.1188507 76180.4921875
181.0973053 14953.431640625
182.1287231 70162.2890625
183.1130981 113137.1484375
183.1494141 35253.0703125
185.0914917 9240.310546875
185.1281738 11936.1162109375
185.1653595 54239.45703125
186.0874329 17423.67578125
187.0712128 20635.740234375
187.1086884 12896.7998046875
189.0877533 11531.48828125
190.0823975 11120.201171875
200.1396179 132279.25
201.1238403 10632.41015625
201.1421967 12585.25390625
202.0836639 8943.7451171875
204.1349487 88307.3359375
205.1387329 9961.869140625
207.1130524 10721.1689453125
209.0918884 10114.0673828125
210.1251831 58677.703125
210.1439514 7970.0009765625
211.1082916 12716.01171875
211.1442108 11494.3896484375
212.1029053 14503.16015625
212.1392975 13079.5185546875
213.1600037 46117.81640625
217.0813293 14779.345703125
226.0823364 11542.4931640625
226.119278 55576.0234375
228.1355438 59653.86328125
240.1352997 15523.966796875
243.1347504 13044.6005859375
244.0936737 15821.4228515625
247.0779877 9032.591796875
254.1143494 11044.34375
255.1454468 111069.5234375
256.0922546 14615.83984375
258.1455688 19367.56640625
260.1973877 9216.86328125
272.1257935 14937.9228515625
272.1717529 47285.3203125
278.7969666 8808.357421875
280.1291504 97266.828125
282.1806335 60043.26171875
283.1404114 36706.6796875
286.1405334 50188.9453125
294.1449585 9844.2568359375
295.1670532 34999.93359375
301.1151733 10139.0009765625
303.2041016 37398.75
309.1923828 32050.521484375
310.1747131 15838.9267578125
325.151947 10497.73828125
325.1882629 16374.423828125
326.1833496 13037.91015625
327.2038574 12915.6337890625
329.182312 14077.1044921875
330.1855774 19185.84765625
337.1524353 29472.7890625
354.1776733 41592.06640625
364.0487976 9803.96484375
365.2178345 42182.95703125
372.2245483 34029.1953125
381.1223755 11300.767578125
391.1620178 13414.5478515625
393.2123413 58169.47265625
404.1817932 11747.3662109375
417.2203674 15323.615234375
450.239502 9450.3837890625
463.2563477 16414.375
489.2668457 19304.326171875
515.7132568 11000.947265625
518.2999878 9517.5888671875
567.1912842 31381.939453125
646.3809204 114283.8125
647.3562622 145461.5
648.3438721 47165.2890625
652.3277588 9975.9306640625
666.2525024 13786.53125
694.3209839 38304.94140625
696.4116821 10476.865234375
709.3510742 55135.47265625
710.3534546 14794.125
727.3737793 11874.9853515625
744.286499 11852.431640625
744.4005127 172087.953125
745.399292 62084.45703125
746.3930664 15045.591796875
769.0148315 9652.9482421875
808.3438721 10627.611328125
809.3530884 37335.9609375
810.3505249 15313.478515625
869.3807983 45920.4921875
870.3873901 17232.16796875
907.4585571 12473.0556640625
968.4385376 19075.81640625
980.4400024 11137.451171875
1067.510498 14952.9443359375
1068.518188 19524.86328125
1080.50708 13274.2490234375
1081.499512 16881.369140625
