851.510013510342 2
70.06609344 678247.125
70.21907043 54865.046875
72.08161163 437871.96875
84.04491425 501396.09375
84.08145142 625212.125
86.09715271 1646266.875
89.0718689 103419.8359375
101.0712509 83861.328125
102.0554886 285760.9375
110.0718765 976959.8125
115.0868988 111437.28125
116.8663712 58125.9375
120.081398 553336.125
127.5033112 64207.828125
129.0657043 258522.15625
129.1025696 570795.75
130.0864563 311732.4375
136.0757751 110790.234375
143.1184845 81893.1796875
147.1131897 499015.65625
157.1340485 130171.9921875
158.0932617 101525.6328125
166.0608063 114788.359375
173.1292419 94112.2578125
175.1193237 797265.6875
176.0821075 280070.65625
197.128479 818585.5
199.1805725 105773.8125
215.139679 383974.3125
221.1036072 972147.0625
223.1556702 87654.109375
225.1251068 79360.6015625
227.1749878 163946.5
229.1304626 261745.0
246.1567078 148329.921875
249.0980988 1101051.25
257.5141907 82278.0703125
267.1086731 633900.6875
294.1813049 426403.25
300.6914673 80277.6875
342.2161255 93593.59375
359.2427673 239909.875
361.737793 87849.328125
362.1813354 262393.0625
362.2368774 112834.703125
408.23703 72565.734375
408.7346191 69106.46875
409.2041626 98496.7734375
472.3238525 639173.75
473.3265686 273094.3125
520.2410889 79191.5859375
572.3727417 72223.8203125
572.4611206 73209.828125
582.5205078 65005.6796875
585.4088745 908355.5
586.4099731 373138.78125
