1500.78471590284 2
108.0758972 19697.96875
110.071701 54140.20703125
115.0869141 28079.59765625
120.0812836 167753.65625
127.0864639 26691.2265625
129.1022797 163076.65625
130.0654144 206567.078125
132.0806274 101221.9296875
136.0758362 205484.078125
143.1170654 31982.068359375
144.0810089 41407.0546875
147.1127472 140449.125
157.1334534 87714.4765625
159.0919495 356482.59375
170.0603943 90885.4921875
175.1192932 96359.890625
183.1133118 33079.51171875
184.1114807 21210.58203125
185.1288147 27027.41015625
186.1279144 138313.09375
187.0868835 89996.328125
199.1075287 40735.58203125
213.0870667 31466.5390625
213.1383209 150500.25
214.1412201 29272.068359375
216.0983582 24406.23828125
226.1188049 33568.7265625
227.1027985 108012.8046875
228.1342163 55681.80078125
237.1226654 27425.33984375
240.1340637 44469.8359375
241.133316 329925.25
252.765976 25145.4921875
254.1508331 23527.642578125
258.1610718 638953.75
259.1646118 45363.59765625
269.1285706 88835.7421875
273.1291809 31898.880859375
276.0621033 35656.75390625
276.1558533 51872.9296875
286.1550903 408775.6875
287.1585388 51604.68359375
297.1567078 25544.4375
312.1736145 55929.65234375
327.204895 26126.955078125
340.1643372 43698.90234375
355.1968079 27900.939453125
357.1926575 337991.53125
358.1958618 28720.34375
367.1649475 24564.46875
373.2082825 554855.3125
374.2112427 116395.1328125
382.2069092 30233.646484375
455.2214966 32473.73046875
559.2863159 146257.421875
560.2918091 55963.36328125
645.3352661 29424.833984375
703.3793945 29081.25
717.3529663 113962.1484375
718.3598022 88938.5390625
765.4331055 35991.75390625
838.5046997 45937.05078125
839.5236206 43393.265625
887.4609985 36282.375
903.4468384 45972.875
988.5161133 32151.728515625
1031.49939 55736.16015625
1215.61853 88995.84375
1216.626343 110340.515625
