1980.994124 2
136.0752716 11037.478515625
155.0811615 6076.1889648438
159.0913086 11160.2626953125
163.4562378 5357.66015625
171.1130066 7465.765625
172.0719757 5740.3413085938
175.1188202 9883.701171875
189.7825165 5999.705078125
197.1282806 8507.73828125
199.1078186 6868.4467773438
201.1240692 14545.4677734375
217.09758 17017.23046875
229.1178741 7157.828125
235.1077118 6193.8173828125
260.1971741 5825.14453125
262.0947571 5703.0961914063
262.1191711 46532.640625
274.1209717 10053.712890625
274.1877441 5843.3330078125
288.2027283 7527.2661132813
302.0969543 8510.13671875
315.292511 6230.6352539063
316.1522217 6577.6923828125
319.1399841 33433.97265625
345.1600037 6527.3178710938
374.2410583 35285.02734375
403.1591797 8480.54296875
406.1726074 7889.6420898438
521.3115234 11863.501953125
563.2092896 9580.390625
578.3289185 48088.99609375
889.5130005 59128.90234375
890.5134888 31636.533203125
928.5115356 16620.521484375
976.543457 64155.21484375
977.5482178 25707.90234375
990.5510254 14131.10546875
1069.440918 9774.64453125
1090.658447 9018.623046875
1097.506958 28173.400390625
1098.526733 12750.03125
1190.668823 30192.88671875
1215.341553 9069.4033203125
1228.624023 9076.845703125
1289.565796 10752.0947265625
1305.697754 39789.87890625
1306.713623 16207.0
1508.148926 10939.2490234375
