1762.8827380696 2
129.1022797 10765.2080078125
147.1132202 4531.9887695313
175.1194611 5987.9169921875
186.6000824 5309.5654296875
194.0039825 5245.599609375
195.0766144 6090.2578125
225.09935 15133.958984375
226.0825653 27504.263671875
234.1448364 34202.9765625
243.1087952 34731.56640625
256.1291199 16898.63671875
337.116394 8873.830078125
347.2294312 9281.388671875
353.1584473 14220.3115234375
354.1422424 39771.71484375
371.1651306 12358.275390625
436.1877136 13783.2666015625
437.1774597 10057.4775390625
454.1964111 15570.892578125
455.190979 12022.591796875
472.2087402 30708.94140625
476.2734375 10701.369140625
503.190033 10453.46484375
520.2147827 31381.900390625
521.2047729 13341.8115234375
523.1928711 8552.6669921875
538.227356 29420.84375
585.2885132 8360.5087890625
587.0779419 8096.7470703125
591.2590942 7953.873046875
609.2678223 15102.46484375
610.2615356 9734.9912109375
721.3746948 9363.7900390625
728.1462402 7466.6801757813
739.3730469 11674.0078125
800.4104004 10941.330078125
809.3916626 7920.0395507813
818.4262695 100656.078125
819.4238281 55121.91796875
844.8656616 9114.919921875
872.934021 8780.0947265625
873.4314575 8882.25390625
881.3950806 28341.2265625
919.4772339 13888.498046875
1006.5047 77334.0703125
1007.511475 33238.82421875
1119.584595 27998.625
1120.608032 11376.3916015625
1190.630981 12822.8037109375
1291.682251 11661.33203125
1505.820435 10953.80859375
1624.776978 9198.3193359375
