2020.95043859605 2
175.1187744 6841.90625
201.4910278 4545.7768554688
216.0984039 6032.2387695313
227.0669708 8257.4169921875
227.1017914 19552.080078125
244.0930939 22492.01953125
257.9348755 4631.4052734375
279.3655701 5225.2583007813
331.1261902 10351.6201171875
341.1476135 9414.9384765625
420.1907654 6185.6479492188
444.2110291 6093.5805664063
457.2519531 33446.26171875
584.2351074 21689.02734375
676.333313 12688.482421875
676.8422852 9825.9013671875
768.4384155 128662.1875
769.4414063 50520.41015625
789.3845825 7686.2407226563
840.4084473 7601.9340820313
860.3815308 7155.3544921875
883.4675903 11772.859375
968.1143799 6613.7119140625
1010.480103 18517.548828125
1011.519958 12688.3935546875
1012.499939 9824.791015625
1122.56604 9853.5703125
1132.536377 10762.2119140625
1139.600586 10700.31640625
1140.588501 11405.7021484375
1351.660156 71089.265625
1352.668457 50267.66796875
1353.672485 12523.349609375
1577.781738 44886.11328125
1578.76062 22255.1171875
