1373.75148482664 2
95.93170166 5264.0634765625
97.23392487 5239.041015625
101.0716095 39041.58203125
102.0556107 67545.5703125
104.0533142 12714.6103515625
110.0717697 24926.955078125
113.0716934 9177.5361328125
115.0504837 25213.9609375
115.0868073 9138.9365234375
116.0092545 5953.5483398438
116.0711823 8784.2060546875
120.0810699 164483.5625
121.0846252 10095.4228515625
127.0871429 8234.5224609375
129.0662384 9451.7978515625
129.1025085 88799.9296875
130.0654144 6637.2587890625
130.0866699 58252.94921875
130.0950928 5481.6923828125
131.0815887 6453.4682617188
133.0435944 7900.2724609375
133.0614014 8871.7412109375
136.0759583 95510.3046875
137.0799866 6488.8422851563
138.2449951 6296.5190429688
141.1024628 22528.169921875
143.1184235 10341.8251953125
147.112915 90485.1328125
152.1075592 6314.435546875
155.0815887 25235.9921875
155.6481018 5799.521484375
157.0976257 22446.6484375
157.1342773 8525.1259765625
158.0926819 10169.732421875
159.0796509 8428.1484375
159.0916748 43831.34765625
159.1127014 8786.3125
169.097229 9371.982421875
170.1178131 6194.1977539063
171.1118469 6539.2543945313
172.0725861 6770.845703125
173.0924377 8089.076171875
173.1284637 39797.8984375
175.1191406 69465.3203125
181.0976257 7532.3901367188
183.1135254 29104.66015625
183.1491241 21442.078125
184.0730286 6688.1821289063
185.0923615 6914.5146484375
185.1285706 21056.080078125
185.1639404 8938.970703125
186.1226501 11068.7861328125
187.0713959 9206.34375
187.1077423 7935.7436523438
187.1439972 9360.125
197.1122894 5415.4741210938
197.1280212 44381.95703125
199.0713806 21393.4765625
199.1081696 59207.6171875
199.1441193 12391.5703125
199.1799469 39052.08203125
200.1396027 9063.32421875
201.1237488 139328.375
202.0829468 11135.3046875
211.1441345 11449.75390625
212.1045837 7179.8110351563
213.160553 10657.8740234375
214.1193237 31877.87890625
215.1393585 233442.609375
216.0984192 7063.1743164063
216.1416626 31221.181640625
217.0818634 13590.71875
217.1345215 8183.0541992188
218.1497498 6146.7919921875
219.1505585 47332.01953125
225.1225433 8289.6201171875
226.0822449 5418.1293945313
226.1187286 22713.908203125
227.0665131 12635.349609375
227.1023254 61631.875
227.1758575 38608.6796875
228.1350708 26892.359375
229.1181793 50603.66796875
230.1173248 6063.3618164063
230.1506958 23843.1953125
233.1666565 10147.1318359375
234.1238251 7607.5034179688
234.1460876 10601.544921875
235.1084442 8674.919921875
240.133728 10266.208984375
242.1505585 7816.451171875
243.1099701 19114.375
243.1335754 199343.671875
244.0929718 11228.986328125
244.136795 33864.1328125
244.1649323 9096.7314453125
245.0764465 64055.7734375
245.1291351 6969.4560546875
247.1441803 32025.845703125
249.1230011 9844.1533203125
260.196991 41090.81640625
263.1397095 8017.1064453125
272.172699 8964.958984375
283.1404114 7762.9467773438
288.2032471 11628.330078125
293.1142883 9448.4912109375
294.1473083 6868.0424804688
297.1562805 31814.287109375
298.1396484 9171.2861328125
311.1677246 7467.6826171875
311.2010193 7601.9926757813
312.1559143 54817.62890625
312.1886292 7095.5927734375
315.1670532 35500.39453125
323.144104 5566.0302734375
326.1710205 9189.216796875
327.2034912 11011.0068359375
330.1657104 34956.921875
339.167572 8478.08203125
340.1510315 32523.6484375
341.218811 7068.0473632813
342.2034302 23805.625
347.2283936 46785.65234375
356.2177429 8760.0341796875
358.1606445 306654.53125
359.1625977 57051.77734375
361.2446594 8471.2138671875
362.2060242 8998.5859375
384.1867676 11782.3671875
401.2868042 11117.458984375
402.2000122 11266.8076171875
410.2391357 30392.68359375
411.2217712 8255.8388671875
425.2395325 25879.982421875
426.1898804 6822.5454101563
426.2309875 7538.2861328125
443.2542725 49550.140625
444.2503357 13539.94140625
445.2038574 11687.7958984375
453.236084 9056.9609375
461.272522 81159.78125
462.275116 24766.791015625
463.2185059 8043.3002929688
471.2434998 39506.36328125
472.2478027 7879.7216796875
480.2479248 10702.51953125
490.2317505 11919.7431640625
501.3152771 33412.0703125
513.2307739 9087.765625
540.2622681 9530.6357421875
549.2901611 7406.3994140625
557.3264771 6168.3706054688
558.2593384 7113.001953125
574.3566284 13700.03515625
608.3023682 12635.4326171875
616.3391724 23177.537109375
626.3118286 22653.83203125
640.2744751 8587.7080078125
644.321167 7927.130859375
645.4224854 7246.9711914063
661.388855 84193.6484375
662.3892212 25069.21875
687.4344482 12633.0947265625
688.4162598 12679.544921875
693.3966064 28738.78125
694.3954468 11617.69140625
715.4111938 38948.30859375
764.3931274 9936.4423828125
772.4134521 12235.732421875
773.4133301 10424.158203125
774.414917 8093.7407226563
776.8426514 7325.5200195313
790.4331665 100590.984375
791.4419556 49364.12890625
792.4486084 34895.796875
814.4786377 56357.90625
886.4949341 8315.0009765625
903.5163574 115443.796875
904.5194702 66431.0703125
913.5414429 9567.0908203125
921.4994507 21401.564453125
922.4883423 8699.33984375
1000.569153 27977.5234375
1016.593689 11348.19140625
1018.546265 34076.15234375
1019.550049 22107.884765625
1116.594604 7749.4052734375
1129.599365 24787.892578125
1131.631226 58796.390625
1132.630249 41840.66015625
