1127.60987577367 2
84.04515076 522760.5625
84.08162689 424577.84375
85.08487701 44762.359375
86.09715271 1769698.75
87.0558548 42646.17578125
87.1004715 48270.23046875
91.13936615 36983.625
95.40612793 35313.3984375
101.0716095 532327.875
103.0547028 59568.5859375
104.05336 52280.78125
109.260643 36784.36328125
110.0721283 134307.609375
115.4063873 36335.97265625
116.0703506 45478.59375
120.0811844 2825935.75
121.0845718 248974.21875
127.0867004 169414.140625
129.0666962 38131.5546875
129.1026001 671641.5
130.0653992 150314.078125
130.0863953 165328.609375
130.1063385 50477.98046875
132.0804596 55106.23046875
136.0758667 274943.59375
143.1183472 56581.828125
144.1086731 37199.2734375
147.1131287 228023.15625
155.0820923 153805.140625
157.0989532 40977.34375
158.0924377 44679.53125
159.0788879 66984.546875
159.0915375 480727.9375
160.0950775 45660.86328125
165.3743744 36682.44921875
171.0766449 52535.28515625
171.1130829 43427.53125
173.1286774 85277.8671875
175.1193237 349408.78125
183.1127777 92788.625
183.1498566 89103.453125
186.0879059 47652.48828125
189.0705719 41846.8671875
201.123764 644360.0
211.1451721 94089.5078125
215.1402435 49968.90625
219.1487274 149024.421875
221.1283722 91916.5078125
229.1181335 223847.25
231.1129913 73156.265625
233.129837 87561.234375
233.1651764 926967.0
234.1448059 332948.53125
234.1668091 106937.6171875
235.1078949 48303.44921875
242.1498871 91922.9140625
245.1284943 46241.27734375
247.1444397 59466.20703125
248.1406555 45115.16015625
255.1478729 41855.15625
258.1229248 58102.39453125
260.4966736 38870.69921875
261.122345 57756.99609375
261.1596375 157605.046875
262.1643677 41278.6328125
276.134491 84640.6484375
285.0902405 54304.33984375
303.1789856 38854.35546875
311.170929 43961.109375
330.1723022 61097.00390625
335.1926575 71710.3515625
356.9223938 39456.73046875
358.1746826 43157.69921875
374.2054443 42441.109375
375.2048035 47623.484375
376.6756592 57000.04296875
389.2175598 49474.015625
390.1670532 45763.8046875
392.2142029 239099.59375
425.2221985 53697.41796875
425.7294312 66494.1953125
492.2303772 51729.21484375
493.263031 423084.84375
494.265625 69491.375
528.9278564 46945.859375
532.2721558 82792.1875
573.3344727 58165.19921875
592.3317261 204338.09375
593.3307495 66747.4609375
624.3105469 51065.078125
633.3180542 43881.05078125
636.3427734 60138.08984375
655.2911377 51625.4453125
739.4002686 301182.5625
740.3965454 87072.1796875
748.3480225 80915.8125
752.3411865 81343.0390625
765.3903198 45894.640625
850.4299316 157037.875
867.4456177 57317.35546875
868.4449463 84218.5234375
880.4159546 71010.078125
