1503.72888740272 3
108.9496078 4051.5185546875
110.0716248 78652.015625
129.0660706 6370.3657226563
129.1025696 35184.390625
130.0865021 7555.021484375
147.1129608 20239.869140625
165.0764313 5903.3725585938
175.1194153 15028.4501953125
185.1057587 3319.5886230469
185.128067 4547.8334960938
200.1034393 5559.099609375
204.431427 3575.3830566406
210.0797119 15649.529296875
223.1554871 4433.2885742188
225.0988007 31855.443359375
236.0662079 13793.1796875
240.0970917 4218.7724609375
253.0932312 45267.01171875
257.1602478 4683.7377929688
258.1456604 5790.5766601563
272.135437 5136.9609375
275.1713562 4511.8037109375
281.3657227 4105.3803710938
286.1880493 5118.0063476563
288.2032776 19005.75
318.5392151 3458.7873535156
324.1296082 7864.0532226563
366.1678772 3992.029296875
386.200592 4225.5043945313
388.15802 5565.8466796875
409.6791687 8720.8388671875
423.6765747 8781.185546875
424.1805115 12725.0537109375
480.2187195 8799.4091796875
501.316803 53265.85546875
501.9143677 4195.4711914063
502.2501831 4256.4223632813
502.3201599 6879.142578125
515.7406006 13421.6953125
545.3014526 14816.8076171875
581.2310181 3954.5068359375
658.3878784 4663.9619140625
709.288147 4510.9311523438
778.3847656 6223.5532226563
779.3585205 4530.6474609375
947.5007324 4102.0522460938
1209.15686 4410.126953125
1410.015625 4123.6889648438
