1673.89707855218 2
120.081192 96040.5234375
129.102417 9344.09765625
136.0749969 6883.291015625
157.214798 7873.6420898438
158.0916443 13603.2138671875
165.7664032 6956.4755859375
175.1188812 53705.19140625
180.808075 7599.8305664063
185.1667786 8682.599609375
201.1220856 10652.8125
215.113739 16041.4775390625
216.0973816 10258.0205078125
219.1498566 77406.34375
220.1530609 14258.1767578125
228.1343231 44457.30859375
230.114151 14382.787109375
232.1410217 106992.53125
240.0988922 40225.90625
241.0812836 14746.5703125
247.1446533 48369.8671875
258.1089172 113198.0
331.2100525 46163.171875
339.1669312 15903.3095703125
340.1528931 20992.44921875
341.3282776 11199.689453125
346.215332 14377.6943359375
357.1778564 81070.5390625
358.1773987 12789.57421875
375.2040405 61638.73046875
376.1945496 11596.248046875
402.2467041 76684.0078125
403.2512207 11965.6357421875
411.2289734 14502.3037109375
456.2413635 15657.0888671875
459.2287598 12798.1162109375
487.2199097 12518.7001953125
501.3137512 37310.2734375
504.2451477 74952.625
600.3590088 12842.9375
603.3168945 21265.060546875
604.3249512 11331.3271484375
629.3759155 13452.6552734375
642.3238525 12039.5107421875
757.4396973 56090.50390625
836.4402466 111567.046875
837.4379883 75351.8828125
838.4376831 12491.658203125
844.4644775 127705.375
845.4700317 43895.42578125
955.5032959 61147.5078125
956.505127 21298.05078125
972.5195313 174092.6875
973.5252686 83243.1328125
1013.317688 11403.314453125
1071.594727 245456.96875
1072.598877 100184.875
1170.650757 83215.0703125
1171.672729 55630.0546875
1299.695923 81507.9453125
1300.698242 50522.66796875
1410.761719 16337.765625
1478.345581 15450.197265625
