1711.85598210155 3
120.0738144 4869.1635742188
120.0811996 82183.3671875
126.054512 4560.4931640625
129.0660553 5767.103515625
129.1018829 41559.31640625
130.0861511 5465.0903320313
133.0427551 31218.84375
136.075531 18447.375
147.0584412 31309.830078125
147.1122742 10941.7021484375
148.062439 5888.7338867188
154.0489502 6982.8540039063
155.117218 4947.8969726563
157.0970459 13913.03125
159.0914001 6524.6142578125
167.0814362 11846.4482421875
169.1332703 6827.7524414063
173.1291046 7038.6767578125
175.054245 70631.8984375
175.0662537 7620.0854492188
175.1191559 53580.27734375
185.0918579 12194.9501953125
186.123764 11730.4521484375
189.0866089 30460.150390625
191.0816803 6256.794921875
199.1807098 11734.7021484375
201.1239471 7602.7490234375
204.1346588 9947.287109375
206.5144806 7892.5947265625
213.1597595 7835.1401367188
215.1376801 9389.140625
217.0822296 110862.2421875
217.1341858 35562.171875
230.1124268 8102.6025390625
233.1650696 12502.75
236.1043091 10535.712890625
242.1499939 8130.8208007813
243.1331024 9121.4384765625
245.1282349 35976.4765625
249.1594238 11185.2509765625
271.1795959 11184.4736328125
272.1243896 8443.560546875
278.1557922 8351.18359375
286.144043 7249.8310546875
288.2028809 11081.908203125
303.1125488 44584.98046875
311.2840576 7358.7006835938
322.1217651 18053.990234375
327.1120605 11720.48046875
329.148407 8586.1611328125
337.8250732 8130.0532226563
339.2371216 8296.26171875
345.1201782 8437.1728515625
348.1237488 45099.6953125
358.2129822 11106.1015625
390.1999207 14427.6806640625
392.2013245 8476.2216796875
401.2883301 13146.7900390625
447.1911316 15086.48828125
458.3071594 14952.998046875
461.781311 8600.8896484375
505.2285461 11209.876953125
517.3077393 7782.3579101563
521.2791748 8824.7822265625
538.3108521 10672.7421875
564.3500366 65442.6796875
565.3537598 9404.068359375
571.3144531 10283.966796875
572.3526611 39455.734375
592.2626953 32269.45703125
593.2583618 9751.806640625
657.4055176 41080.47265625
658.4092407 11010.8017578125
668.3375854 8644.9931640625
674.4743042 8902.515625
677.4376831 64662.11328125
678.4404297 16004.34375
687.3241577 8030.6787109375
705.3406982 32229.5234375
706.3461304 12142.505859375
715.4509277 14703.548828125
729.3817139 34853.20703125
770.4919434 17472.380859375
818.4413452 13854.41015625
819.4348145 10804.2236328125
824.5026245 39598.26171875
825.5123291 13338.314453125
875.4452515 10226.158203125
898.5440063 17029.6171875
921.5552368 70522.1328125
922.5646362 56567.5625
969.5849609 14101.0400390625
986.5493774 10557.62109375
1081.573486 12093.0068359375
1168.63562 10930.97265625
1202.092896 10051.958984375
1649.594482 9469.8271484375
