1370.66854946287 2
99.65279388 12717.0361328125
101.0715179 72000.25
102.0558548 11991.857421875
110.0715714 107604.5625
112.0870743 15578.171875
113.0706863 11772.4228515625
115.0859451 12542.9150390625
116.0707779 15135.5576171875
119.0498199 24505.62109375
119.0818253 131818.890625
120.0812531 130580.8046875
126.8789444 12228.1591796875
127.5016022 12605.85546875
129.102417 189642.390625
130.0866089 30801.173828125
132.7938385 13457.150390625
136.0758514 753143.1875
137.0794678 28396.255859375
141.0659485 22491.107421875
141.1030121 17158.525390625
143.1178131 15886.6669921875
145.0974579 17365.876953125
147.1131287 56091.46875
157.1335297 233173.46875
158.0927277 63365.99609375
159.0766296 26227.25390625
169.0974426 24920.4765625
171.1128235 19082.111328125
172.0722809 49015.3046875
173.0560608 16627.728515625
173.092514 51730.37890625
175.1190033 233301.828125
177.1018066 17577.84765625
178.053299 99007.078125
183.1135254 13974.025390625
183.1504517 13828.4365234375
185.1287384 85399.390625
186.1245422 15482.791015625
195.0767212 57518.94140625
197.1290283 15767.646484375
198.0869598 19548.740234375
204.135849 22138.275390625
212.1037292 28595.857421875
215.1395874 24206.087890625
216.1013184 14002.3955078125
217.0813446 21655.00390625
230.1139374 115133.8671875
232.1412354 14641.1982421875
240.1350098 19103.59765625
242.1506348 20123.693359375
243.108902 18124.859375
244.1657867 19195.923828125
249.1004028 13287.203125
249.1598053 612643.375
250.162674 106027.953125
258.1456604 20338.583984375
261.1567688 16693.103515625
263.1018066 14963.3505859375
277.1545105 105702.5390625
287.1013184 14246.23828125
288.2028809 56375.578125
339.2023621 17324.353515625
343.2095947 14678.7763671875
355.2336426 13881.6865234375
356.1930847 19686.396484375
362.2029419 86447.828125
378.1999512 49209.671875
399.234375 20077.521484375
416.2612915 50198.4609375
441.2493286 14864.9482421875
453.2680054 16236.8701171875
461.2710266 68674.8203125
461.7064514 14090.7568359375
488.730835 13704.2138671875
560.3361816 62555.12109375
579.3250122 277304.90625
580.3273926 98673.1640625
586.2952881 26552.439453125
668.4978638 14655.3701171875
685.3919067 19830.740234375
686.3026123 60580.890625
686.3954468 64787.4921875
696.2851563 14733.751953125
749.3987427 15820.1875
751.3692627 137619.21875
752.3770142 30876.388671875
786.4429932 22978.625
787.4441528 15424.041015625
791.3778687 15038.4052734375
848.3786621 78822.3515625
849.3914795 20455.71484375
865.4182739 260243.078125
866.420166 146658.125
867.4262085 26922.40234375
901.4970703 22884.146484375
914.515564 16701.908203125
915.5119019 20427.37109375
945.4163208 27799.556640625
954.1586304 15920.94140625
970.713501 18884.26171875
976.4434204 75577.484375
977.4414673 55476.7421875
993.472168 95331.3046875
994.46521 29039.49609375
1007.485107 19808.580078125
1078.503784 16956.291015625
1082.584595 53942.6328125
1083.584839 55909.09765625
1094.523682 300423.15625
1095.524292 178036.890625
1096.51709 62753.48828125
1188.61853 45771.6328125
1238.411133 17250.6640625
