1656.7556571367 2
114.0819931 5867.7788085938
120.0806656 58233.16796875
121.0841217 6244.140625
121.1930237 5168.73828125
125.0706711 10932.4462890625
129.1018524 53791.01171875
130.0861359 15874.904296875
132.0019684 5308.98046875
132.0800476 6532.2055664063
133.0425873 55935.30078125
136.0753174 52199.2109375
136.0847778 8025.1513671875
143.1174774 8917.369140625
144.0115967 12061.5625
144.0362549 6087.1728515625
147.1125031 20164.36328125
153.0648041 8686.443359375
155.0814362 14399.6337890625
159.0770874 12690.833984375
159.0911255 59688.1171875
159.1019287 6999.5258789063
161.0372467 16560.814453125
169.1335144 8028.5463867188
171.0761108 19893.3515625
171.1124878 20827.1328125
175.1187744 48165.55859375
181.0601349 16522.48828125
181.0966034 12787.9912109375
185.1287231 7762.0625
197.1287842 10569.58203125
199.0533752 55462.25
199.0708618 22033.69921875
199.1809235 67893.6328125
201.1229858 11705.357421875
205.0961304 8142.4287109375
212.1035156 13197.232421875
213.0865479 11359.62109375
215.1384583 17102.646484375
216.0971527 15842.2568359375
217.0807648 14922.1884765625
226.0830078 8273.216796875
226.1186981 11672.5712890625
226.4471283 6848.7016601563
227.0484772 14481.9306640625
227.1038971 10821.91796875
227.1753235 19050.435546875
228.1346283 9792.1962890625
229.1169281 8907.5556640625
240.100647 8053.2768554688
240.1350708 12450.744140625
244.0936737 16300.9619140625
247.1445007 8938.880859375
249.1236267 7506.6489257813
256.1444092 51420.58984375
257.1495667 8731.849609375
262.0854492 161840.171875
263.0903931 9152.392578125
270.1474304 10836.326171875
274.1044922 12285.7255859375
284.1392822 138302.890625
290.0802917 104039.40625
292.1651611 13286.9130859375
310.1766968 105603.8359375
311.1791687 17895.462890625
314.1607056 9043.2412109375
332.1990662 12526.0625
341.1826477 10635.1435546875
341.2189941 15067.4736328125
374.1087341 9579.728515625
385.184906 9701.3251953125
391.1289368 57235.67578125
412.2173157 10487.52734375
426.1612549 12084.0810546875
432.2484436 12524.29296875
442.1946106 9293.541015625
447.2044983 47889.96875
448.2081909 10372.1953125
465.2124023 12609.15625
488.1429138 12469.8369140625
496.2556763 33879.828125
524.1934814 9905.1337890625
548.2538452 10729.9755859375
581.3084717 19938.876953125
593.3085938 310440.375
594.3102417 138309.890625
595.3109131 36096.15234375
596.3360596 12199.1181640625
656.324646 10225.5986328125
666.3447876 21196.6328125
673.3193359 11434.98046875
676.3447266 15957.8740234375
677.352478 12162.2265625
694.3604126 62233.9765625
695.3547974 17545.900390625
767.3746948 10573.638671875
779.4267578 17080.228515625
807.4414063 21801.453125
829.5343628 135639.59375
830.534729 39538.11328125
921.5071411 17106.333984375
980.4745483 12080.46484375
993.5348511 41938.8828125
1065.280396 11990.24609375
1151.604126 19776.763671875
1190.64856 91121.1328125
1339.602417 16482.296875
1367.68042 47167.03515625
