1468.73584837413 3
110.0718155 12652.943359375
129.1025391 82673.5546875
130.0865631 12006.1513671875
142.8429108 9584.1689453125
147.1128387 16809.640625
169.1342621 8288.2431640625
175.1192932 30783.521484375
200.1396027 11067.755859375
213.0886383 8710.4345703125
229.1282349 7616.0209960938
249.7845459 7545.51953125
274.4323425 7519.4638671875
279.6667175 10962.681640625
280.1700439 8767.6513671875
297.1585999 8338.236328125
310.7573547 7797.5673828125
315.2033997 13425.193359375
346.2446899 15748.38671875
367.2431641 9614.13671875
489.323761 50411.2734375
490.2781982 106990.171875
491.2797852 37639.08203125
496.2875671 36917.58203125
558.3236694 36451.3828125
611.3122559 12694.7978515625
669.3552246 10487.890625
691.3564453 11516.1689453125
783.3696899 53444.6796875
