1623.95063992525 3
116.0703354 4159.962890625
119.0490417 5777.5810546875
119.5136719 4250.787109375
120.0812759 91849.3671875
125.0707626 5010.7016601563
127.0859375 6663.0419921875
129.0173187 4024.0261230469
129.101944 44976.23828125
130.0653076 7540.1811523438
130.0858612 8940.2119140625
136.0751648 32412.388671875
141.1019592 5338.58203125
142.1223297 6341.7368164063
144.9571533 4104.0029296875
147.1125641 14577.390625
155.0808868 37309.5703125
157.0973511 8763.0244140625
158.0558624 14937.56640625
159.0773621 7266.7553710938
159.0914612 26000.251953125
165.0545959 9769.80859375
166.0856934 7428.9389648438
167.0811157 13144.6708984375
172.1152344 39212.71875
175.118515 12600.0693359375
182.0808563 11728.28125
184.108551 14879.9482421875
186.1241913 7996.5
187.144165 6608.0791015625
194.5546265 5776.4384765625
199.109024 5769.53515625
199.1804047 31551.404296875
200.1395721 12224.2685546875
204.1342773 56174.1875
212.1029968 235886.4375
213.1062775 13482.7255859375
215.1391296 8906.7890625
217.1372833 138299.90625
218.1408844 11622.068359375
226.1173553 7663.7524414063
226.1545105 15363.9970703125
227.176239 11544.39453125
228.1349792 9766.0322265625
229.1287994 7667.4790039063
231.1147308 8150.7783203125
235.1065216 7658.876953125
245.1317596 90399.6953125
254.1495056 48356.44140625
256.1655884 11744.119140625
261.1589661 6419.5771484375
271.1396179 9217.4833984375
280.165741 12242.232421875
283.1304016 10664.9052734375
283.1766968 9858.3720703125
285.1955872 7120.5341796875
288.2032166 13237.716796875
297.1921997 31262.52734375
303.2029114 40860.1171875
311.1737366 25100.328125
313.1499023 7757.4453125
325.1868591 172448.328125
326.1896057 35061.19921875
329.1846008 13038.021484375
355.4363708 6940.3510742188
358.2157593 42699.51953125
360.2250671 30179.36328125
410.2774353 27342.111328125
412.2178955 10625.0634765625
438.2718811 43183.55078125
439.2670898 56048.12890625
440.271698 10983.6796875
456.228363 12994.6865234375
457.2774963 232698.328125
458.2814331 42878.74609375
490.1832886 11564.29296875
495.262085 12914.1298828125
541.3361816 12332.185546875
551.3551025 16814.267578125
552.28479 31244.5234375
553.291626 10847.892578125
558.3289185 11887.9453125
569.3117065 70034.1875
570.3134766 12793.296875
597.3399658 16531.533203125
598.3394165 11894.330078125
608.3450928 15361.0126953125
615.3480225 61523.51953125
616.3490601 26735.1953125
654.4080811 12926.8828125
655.4141235 7673.1850585938
665.3640747 23510.65234375
682.3925171 83495.6171875
683.4029541 15378.759765625
698.3842163 32233.123046875
701.4334106 9011.228515625
712.4134521 11961.3271484375
716.3916626 94208.0078125
717.3930054 30048.537109375
795.4805298 10979.82421875
811.4663696 33898.515625
812.4731445 15235.3779296875
829.4853516 58713.99609375
830.4794922 9594.4287109375
924.5636597 9632.9287109375
