975.586766168714 2
70.06594849 259604.28125
72.07796478 29814.337890625
72.08165741 540239.4375
74.06108856 26179.45703125
84.04516602 99075.578125
84.08145905 193892.734375
86.09714508 1911093.75
87.0561676 21409.76171875
87.10038757 90628.703125
88.03955078 27412.03125
93.81685638 21308.615234375
101.0715332 45104.8359375
102.0555267 47260.046875
103.054863 34331.3203125
104.0533524 34538.94921875
110.0715485 50449.64453125
115.0872803 25136.587890625
117.5045624 23395.521484375
120.0811386 1217452.0
120.2429047 27748.037109375
121.0844269 102538.3046875
127.0869598 137572.984375
129.1024017 273672.25
130.0867004 95318.3671875
136.0757141 126802.34375
139.5084381 23115.638671875
141.102066 28306.869140625
143.1179962 132098.140625
147.112854 239254.71875
155.1171417 26251.841796875
157.1338196 242474.96875
157.5973816 27244.0859375
159.0920563 36261.7734375
165.8600922 23231.404296875
171.113739 42970.4453125
175.0900421 27594.19140625
175.1191254 135279.375
183.1135406 45028.203125
185.1288147 94140.6875
185.1646118 162747.71875
197.1292419 32676.919921875
199.1807251 157828.953125
200.1407166 27733.974609375
201.1237488 183659.0
201.1416168 23761.244140625
204.1348114 26424.61328125
213.1594696 148254.1875
214.1626434 26292.115234375
215.1392212 38478.171875
226.1176147 26137.447265625
228.1344299 54870.23046875
229.1191559 94535.4453125
233.1652374 631410.5625
234.1681976 101428.421875
240.1356049 42321.80859375
244.0934753 45291.87109375
244.1652222 29552.103515625
258.144989 95820.5390625
261.158905 134939.953125
272.1759338 26146.79296875
276.1581116 23947.345703125
306.1862488 22957.484375
357.1774597 25891.955078125
373.1720886 110112.671875
374.2457581 29617.90625
390.196991 175015.078125
458.2375793 26209.900390625
468.1494141 25849.064453125
486.2488098 27446.8046875
503.2807312 163084.390625
546.3016968 29292.841796875
579.3277588 31052.359375
602.3498535 96387.4375
615.5325928 23969.779296875
715.4338989 154192.34375
716.4334106 93608.734375
748.3901367 42941.4140625
