1844.91250194839 3
129.0653992 76604.78125
129.1020508 50250.625
136.0756378 100532.59375
136.4054565 42388.09375
147.1123352 70416.96875
159.0918884 74203.578125
169.1330414 71868.7109375
171.1488647 129038.15625
175.1190338 257882.546875
196.1440735 420749.0
197.1287842 354809.8125
199.1447449 62018.703125
206.2170715 47934.48828125
214.1558228 134486.984375
217.9115448 57058.97265625
232.103363 51802.27734375
261.6364441 54293.51171875
264.0454102 57590.55859375
328.1616516 62024.24609375
360.1990967 86215.6796875
373.4850159 66364.8125
461.2434692 122097.6796875
572.3539429 88204.484375
573.3609619 82848.390625
574.3354492 104009.2109375
609.635498 142676.203125
609.9817505 104599.5
615.3624878 1005204.5625
616.3636475 382411.9375
688.3734131 131988.9375
692.8549805 95843.0
701.3623047 328783.53125
701.8637695 297482.53125
802.3908081 257436.453125
802.8929443 265915.09375
1033.46106 102641.9609375
1042.532471 90123.0234375
1197.410034 83517.015625
1371.551147 102276.1015625
1702.874146 105063.6640625
