1529.76151174341 2
110.0718536 29149.0234375
120.0814667 79845.0546875
129.1021576 131260.765625
130.0864258 81470.65625
133.0432434 184468.40625
135.0389862 21158.712890625
136.0758667 27005.7734375
147.1129761 90785.6640625
155.1181335 115661.34375
157.1332855 33569.4375
161.0381927 80150.375
173.2527771 19639.544921875
175.1193695 27289.361328125
178.156311 19401.861328125
183.1129913 125105.2421875
185.1286469 79304.890625
199.1803589 89199.5703125
201.0877228 18864.376953125
201.1059265 38842.8359375
201.1231995 18813.953125
211.1449738 20960.330078125
216.0982819 68313.8515625
227.1034393 21833.326171875
227.1752167 43376.890625
229.1005707 94837.796875
229.5981293 16960.9296875
246.1273193 1338275.875
247.1300507 113076.7109375
254.1513977 22568.302734375
271.1395264 66370.8203125
272.141449 18748.25390625
274.0938416 37599.16015625
274.1223145 775568.625
275.1240234 79043.015625
283.1404114 19765.41015625
303.1132813 27969.216796875
325.1858826 29938.69140625
341.1454163 65824.3203125
345.1614075 39712.26171875
359.2115784 25754.537109375
370.1777649 25223.6796875
374.2391968 170845.328125
384.2227783 73809.1875
385.2287903 23257.267578125
387.2055969 499449.9375
388.20755 73865.125
413.2209473 25570.71875
442.2764587 70348.0234375
445.2772522 161232.359375
446.2767334 23792.416015625
458.2428589 42949.640625
470.1884766 74789.46875
541.2240601 36707.76171875
574.3185425 98101.4140625
638.2370605 21560.701171875
688.3587646 92957.3671875
689.3604736 27591.892578125
751.3195801 22019.841796875
764.4085083 76783.953125
765.4095459 79003.7890625
766.3141479 271646.4375
817.406189 32831.8125
897.4240723 38506.23828125
914.2852783 20418.9453125
914.4597168 417462.125
915.4614868 219289.625
916.4603882 27684.0390625
961.6176758 25991.6796875
1001.496155 292203.75
1002.497498 128246.3671875
1054.503662 34710.765625
1072.337769 19666.888671875
1072.529053 237758.734375
1073.523193 85731.5703125
1143.563843 234662.6875
1144.558716 149899.984375
1145.551758 31010.85546875
1168.500977 22158.982421875
1256.649902 165482.078125
1257.643677 36400.97265625
1258.619141 25305.697265625
