2654.16103372734 3
183.14888 8456.02734375
185.0920563 21432.974609375
185.164566 56824.8984375
186.0881348 16969.705078125
187.1060944 6448.5981445313
195.0765991 8687.65625
197.1290131 7912.283203125
199.071228 11830.6982421875
199.1076813 49014.65234375
200.1396027 15809.44140625
201.1234894 81298.8359375
202.1267395 9327.271484375
204.080658 13559.4736328125
211.1441498 12789.189453125
212.1029816 58081.70703125
213.0873718 186492.78125
213.1597137 43238.7890625
215.0487366 18709.390625
215.1025696 8673.9052734375
215.1395111 9568.341796875
216.132019 7608.2373046875
218.0599823 8924.9052734375
218.1506805 68883.125
221.1277771 8206.2333984375
227.1737213 8671.787109375
229.1195831 14845.1767578125
230.0586548 8925.1083984375
231.0968628 14239.0712890625
232.0754395 91901.453125
233.0930481 10801.7451171875
240.1342621 20089.365234375
244.3325195 8356.8525390625
246.1279602 9029.6640625
247.1071472 16516.126953125
256.1289368 9661.91015625
258.1480713 7419.71875
262.0864258 17604.982421875
265.1200867 10303.2265625
266.1142883 10236.9912109375
266.1496887 9094.11328125
267.2087402 9933.359375
283.1398926 9719.1083984375
284.1611328 17704.515625
289.1323242 17764.248046875
290.0818176 68821.03125
290.1117554 13941.7109375
290.1454773 33679.74609375
293.1147461 11229.0791015625
294.1830444 14955.0634765625
295.1424866 11679.25390625
297.1551819 13799.4658203125
303.1121216 36895.203125
310.1385803 87994.46875
312.1554565 122536.8984375
313.1574707 16035.2646484375
317.1271362 87078.0390625
317.217865 60232.1015625
318.1324463 11748.6220703125
324.1019287 44553.1875
328.1173096 11114.869140625
328.151062 73265.8203125
329.1544189 9549.8134765625
332.676239 8577.005859375
339.2028198 11345.1796875
343.1575928 18545.4609375
344.1279602 18942.04296875
346.1184387 35700.3203125
355.1990356 16346.3291015625
361.1524048 11162.412109375
362.133728 11860.296875
372.1340332 10540.7353515625
376.2237549 13627.62109375
381.124115 17050.6015625
383.1934814 51148.4453125
385.1893616 10579.0537109375
386.1494141 14325.216796875
393.2460632 8441.01171875
402.2492981 10044.07421875
414.1986389 16084.8359375
415.200531 18362.345703125
426.1573181 10040.765625
452.1975403 21362.947265625
453.144043 94283.6875
454.1498413 17713.779296875
477.1586914 13558.7451171875
480.1933594 15032.8994140625
484.2437439 10720.5126953125
491.2211914 21242.646484375
499.2378845 15801.0673828125
508.2483215 12242.017578125
511.288208 16519.59765625
518.2554932 10533.7451171875
529.2987671 393564.75
530.3012085 102801.5
531.2948608 44934.00390625
534.2369995 9730.8720703125
536.2559814 14012.1669921875
548.2498779 17338.3828125
565.2799072 14923.3916015625
566.2832642 10795.677734375
568.2200317 13250.80859375
569.2167969 10344.8095703125
593.2798462 41350.99609375
594.281189 11758.490234375
616.2110596 9414.765625
633.236084 10920.8779296875
644.3705444 16249.9208984375
660.3373413 108578.1171875
661.3434448 44179.41015625
662.3240967 12116.751953125
664.3532104 16360.2509765625
665.3508301 10839.490234375
676.8990479 12552.5615234375
692.3452759 49864.29296875
693.3480835 15971.8759765625
728.3942261 20475.810546875
757.4631958 34552.25
780.2905884 35464.65234375
823.4021606 114971.484375
824.4055786 31610.876953125
825.4017334 14298.3671875
826.4000244 12350.8447265625
830.3895874 10645.466796875
870.5437012 53291.58203125
921.3912354 15070.484375
934.4429932 11237.326171875
937.4140015 11502.0966796875
939.4135742 36072.44140625
940.4257813 15110.6767578125
943.3535156 35861.62890625
952.4421997 83052.1953125
953.4516602 32039.408203125
969.6143188 16718.896484375
972.5197754 92028.828125
973.5168457 103431.9765625
974.5262451 53581.62109375
1034.49231 12963.560546875
1035.487183 10878.26171875
1052.493042 21037.638671875
1056.652954 17035.33984375
1112.479614 73968.8203125
1113.465576 16362.115234375
1113.669312 136528.46875
1114.23645 12642.2900390625
1114.45813 21316.689453125
1114.678589 67687.9921875
1115.676514 35289.82421875
1184.700073 90941.796875
1185.696167 55077.21875
1186.703491 16000.3251953125
1216.638062 13389.6494140625
1255.745239 17688.943359375
1256.71936 16156.9951171875
1275.540161 57613.6171875
1276.540283 18661.6796875
1352.794312 167186.21875
1353.790405 114193.3984375
1354.810791 78967.1171875
1355.822754 13964.923828125
1466.834717 15357.5654296875
1467.835083 14325.1767578125
1468.834351 12273.7607421875
1537.877563 13498.65234375
1538.852051 17933.11328125
1540.794678 16504.984375
1542.841187 19343.421875
1602.681641 18387.259765625
1603.696167 17487.466796875
1818.258057 13187.7724609375
