1409.74299720952 2
101.0716553 118293.1796875
102.0548096 42063.5625
104.0533981 57734.3046875
110.0715866 46294.23828125
120.0810699 570270.375
121.084877 44974.55078125
129.1024933 385937.15625
130.0864563 66733.171875
131.1178741 52347.0625
133.5810089 30071.302734375
136.0759277 72285.375
147.1129456 237453.796875
153.1013031 31863.08984375
157.1337433 28933.734375
159.0767517 138445.515625
159.0919342 169849.203125
166.0865326 169925.265625
171.1130524 165488.734375
172.0724182 38456.1875
173.1286469 59819.78125
181.0975342 180454.453125
187.0715332 154829.5
187.1446075 56326.21875
192.0570068 35788.0390625
197.1281128 37878.16015625
199.1077118 171179.515625
199.1809235 208391.296875
201.1225433 77454.8359375
204.1335297 47524.0703125
213.0865936 198312.9375
215.1391907 55205.80078125
226.0813446 45560.74609375
226.1201019 53842.8203125
226.1547394 54800.48046875
229.0958862 39155.21484375
242.149826 142558.765625
243.1115265 33241.9609375
243.1334991 67627.4296875
244.1659698 536395.625
245.1699829 47895.85546875
254.1504517 34657.78125
261.091217 33525.7421875
279.1351624 37410.53125
283.1763 56088.50390625
294.1811523 65057.9609375
299.1712952 282296.40625
300.1541748 63108.92578125
312.1938782 54744.40625
317.1826782 36900.26953125
317.2180786 60508.87890625
318.1780701 65074.60546875
326.1707153 319881.8125
345.6600952 32094.62109375
357.2500305 64508.46875
424.2159729 45771.0703125
431.2619934 53771.96484375
439.2552795 152598.953125
441.2361755 50430.82421875
502.3011169 69892.3984375
512.2648926 46896.08203125
573.3345947 133880.59375
592.3372192 38289.46484375
592.8349609 40830.98046875
611.3320923 43667.16015625
648.2520142 33869.43359375
672.3964844 48601.4765625
682.4136353 275842.75
683.4136353 150949.5625
743.4414673 120583.5703125
868.4907837 65658.9453125
872.4732056 130171.84375
874.482666 45486.0390625
982.5274048 56032.65234375
985.5626831 55052.7109375
986.5700684 46269.09375
1087.599731 45482.82421875
