1861.77266290193 3
129.1024017 1414.0935058594
132.5572205 390.974029541
134.0709686 412.8836669922
158.0922394 464.9170532227
159.0765686 658.7455444336
175.1192627 2274.7170410156
181.0607452 607.5981445313
216.0424957 1027.5070800781
216.0979919 1182.2509765625
226.1546021 735.856262207
272.1724854 701.0164794922
276.1673889 2466.4382324219
317.091156 964.5286254883
359.2052307 2570.4509277344
361.598114 596.4838256836
408.1903381 806.5751342773
473.2494202 994.8629760742
496.5910339 569.5667114258
522.7919312 968.792175293
523.2884521 1060.6750488281
523.7889404 727.4586791992
544.2866821 2415.4240722656
556.3269043 2675.3879394531
557.3218994 1395.671875
558.3243408 899.8620605469
587.2859497 838.8367919922
620.3294678 4801.2153320313
621.2295532 4331.0366210938
621.3269653 3292.8876953125
621.8098145 783.602722168
622.3222046 3151.3188476563
672.3466187 1149.2391357422
786.3823242 2574.9711914063
