3004.46514800233 3
213.08638 7416.0517578125
215.1381531 3469.5930175781
216.0980072 4210.1166992188
226.1187592 4583.3784179688
229.1178894 6405.060546875
234.0984497 3819.0290527344
244.0928497 3750.8833007813
253.1256409 3534.5671386719
254.1504974 5760.2084960938
272.1234131 4048.7236328125
288.2033081 7738.1538085938
296.1362 6324.30078125
297.192627 3573.2836914063
298.1384888 4998.7211914063
300.1196289 7415.2895507813
312.1561584 25704.251953125
313.114624 18417.208984375
316.1508789 37454.1015625
317.1516724 8849.0615234375
339.1638794 4351.0849609375
369.1784668 20249.103515625
383.1932678 9031.8369140625
385.2087708 5580.9541015625
410.1648865 5072.7475585938
428.1798096 5681.3110351563
523.2558594 5333.87890625
564.2768555 5564.6596679688
569.2716675 9956.0498046875
579.2987061 4848.7495117188
591.2384644 6601.646484375
598.3312988 10361.0634765625
599.331543 5671.5307617188
608.2731323 6540.0151367188
619.3196411 6640.4443359375
626.2787476 7283.9189453125
635.3006592 4812.0424804688
652.303833 7095.7880859375
693.8512573 8153.4462890625
699.378479 28679.068359375
737.3765259 8543.2841796875
770.4171753 39805.8046875
771.420166 20363.009765625
772.4190674 9565.369140625
781.3956909 8471.9775390625
812.3638916 7562.927734375
883.4998169 27616.705078125
884.5056763 9057.21484375
888.4659424 6418.1826171875
894.4486694 7121.6313476563
1001.524109 9461.6279296875
1002.524902 19518.546875
1003.529846 8292.0205078125
1046.564697 18471.80078125
1047.568481 10414.984375
1116.608521 7580.9897460938
1117.596069 7185.005859375
1258.581421 7751.0727539063
1261.630005 7827.9174804688
1377.674194 7526.3979492188
1413.759644 8498.9775390625
1473.731445 51348.484375
1474.726196 45218.88671875
1475.703369 15052.85546875
1542.767578 8514.08203125
1560.782349 39744.984375
1561.750977 24125.171875
1562.743164 8715.84375
1707.833862 22285.2734375
1708.833008 25787.119140625
1778.861206 9646.9111328125
1779.853516 6642.0922851563
1780.873901 7854.341796875
