4055.0292777066 3
288.1098938 3122.0659179688
294.1818848 22582.40625
298.1037598 3235.6235351563
299.1715393 5568.7749023438
301.1323853 7694.5556640625
310.1755676 6267.595703125
312.192749 16744.7421875
316.1170654 4594.34765625
325.1856079 3239.6945800781
340.1872253 8192.4560546875
353.1825562 8346.5244140625
365.1831665 5289.74609375
371.1937866 5566.6591796875
383.193512 6071.19140625
410.2038269 6775.8208007813
411.1898499 5871.4438476563
413.2382202 11978.2197265625
425.2823792 4117.5498046875
429.1947021 5266.2109375
436.2192688 7868.9809570313
441.2354736 44589.5859375
442.2410889 14404.58203125
447.2346497 30577.240234375
454.2324219 13108.52734375
519.2571411 3667.8479003906
523.2814331 4117.4560546875
540.2349854 4698.904296875
542.2876587 5576.4467773438
552.2700195 12624.5712890625
554.3209229 6671.0610351563
555.2786865 17593.45703125
558.274353 3696.0021972656
568.2723389 13036.599609375
570.276001 26515.25
571.2843018 11886.69921875
575.2984619 16903.501953125
586.2868042 7057.7641601563
589.2991333 3452.7487792969
591.2807007 5055.69140625
609.2875977 6956.0209960938
613.2799072 6893.5522460938
624.3023682 5134.2875976563
627.300415 17941.86328125
659.333252 6310.6684570313
664.3392944 4713.8637695313
665.3494263 5159.7216796875
668.3634644 4096.3286132813
681.3608398 6095.5185546875
683.3604126 5319.3095703125
684.3623047 5165.5717773438
699.3648071 7056.427734375
712.3855591 28835.171875
713.3705444 6415.4658203125
722.3657837 6359.0014648438
723.3774414 3853.1325683594
734.3460083 5949.5073242188
738.3623047 16871.376953125
739.3596191 5724.6665039063
740.380188 26043.666015625
741.3864746 12837.611328125
742.3878784 3971.1237792969
752.3549805 13739.0439453125
753.3540039 4839.5595703125
757.4042969 15675.6240234375
770.3689575 22431.8125
772.4163208 5233.0703125
774.1221924 4739.3989257813
813.3887939 4485.044921875
848.4145508 5604.4169921875
850.4202881 6000.4887695313
851.4383545 4626.3447265625
852.4060059 19553.5390625
853.4899292 23949.216796875
855.4596558 7284.9169921875
865.4501953 18445.765625
866.4420166 16812.484375
868.4372559 57932.03515625
869.461731 23234.26953125
870.460144 13267.4853515625
883.4557495 42964.86328125
884.4605713 16749.853515625
953.532959 7453.5166015625
963.5223389 14976.7119140625
964.5050049 7561.5356445313
965.4935303 21464.654296875
966.5241699 19148.126953125
981.5292358 55948.40625
982.5320435 24687.91015625
983.4666138 17097.375
983.9580688 12560.6376953125
984.4616089 6065.9897460938
996.5187378 11801.3671875
1040.487061 4881.2690429688
1094.608276 17071.646484375
1095.619629 7946.1577148438
1108.475708 4739.4409179688
1125.522217 30680.9609375
1126.520264 16984.6640625
1127.517334 5795.8071289063
1207.69812 5702.9370117188
1237.54895 6022.8828125
1238.578613 4956.0590820313
1254.557251 44818.265625
1255.568604 27324.513671875
1256.533813 4911.9443359375
1309.661621 6829.3540039063
1333.143799 14161.4521484375
1333.622192 12522.5166015625
1334.646851 4930.3959960938
1351.64624 7458.404296875
1352.67041 17965.693359375
1353.628174 28280.42578125
1353.871216 17571.326171875
1354.630859 6392.7856445313
1416.155518 5583.5185546875
1416.675537 5384.8598632813
1424.67627 52071.30078125
1425.166382 24315.302734375
1425.661011 52608.390625
1426.17041 21995.244140625
1426.692993 16242.6513671875
1472.684937 5602.4614257813
1481.700684 7656.080078125
1482.726196 5928.4931640625
1489.606812 4861.3374023438
1522.711792 5545.1787109375
1539.682861 15811.7822265625
1626.718262 27935.216796875
1627.715698 25987.58203125
1628.737671 15013.587890625
1755.771729 7600.083984375
1756.769897 12817.2236328125
1820.810791 5780.3051757813
1947.898193 6291.744140625
1948.899658 20497.4921875
1949.880859 7806.7919921875
1950.842285 5145.6352539063
1965.922485 108188.203125
1966.907593 121203.859375
1967.880615 73374.296875
1968.858398 29726.73046875
1969.878174 7916.1381835938
2078.974365 12469.205078125
2079.998779 14100.9873046875
2295.098145 6859.87890625
2296.073486 14822.7265625
2849.28125 5751.7280273438
