1135.61122095336 2
82.74243927 650809.5
83.06168365 782705.875
84.04527283 2776575.25
84.08156586 1335415.625
86.09708405 863408.5625
91.05515289 878088.0
97.25346375 697580.8125
102.055542 747515.75
120.0813522 3547814.75
126.0554962 849008.5625
129.1024475 1507231.875
130.0868683 842902.125
136.0758972 14633699.0
145.0981445 987401.875
147.1132202 2356023.5
159.1130829 741840.9375
175.1193848 3988507.75
186.0919189 1058110.375
223.1087952 930175.6875
230.1287842 7214938.5
231.1130066 4621498.0
235.1436157 1338867.875
248.1391449 3325650.75
258.124115 3986005.25
263.1385498 819809.5
276.1326904 1093730.25
310.177002 3486419.75
350.17099 1112458.75
373.2562256 3880114.0
409.2462158 921623.5625
431.1590576 795189.1875
473.4907227 695023.375
497.1385193 674791.75
559.8040161 785517.3125
572.3080444 1657828.375
589.3295288 2973745.25
590.3283081 910502.6875
660.3668213 2665848.75
717.3765869 1108755.25
758.4005127 1107435.625
761.413147 7829626.0
762.4200439 2941420.5
817.8286133 873671.75
860.4859009 5213958.5
861.4799194 1292921.5
876.3230591 717992.0625
907.0598145 692945.0
