1501.78577138733 2
110.0721664 96468.046875
112.0876846 87736.9140625
120.0811081 141792.6875
129.1030426 88379.8984375
130.0656891 80307.6484375
136.0756989 743919.375
159.0916595 376287.5
169.098053 146793.625
175.1192322 515022.40625
185.164032 138807.96875
187.1079407 538554.6875
188.2875671 83596.6171875
201.1239471 666842.5
228.1339417 90669.59375
229.1187744 746032.8125
230.119873 89306.015625
240.1346893 402841.8125
245.0755005 303577.875
258.1465149 184741.90625
265.1183167 179539.28125
276.1671753 108618.3203125
293.1127319 380080.15625
301.1871948 424972.96875
326.1357727 96016.296875
344.1454163 2014444.875
345.1473083 334474.40625
355.1626587 107816.0390625
387.1899109 147317.203125
404.2268066 102519.6484375
413.1648254 98697.109375
415.2193298 97686.953125
426.2596436 84447.171875
444.2206421 84206.5703125
461.2486572 697943.8125
462.2461548 125055.1171875
484.203949 144487.515625
560.310791 553242.3125
561.3197021 109383.8984375
673.4028931 683772.125
674.4016724 128191.28125
721.2506104 99895.234375
723.3759155 380227.375
802.4421387 1321391.125
803.4370117 560548.3125
860.4563599 156456.890625
881.4577026 125486.265625
885.0541992 92346.7734375
901.5106812 963357.1875
902.5018311 461191.65625
931.4905396 172762.03125
968.4710693 110518.5703125
972.5418701 780238.875
973.3497314 146080.625
973.5458374 129561.59375
975.4769897 154105.984375
1059.378052 137535.484375
1059.579834 1957451.0
1060.579956 1031157.4375
1061.576538 172145.234375
1158.634155 166762.296875
1273.642578 363994.5
1274.665771 205151.109375
