1412.80796302099 2
101.0716705 84206.359375
101.1079559 21020.80078125
102.0556412 21143.517578125
110.0717773 22619.6171875
117.1026611 19757.896484375
120.0811844 49721.83984375
129.0659332 11816.53515625
129.1025848 462393.375
130.0866547 76484.1640625
130.1060486 21437.888671875
136.076004 212144.515625
137.0795135 14941.8994140625
141.1023865 21107.6484375
142.596405 12014.2109375
143.1185913 15324.3056640625
145.0608368 13832.71875
147.112915 129747.2421875
152.0706329 19745.626953125
155.1172791 12619.0244140625
158.0926208 13314.091796875
171.7170868 10524.494140625
175.1189117 49720.98046875
178.0527649 18720.005859375
181.6782379 12174.037109375
182.1280823 12168.556640625
183.1121674 14056.2138671875
183.1499176 72122.125
184.1529694 12228.265625
195.1133575 14583.923828125
196.1459961 15105.548828125
197.1290741 25023.603515625
200.1035309 19053.275390625
201.1238251 23944.15625
210.1609344 14332.0380859375
211.1438751 17991.466796875
213.1244965 22496.162109375
214.1550598 21831.7578125
225.1240234 42698.09375
228.1341248 38157.78125
228.1711273 38116.09375
229.1187744 22672.0078125
232.1123047 22573.35546875
233.0930328 16495.25390625
241.0818634 12847.9052734375
242.1499939 49949.16796875
243.1530304 12216.794921875
246.1817627 62069.0
258.1074219 16236.5458984375
260.1062927 48869.6171875
294.1479797 11637.17578125
299.1369324 72530.4765625
306.1608276 19758.958984375
311.1346436 44270.63671875
313.1870117 13289.072265625
328.1938171 10213.46484375
329.1436768 14078.1142578125
339.202301 20996.423828125
348.852417 12207.6943359375
353.1825562 39023.61328125
354.6754761 10463.7919921875
356.2291565 46966.74609375
357.214447 54767.12109375
371.1921997 40293.33203125
374.2394714 22079.501953125
389.1550903 13788.990234375
390.8184814 12301.7197265625
400.257782 13056.34375
424.2227173 10630.3662109375
463.7499695 15013.20703125
481.2392883 13696.3828125
482.2201843 16384.966796875
487.3226624 20302.78125
548.2852173 22017.41015625
556.3057861 19436.390625
570.2874146 12022.1591796875
594.2952881 13344.5458984375
616.3634644 45872.5625
617.3644409 17190.423828125
663.3127441 35208.15234375
669.3967896 19640.7734375
680.2897339 12010.6630859375
681.3168945 18487.28125
689.2944946 42946.26953125
690.2860718 15993.0849609375
705.3692017 13999.306640625
706.3204956 47653.16015625
706.4237061 21111.888671875
707.4082642 52243.6328125
707.8626099 14229.828125
744.4223022 23026.080078125
797.4480591 15849.0458984375
857.4977417 55955.3828125
858.5061646 18987.837890625
923.4349365 15609.7822265625
926.4894409 58939.4609375
927.4848022 22863.158203125
968.5320435 17599.787109375
1022.428955 13122.7109375
1039.577637 15841.6171875
1056.598145 56423.74609375
1057.591675 47702.02734375
1167.649536 17734.76171875
1185.647339 78289.640625
1186.63208 47840.01171875
1187.651855 17290.90625
1285.710083 16127.099609375
