982.466436896992 2
70.06598663 1874685.25
72.08168793 2506825.5
73.87239075 175667.71875
84.04510498 977862.75
84.08135986 227256.328125
84.89600372 153834.328125
86.09718323 1945107.5
87.10059357 162655.40625
92.02851868 214433.453125
93.04587555 212511.484375
102.0555649 874344.9375
110.0718231 2855118.75
112.0870972 271459.9375
115.0870056 186155.40625
120.0812225 9160848.0
121.0846634 358579.5
122.9662476 138526.9375
129.1024475 227436.265625
138.091629 206381.078125
147.112793 182804.71875
156.1022797 326516.0
158.0926208 387949.8125
169.97966 170415.765625
175.1192627 2191465.0
183.1133118 2825623.75
184.1158905 154995.734375
195.0883942 785908.4375
201.1236572 5154939.5
201.553772 152696.140625
202.126709 393868.5625
211.1080475 209199.625
213.0862579 174035.78125
228.0302734 163690.390625
229.1184998 611524.25
230.1135254 1412105.625
231.1177216 268901.84375
233.1664429 166943.65625
249.12323 1149434.875
255.146286 576437.0625
259.1404114 734176.5
276.1680603 282240.71875
277.118927 1209456.25
278.120636 196616.90625
279.1350403 233233.4375
330.1776428 224555.421875
342.6391602 160628.34375
347.2030334 1473012.75
348.2073975 198100.53125
384.6590576 181406.09375
478.2442322 3280879.25
479.2468262 852146.3125
589.3503418 240892.453125
607.2871704 1805733.25
608.2957153 334261.5
614.0704346 158900.78125
743.453186 193192.375
754.3554688 1995756.5
755.359375 1174911.375
756.3568726 334318.65625
846.4705811 298246.0625
