1698.70298511483 2
125.0139542 418.6264038086
129.1021881 874.4991455078
146.121109 461.2407836914
147.1128693 490.299987793
194.2586212 515.7413330078
223.1067047 585.5188598633
241.2273102 513.315612793
254.1119232 575.1207275391
267.9662476 535.6407470703
313.1876526 671.1038208008
331.1981506 3717.9423828125
337.8397217 602.7732543945
382.209137 901.354309082
400.2210388 3354.93359375
519.7717285 649.8318481445
611.100647 774.9696655273
627.2729492 924.1649169922
635.7685547 1063.0718994141
641.3349609 5363.8657226563
642.3461304 963.1232910156
758.3079224 833.3598632813
786.4004517 4112.6137695313
787.3983154 3284.8566894531
791.8664551 1039.3688964844
800.8652344 5347.5009765625
801.3632813 5085.06640625
801.8726196 1290.3244628906
850.3657227 1380.5520019531
851.3905029 1476.9312744141
944.3795776 1324.3549804688
1200.529419 912.2593994141
1201.526733 5785.421875
1202.524536 4398.3540039063
1203.540039 1022.5220947266
