1066.53184467494 2
74.0608902 45307.76171875
75.05605316 5651.4228515625
79.20453644 5798.1650390625
84.0450592 110821.9765625
84.08153534 132185.84375
86.09712982 887829.0
87.05622864 30431.232421875
87.1006012 45312.359375
88.0401535 39917.08203125
91.05445099 41720.22265625
101.0352631 49787.98828125
101.0713425 54634.4375
101.3264313 6922.2724609375
102.0555191 79457.15625
103.0549316 7879.5512695313
104.0533142 25537.60546875
110.0717697 138389.328125
111.0753326 9381.125
112.0874329 14961.5625
115.0869217 69395.7265625
116.0713577 12695.265625
119.0494537 37288.390625
120.0810852 347298.0625
120.0896759 12933.0478515625
121.084404 34473.46484375
127.0508575 7764.6806640625
127.0868149 11670.728515625
129.0661163 38888.46484375
129.1024628 135310.890625
129.7042694 7655.5971679688
130.0502319 54178.44921875
130.0651855 49002.93359375
130.0866394 72264.5859375
131.0902557 6562.3295898438
131.1177979 8601.939453125
132.0813293 27736.392578125
133.0432434 13664.46875
136.0758362 668995.625
137.0794678 109521.640625
139.050827 7629.7133789063
141.1024017 10250.3837890625
143.0816956 32910.80078125
143.117981 108886.6796875
144.1213531 11687.9296875
145.060257 6382.876953125
147.1129761 136474.796875
149.0452423 7918.0776367188
155.0818634 41311.7890625
155.0930939 5777.880859375
155.1174469 8334.251953125
156.0769501 9241.7119140625
157.0613861 13397.6357421875
157.0973511 14888.98828125
157.1338501 31784.44140625
158.0927124 38709.93359375
159.0783081 15933.6572265625
159.0917053 309532.0625
160.0953064 31398.265625
165.1027069 27870.0390625
167.0561676 43742.14453125
169.0964508 10422.927734375
169.1341705 22376.79296875
170.0599213 83310.953125
171.1128693 30559.310546875
173.0553131 10262.3857421875
173.092392 65249.58984375
173.1287689 82938.21875
175.0719604 90349.9296875
175.0864716 10708.751953125
175.1191406 195626.0625
176.1222992 9997.041015625
179.0820007 40645.6875
183.1130981 27382.9765625
183.1491394 55455.91015625
185.056015 102181.7734375
185.0923462 29649.77734375
185.1277466 17684.68359375
185.166275 9073.0634765625
187.0709076 12398.8486328125
187.086853 67128.265625
187.1075592 8922.8818359375
187.1442566 56523.7265625
197.0561218 12352.435546875
197.1291046 39223.5390625
199.1079407 7257.5239257813
199.1820374 10816.8369140625
200.1049805 8210.7216796875
200.1387787 7903.6997070313
201.0866852 74578.4453125
201.1234131 70406.734375
203.066925 32375.095703125
204.1355591 8148.4067382813
207.0768738 9202.9072265625
207.1134949 26400.23828125
211.1083069 7426.9594726563
211.1446075 25539.26171875
212.147583 8391.7646484375
213.0871124 8516.4580078125
213.1628113 7589.1533203125
214.1184692 5881.2319335938
215.1387177 47436.24609375
216.0622253 29337.072265625
216.10112 34398.0390625
219.1497345 12660.4033203125
221.0858002 9948.0703125
223.1078949 45924.484375
224.1107635 8205.6103515625
225.0432587 56097.61328125
226.045166 12351.6708984375
226.1188812 10530.2177734375
227.1023407 12395.3046875
228.1343842 13271.31640625
230.1296692 10989.80859375
233.0939026 9475.56640625
233.1650391 9492.47265625
235.1089325 38205.609375
237.1237183 46362.20703125
239.0944366 98216.578125
240.0973816 22932.44921875
240.1340637 13340.4716796875
242.0774536 99006.34375
242.1495209 8196.8271484375
243.08078 8917.9609375
243.1335297 8675.6513671875
244.0934601 10841.951171875
245.1255951 12536.2900390625
246.1248627 9508.1591796875
249.0991058 9635.65625
249.1230927 21434.193359375
249.1599426 24315.58984375
250.163269 6622.7465820313
251.1029968 36683.89453125
254.1491241 8547.1142578125
255.1478424 9810.0419921875
258.1239624 12883.3115234375
258.1471558 13982.5771484375
260.0881348 29146.9453125
260.1968384 32361.3671875
262.150116 26180.146484375
265.1186523 27772.09765625
266.1603088 6539.5649414063
269.12323 7586.7221679688
272.1631775 10170.6044921875
274.1879578 9601.7119140625
277.1185608 7094.0942382813
277.1542053 12460.4365234375
283.1432495 10484.7861328125
288.1347046 7799.7060546875
288.203064 39178.984375
289.163147 7968.9448242188
299.0643921 17352.794921875
299.103241 23259.537109375
299.1387939 11534.689453125
307.1434937 34655.46875
316.1307983 23685.958984375
317.2178955 59039.19921875
318.2226563 10846.55859375
323.1721802 7168.1088867188
325.1210632 7871.3198242188
328.1502991 7495.5502929688
334.1750183 30923.09375
342.2007141 7710.3139648438
343.2033386 24886.7109375
343.2362671 29715.373046875
345.2243958 21678.49609375
346.2285461 7815.7133789063
358.2098389 11201.037109375
364.1470947 7655.1997070313
375.2359619 12748.3369140625
378.2028809 7640.6938476563
387.164978 6324.3837890625
402.1759644 7341.2666015625
411.2224121 12361.8603515625
412.2275391 8681.369140625
417.2130737 12573.6728515625
419.2616577 9950.7763671875
420.2264099 8685.4150390625
430.3036804 35476.81640625
431.3081055 10836.18359375
435.2226563 13289.0673828125
447.261322 7972.7602539063
462.2450562 7226.849609375
474.2689209 11244.953125
475.2791748 13325.5390625
477.7748108 13392.263671875
478.7438965 9543.369140625
490.279541 12598.2265625
499.2293701 14760.673828125
503.2932739 8778.923828125
506.3059082 24598.314453125
518.3060913 8642.2783203125
533.2806396 40631.875
534.2855835 7325.0556640625
536.2839355 9858.95703125
538.2973633 42570.0546875
539.3013916 12794.37109375
576.3325806 10558.6123046875
579.3197021 10551.3134765625
587.3448486 42874.58984375
588.3517456 31179.716796875
592.2895508 9351.294921875
593.3642578 13167.01171875
594.3797607 8653.9736328125
605.317749 8314.240234375
609.3339844 131639.125
610.3357544 40497.046875
612.3126221 10601.2998046875
666.3601685 7830.5771484375
684.4035645 57151.77734375
685.4064331 116591.9921875
686.4100342 51528.6484375
687.4040527 9918.287109375
694.4152832 83862.703125
695.4152832 39232.19921875
696.3613892 7982.7348632813
697.3458252 9682.1572265625
705.3782349 7050.3623046875
738.3756104 97254.1328125
739.383728 42359.7421875
753.3987427 21249.6953125
791.4295044 8262.2177734375
818.418457 12781.1875
819.4190063 12472.9033203125
821.3944702 12260.1669921875
857.487915 11544.9599609375
864.5150757 11762.59375
924.4475098 12376.09765625
