3379.64870315457 3
243.1083527 42074.07421875
270.1070251 35546.15625
274.120575 26545.7578125
279.3793945 24108.728515625
288.1185608 31433.46484375
289.0969543 143321.5625
299.1713562 63556.52734375
313.1511841 103599.71875
341.1458435 106425.6953125
344.1585999 50546.28125
356.1972961 34757.68359375
359.1587524 28440.775390625
389.1654968 35948.16796875
425.2533264 46261.66796875
428.1815796 35300.609375
438.1634827 39787.828125
442.2782898 468582.1875
443.2835388 103997.578125
455.1893921 152101.671875
456.1746521 45219.5546875
457.2399902 33632.85546875
550.260437 32928.21484375
551.2468872 45475.4453125
555.3589478 55320.86328125
568.2736206 314078.96875
569.2653198 183458.34375
586.2879639 56210.62890625
587.2842407 36108.1640625
612.3018188 49698.62109375
622.2896729 31808.5390625
639.3143311 119687.328125
640.3059082 48690.16015625
670.4082031 45143.9765625
783.4487305 230469.46875
784.4472046 49976.0859375
886.3184814 41500.04296875
894.475769 38669.94921875
909.4993896 38543.4375
911.5085449 299644.40625
912.5080566 157795.234375
999.4277954 40718.67578125
1024.588135 337421.40625
1025.588623 236981.65625
1026.589844 57347.03125
1068.544678 167498.046875
1069.050171 160542.21875
1069.547241 54110.1875
1072.39917 45895.515625
1137.682129 438209.4375
1138.671143 316013.15625
1139.703857 36832.42578125
1153.085083 48889.640625
1161.570557 50088.98828125
1162.088745 194283.09375
1162.573608 53895.20703125
1217.585815 37881.30859375
1250.761719 290808.40625
1251.759033 173449.9375
1252.775391 104964.7734375
1280.130005 40293.484375
1297.132935 116223.546875
1297.61377 97575.6796875
1298.120728 60061.24609375
1305.633789 96363.0078125
1306.133423 139216.046875
1306.626465 133694.671875
1307.131714 51043.2265625
1362.169067 50810.74609375
1362.693604 52729.3828125
1363.174194 119594.8125
1363.67041 52916.3359375
1387.805054 189438.40625
1388.805176 161839.796875
1397.69873 44912.12109375
1398.197144 114721.109375
1398.69873 60382.46875
1399.206665 92415.28125
1473.61499 58880.62109375
1501.847534 93264.4765625
1502.854126 58138.15234375
1573.879028 43969.55859375
1700.740967 41198.22265625
1702.91394 53403.7734375
1816.928711 57946.58984375
2137.031982 89212.5234375
2612.164551 40216.9453125
2755.469482 45985.20703125
