3881
2
1094.459558
# +15.9949|* +79.9663|
C=160.030649
1094.45962	0.0000	48.89	3.131	6	18	K.DSAATTDEER.Q	F
1094.45964	0.7775	10.88	-0.672	4	16	R.QTDTTEDER.G	R
1094.45541	0.7795	10.78	-0.681	4	14	K.FVFST*EER.T	F
1094.45541	0.7795	10.78	-0.681	4	14	K.FVFS*TEER.T	F
1094.46261	0.8372	7.96	-0.959	3	18	R.DSASLHAGT*R.L	F
1094.46261	0.8372	7.96	-0.959	3	18	R.DSAS*LHAGTR.L	F
1094.46260	0.8943	5.17	-1.23	3	18	-.SSNPPQS*AAR.T	R
1094.46261	0.9663	1.65	-1.591	3	18	R.DS*ASLHAGTR.L	F
1094.45301	0.9914	0.42	-1.716	3	16	K.SDAVLS*KS*K.R	F
