1377.718524 2
101.0715714 2834.6904296875
102.0550613 2294.2712402344
106.4428253 1907.9245605469
129.0663757 2312.9670410156
129.102417 11991.583984375
147.1131287 3774.8024902344
175.1189575 9290.1318359375
240.0987396 3373.6589355469
244.1652679 3021.537109375
245.0967865 7363.02734375
245.1700745 2426.0456542969
258.1081848 2503.3188476563
440.2879944 9461.8369140625
441.2926941 2103.708984375
455.796814 2371.8696289063
484.0311279 2608.0520019531
504.2831726 11710.408203125
625.3624878 10604.1611328125
626.3640747 7428.7944335938
646.3388672 4614.4697265625
661.2844849 2647.4711914063
672.3348389 3203.4169921875
688.3843994 16479.892578125
689.3824463 41098.54296875
689.8622437 2601.9404296875
690.3265991 53626.5859375
710.973877 2505.7985839844
