2444.10387347225 2
175.1188049 9195.73828125
185.0915375 6984.8740234375
199.1062775 3374.7768554688
212.1038818 3613.1916503906
224.0351868 3993.4321289063
226.1192627 6373.333984375
228.1350555 3783.7766113281
233.0912933 3735.9926757813
233.1655579 3741.4025878906
254.113205 3616.9680175781
261.0869446 4528.6694335938
276.1679077 6321.9604492188
278.1147766 39662.2109375
278.1420898 6767.8681640625
280.1660156 9574.8818359375
310.1384888 5003.3618164063
350.552124 3862.1315917969
371.1758728 6528.4853515625
391.2003174 5916.9223632813
414.2358398 4529.1533203125
425.1664124 4982.2524414063
562.270752 5381.2426757813
619.2957764 65743.0078125
620.3037109 24520.904296875
621.2921753 5298.2041015625
733.3408813 4819.8930664063
734.328125 45700.734375
735.3310547 7657.7861328125
740.3677368 5682.4545898438
946.3948975 15416.3818359375
1025.460693 8472.513671875
1026.435059 20540.982421875
1043.456543 100851.84375
1044.460205 49484.5
1045.459473 21071.302734375
1100.498535 6453.6142578125
1144.49707 16162.84765625
1145.511475 8460.62109375
1180.618774 71200.453125
1181.620728 7211.3330078125
1206.599365 74033.015625
1207.601196 14983.9853515625
1215.543457 21936.46875
1216.534668 5824.7856445313
1222.61145 8024.33984375
1223.626465 221272.109375
1224.624512 27121.1328125
1375.574341 21194.7421875
1376.574585 16711.10546875
1522.641602 17248.341796875
1523.649658 25553.806640625
1669.708252 27807.701171875
1670.699707 23275.0859375
1671.672119 8972.8017578125
1853.786133 5356.8706054688
1942.950684 6999.1328125
1966.871216 9116.845703125
1967.886963 9207.669921875
