1056.46796700084 2
74.06073761 828.1227416992
83.06108093 864.9448242188
84.04519653 3778.9138183594
84.08150482 3666.759765625
87.0561142 680.9697265625
93.04525757 893.5796508789
101.0717697 1067.0269775391
102.0557022 895.1060791016
110.0718536 31611.12890625
111.0753403 799.0200805664
112.0874939 2339.6071777344
116.0716171 1168.7540283203
118.8538666 563.4733276367
129.1024628 2600.4892578125
136.0767822 2206.3100585938
136.0870667 1342.5533447266
141.0660706 689.5092773438
147.1134338 975.2960205078
158.0927124 2469.93359375
159.0765686 883.7000732422
164.0824127 848.927734375
169.4980927 621.3670043945
175.1191406 9513.88671875
181.1089783 8739.314453125
187.0724487 727.342956543
202.08461 693.4084472656
209.1039124 12127.2236328125
210.0792389 817.1567993164
245.1261749 606.9623413086
251.1154327 643.20703125
270.8385925 646.8980712891
273.1797791 798.0350952148
317.1938477 4211.4663085938
318.1976929 3130.0070800781
320.1365662 3895.7966308594
361.1830444 8939.4111328125
407.1664734 837.135559082
424.2301636 746.5250244141
448.2216187 1016.2396850586
496.2513733 1266.4329833984
510.2368774 2210.9182128906
511.2432556 693.8338012695
518.7442627 3360.9562988281
519.2433472 5235.234375
519.7421875 1243.5930175781
527.7506714 9805.369140625
528.2531128 8960.3701171875
528.7406006 9395.150390625
529.2463379 878.9286499023
529.31604 844.2509155273
533.2312012 1021.0562133789
632.2922363 931.3947753906
716.0934448 735.8903808594
719.3291626 3969.8515625
720.3292847 1020.5302734375
830.3676758 1231.4028320313
831.3646851 728.5728759766
848.380188 6942.6928710938
849.3753662 2631.5046386719
919.4102783 6540.9174804688
920.4102173 2971.3623046875
1019.893311 744.194152832
