2519.20837128727 2
182.375061 2450.6520996094
185.1278076 4799.3784179688
198.0878906 4811.4370117188
205.1706543 3860.8684082031
214.0973969 5233.0537109375
214.4925537 2895.3076171875
216.0983429 7394.5415039063
230.0769501 5868.1342773438
243.1349487 4651.935546875
263.2019043 3414.9047851563
284.1027222 17457.349609375
289.0946045 4476.5356445313
301.1289063 8232.8828125
313.1141663 7152.1396484375
331.1262817 5605.7299804688
346.1199951 7820.8037109375
369.1895142 3515.3859863281
402.1782837 5622.625
428.250946 4455.2612304688
445.2791138 6920.6772460938
486.2190857 5596.5903320313
500.1784668 6061.3530273438
501.184967 4672.0078125
557.2600098 4744.314453125
586.2229614 6276.3657226563
588.2776489 5122.0751953125
605.3082886 39960.890625
606.3060913 13661.822265625
642.276001 5103.9604492188
670.3408813 6186.7197265625
697.2580566 8464.2294921875
714.291687 7653.490234375
715.2750244 8074.2436523438
718.3913574 14031.822265625
719.4043579 5322.2309570313
738.3227539 5509.1528320313
800.3641968 4323.1884765625
829.4261475 16078.40625
846.4529419 21078.39453125
847.4612427 7550.0859375
848.4649048 5598.4848632813
864.4742432 6392.60546875
865.4981689 4600.6171875
870.9364624 4047.7136230469
958.4337158 5560.3403320313
961.4769897 26830.00390625
962.4736938 4929.283203125
1090.509766 33899.84765625
1091.519287 16630.31640625
1203.608765 23672.607421875
1204.61438 15418.53515625
1274.630615 33769.7734375
1275.628906 26563.291015625
1276.655151 14473.0908203125
1387.724365 18819.650390625
1388.724243 15822.9375
1516.747559 5314.912109375
1517.740845 6700.9501953125
1551.863281 5972.2768554688
1617.814453 7763.8276367188
1656.815674 5930.73828125
1674.839355 37729.52734375
1675.828735 34830.2890625
1676.816528 22090.423828125
1677.852295 6545.3583984375
1704.839722 5655.5092773438
1787.912109 8763.4658203125
1788.92749 8787.455078125
1805.088745 5461.6479492188
1869.539551 5847.578125
