1353.74450972234 2
94.78222656 16552.576171875
101.0712891 33021.6640625
102.0555191 90139.578125
103.0547562 26434.982421875
104.0534363 31179.16015625
110.0718231 80235.03125
110.5248413 14732.8486328125
115.0870514 22231.634765625
120.081192 320690.34375
121.0843506 20506.96484375
126.0552444 23437.1171875
129.0655212 15881.10546875
129.1024628 145305.578125
130.0864258 83231.2109375
133.0433197 18384.318359375
136.0762634 121079.046875
142.1231232 30532.11328125
147.1132202 167348.578125
153.1020966 19528.81640625
157.134079 23333.73046875
159.0913239 27300.7109375
162.6257935 15313.3203125
169.1333771 30816.208984375
171.1129608 35779.80078125
173.1286316 31946.251953125
175.1194305 106963.6796875
181.0970612 18092.517578125
183.1133881 30451.93359375
183.1492767 144058.8125
185.1299286 18573.630859375
185.1654663 35994.6953125
187.1080627 78291.5390625
187.1442108 84064.515625
190.0889893 16271.57421875
195.1117554 24338.388671875
197.1287537 168906.75
199.0713501 19178.3359375
199.1076965 31883.130859375
199.1807556 840480.5
199.1994019 30808.583984375
200.1395264 63507.51171875
200.1840515 91466.5078125
201.1248932 15998.380859375
203.1028442 30953.884765625
206.896637 18509.86328125
209.0920715 63525.93359375
211.1448212 85534.9375
213.0877991 84346.578125
215.1394806 153528.96875
216.0979309 20623.8203125
217.0980072 29463.21484375
226.1190186 25921.84765625
227.1755524 851434.25
228.1338348 27671.345703125
228.1790771 79211.6015625
229.119873 21387.640625
231.0976105 95688.3984375
243.1330566 52159.0
248.1598358 34964.7890625
262.1184692 23088.837890625
267.1079407 26459.923828125
275.1723938 25209.599609375
283.201355 26219.14453125
286.1772766 136301.1875
287.1787415 19478.49609375
295.1416626 15599.8828125
298.176239 28032.6171875
300.1556702 21838.400390625
306.144928 24877.912109375
310.2120361 107643.6796875
320.1228638 24278.2109375
326.1741638 158929.34375
328.2243042 32663.39453125
340.2601318 61257.41015625
343.1422729 120786.2578125
344.1835938 130506.3515625
345.2144165 283226.84375
346.2145996 33075.75390625
361.1940002 15748.876953125
392.70224 119572.1328125
393.2062378 22421.796875
393.7068787 17324.5703125
395.1670532 30456.81640625
397.2074585 25805.802734375
412.2004089 31157.041015625
423.1670227 26412.5234375
423.2946777 32324.439453125
439.254303 89597.5234375
440.196991 271978.09375
441.2001953 78124.609375
441.3032532 17207.33984375
442.2322693 34666.171875
457.2638855 37154.33203125
459.2575989 140022.15625
460.2614746 19949.291015625
577.2939453 61691.5390625
590.2952271 25265.43359375
648.2837524 22331.521484375
656.3047485 105922.671875
670.2999878 26438.140625
671.3128662 23378.861328125
687.3508301 243521.875
688.3500366 93353.234375
724.3709717 25558.185546875
766.3852539 90597.234375
767.3815308 111997.65625
768.3660889 28823.888671875
783.3797607 24864.384765625
784.4025269 1261461.0
785.4044189 542633.375
786.4096069 163117.5625
821.4138184 66663.609375
822.4221191 25179.087890625
895.4262695 95979.34375
896.4302979 33987.41015625
913.4578247 108609.5078125
913.6235352 21984.03125
1014.495361 108123.6171875
1015.479492 97183.7421875
1127.562012 104885.1953125
