934.482827595428 2
67.30602264 21618.583984375
70.06591034 172687.578125
72.08154297 113542.2890625
72.28767395 24732.02734375
74.06080627 126908.046875
83.30677032 21208.59765625
84.04504395 110158.28125
84.08137512 566296.375
86.09703827 411094.59375
87.05614471 34849.26953125
101.0715179 139628.375
102.0553207 95333.9296875
104.0533752 56801.359375
110.0718613 130893.4765625
129.1023712 435613.78125
130.0864258 96609.078125
136.0759277 26300.603515625
142.1230316 36917.4609375
143.0814667 25902.638671875
143.1174622 38986.98046875
147.1126862 96216.953125
158.0921021 29609.35546875
173.1283722 35613.79296875
175.1187286 175702.046875
179.396286 24137.994140625
187.144165 982978.875
188.1473236 37973.67578125
199.0720367 25347.33203125
201.12323 25316.349609375
215.1389771 125952.71875
216.0814056 28405.96484375
228.1339722 26582.4765625
233.0755463 23235.119140625
346.0248413 24003.04296875
423.7518005 28195.984375
591.3092651 136950.921875
640.3057251 28365.560546875
702.3395386 49330.23046875
703.3425903 24037.9609375
720.3500977 279328.34375
721.3478394 91813.765625
