2879.27101425349 2
209.3210907 3404.9633789063
230.0594635 5204.3354492188
231.1702118 2732.3505859375
254.9825287 2854.1452636719
276.0657654 24590.806640625
282.1457214 7802.7470703125
293.1146545 6476.6040039063
321.6415405 3394.3459472656
340.1874695 5075.263671875
375.1281738 4062.3210449219
381.2141418 3702.3366699219
407.1575317 17314.85546875
411.1316528 4151.5395507813
439.1301575 22542.9765625
492.2301941 7073.7744140625
522.1765137 5078.3935546875
568.1731567 18344.818359375
611.3181763 4429.99609375
662.3400269 8057.9096679688
665.1967163 6291.990234375
682.2171631 17839.1796875
746.2441406 6165.5444335938
753.2915039 5722.5952148438
764.2503662 26272.49609375
781.2807617 15424.970703125
822.3659058 7837.8974609375
950.4249878 21618.166015625
951.4162598 4666.0688476563
1113.49353 19502.6796875
1114.494995 17176.4921875
1242.548218 6612.4912109375
1434.609131 5444.0180664063
1452.671631 49466.13671875
1453.655151 29912.54296875
1454.669434 7535.939453125
1553.709839 7755.7153320313
1554.697266 15191.96875
1700.785889 20919.556640625
1701.778687 14008.1767578125
2081.959961 7065.8208007813
2098.980469 21461.791015625
2100.03125 39962.70703125
2100.99292 13953.375
2678.608643 6284.7431640625
