969.423285216834 2
70.01063538 20154.46484375
70.06604767 166641.25
72.08171082 80658.390625
78.32727814 14536.01953125
84.04501343 16829.44140625
84.08154297 203499.765625
86.09713745 375875.90625
87.0560379 29531.7578125
91.05498505 17731.376953125
92.02890778 18057.91796875
97.81485748 21179.119140625
110.0717697 163891.0625
112.2967072 18914.9609375
113.0720215 20627.43359375
115.0511169 39678.8828125
129.102356 186837.046875
130.0866699 110490.96875
131.082077 30919.828125
136.075882 587003.5625
137.0792084 33083.24609375
143.117981 59619.4765625
147.1130066 96974.671875
157.0610199 159269.25
158.0929718 37475.5390625
175.0719604 126072.59375
175.1192169 139074.296875
197.1289063 30583.318359375
203.0664825 94906.2578125
215.1391449 20957.30859375
223.1555786 21161.62890625
228.9631958 17863.255859375
232.9374237 17444.453125
251.1025391 40961.578125
279.0987244 33924.2109375
319.1744385 143157.453125
320.1236572 20950.255859375
343.2347412 29240.564453125
351.530365 18373.001953125
403.1113586 18674.923828125
432.2586975 19675.83984375
442.2779846 103160.46875
448.1353149 22654.91015625
485.2834473 114392.375
485.361084 80516.25
489.2788391 289255.3125
490.27948 38618.35546875
591.5593872 18699.517578125
604.3063354 165544.84375
605.3049316 24441.57421875
727.9602661 24226.984375
767.3627319 58345.85546875
