2224.09161591205 2
155.0810852 3075.009765625
159.0922089 2616.015625
159.1129761 4711.1391601563
160.3963928 1416.8049316406
167.0814972 1762.5944824219
169.0608063 2088.1228027344
169.1319733 1593.1303710938
173.1282501 2156.0988769531
175.1195068 2429.8686523438
181.0979919 1734.6217041016
183.0746765 1753.4331054688
183.1120148 1928.8126220703
184.0715179 2403.5634765625
187.1077728 5059.3349609375
187.1428833 2031.2174072266
199.1073914 4628.6860351563
201.1236572 3766.5061035156
202.0823212 4021.8432617188
208.1090698 1565.7790527344
212.1033936 1860.7698974609
224.1036072 2346.2431640625
227.1025391 15827.44140625
227.1763153 1646.4307861328
233.0955048 1631.4323730469
246.1250763 2571.0266113281
249.1251831 2113.0974121094
255.1696167 2241.9313964844
256.124115 1961.1810302734
258.144989 2085.3312988281
268.1690674 2054.3857421875
272.1580505 1990.6345214844
277.1196289 2787.3881835938
277.1518555 1908.9064941406
283.1411438 4448.1469726563
297.1564636 2340.5537109375
298.1402588 26881.591796875
299.1430054 4578.8608398438
301.1512146 3454.2075195313
332.1625366 3508.5065917969
333.1897888 1922.9727783203
349.190094 2048.2966308594
355.160614 3369.7309570313
357.177948 2638.970703125
370.1715393 4072.7280273438
371.5006714 1961.4158935547
388.1841736 2299.9182128906
430.1410828 12691.1953125
430.1933899 3761.2724609375
431.1928711 2740.4289550781
476.2720337 8237.3759765625
513.1779785 3772.1989746094
523.2562866 2508.4609375
543.2869263 2643.0241699219
555.2876587 3257.7531738281
558.300293 3822.1606445313
577.3074341 3267.3439941406
626.2627563 3894.6232910156
637.2908936 2412.8269042969
644.2728882 3632.3972167969
660.3088379 2543.9675292969
665.8179932 3644.5471191406
671.324646 3177.6423339844
686.3566895 4728.2817382813
721.3664551 2628.2783203125
751.3331299 2852.1352539063
759.2947998 20014.4609375
760.2993164 4056.3872070313
769.3825684 2564.0502929688
777.3097534 4277.5986328125
887.3897705 4596.3974609375
905.4051514 72574.1484375
906.4026489 34073.6875
907.4093018 13148.02734375
908.4158325 3295.4697265625
1059.474243 3303.2668457031
1068.462158 19698.744140625
1069.46936 11486.6171875
1070.489746 3517.5112304688
1103.516846 3433.5578613281
1112.555908 3627.1706542969
1181.54895 12168.158203125
1182.557129 8932.330078125
1325.617188 3107.8244628906
1330.638428 11908.2783203125
1331.627563 10501.634765625
1367.662354 8922.9375
1368.657837 3705.9958496094
1438.680176 4989.5986328125
1439.699829 7171.5756835938
1723.827026 3136.5366210938
