31138
2
986.6073600000001
# +15.9949|* +79.9663|
C=160.030649
986.60667	0.0000	35.23	2.102	6	14	R.EVMLILIR.E	F
986.60398	0.6758	11.42	-0.279	4	12	-.CRRLLLR.S	F
986.60667	0.9390	2.15	-1.204	3	14	K.ELIVMLLR.I	R
986.60331	0.9390	2.15	-1.204	3	14	R.IIFPDLIR.I	R
986.60331	0.9390	2.15	-1.204	3	14	R.ILDPFIIR.T	F
986.61050	0.9390	2.15	-1.204	3	14	R.KTAERLLR.F	F
986.60331	0.9390	2.15	-1.204	3	14	R.LPFEVLLR.M	F
986.61052	0.9390	2.15	-1.204	3	14	R.LQSRTLIR.S	R
986.60331	0.9390	2.15	-1.204	3	14	K.VLEPFLLR.R	F
