1717.83979757809 2
120.0811157 209307.0625
129.1019592 125749.4765625
130.085968 109299.1484375
135.9102936 16120.91796875
136.0753479 20358.599609375
138.0662231 16026.3046875
147.1127167 164462.28125
155.0924835 140040.71875
173.1277161 35770.33984375
175.1190186 29733.013671875
177.6733246 17756.466796875
187.0693054 17454.998046875
212.1025238 20219.517578125
235.1096191 24820.0859375
243.1338348 21568.517578125
248.1145782 26372.056640625
249.0988922 47563.59375
260.0870667 29676.671875
260.1969299 51272.1015625
266.1251221 328424.1875
290.1622314 35149.44921875
294.1922607 41646.0546875
302.1265259 30677.765625
302.1613464 20381.44921875
319.153717 53936.8515625
320.171936 479888.625
320.3195801 22602.201171875
321.1767273 26338.94140625
337.1614075 93640.28125
338.1824951 560272.9375
339.1854553 92343.4921875
355.2091064 121895.84375
363.1421509 22784.140625
385.1350403 47510.328125
405.2090454 27625.669921875
407.2080994 28806.603515625
407.2664795 171369.65625
420.0028076 20919.041015625
450.2470703 30814.275390625
466.2427063 232021.5625
467.2447815 29585.419921875
475.340332 24320.517578125
520.2508545 37741.28125
522.2957153 34277.0390625
523.2913818 25464.021484375
537.2783203 268062.28125
538.282959 33182.16015625
579.2990112 24150.375
650.3583984 88653.4453125
662.2401733 32125.224609375
666.3474121 49172.8984375
680.2576904 27535.0
729.3451538 43928.421875
741.8477173 37319.484375
759.3701172 46709.64453125
767.3950806 141124.703125
768.3967896 36151.83984375
779.4088745 55779.46484375
791.284729 33788.90625
859.458374 37404.03515625
860.4453735 24836.021484375
882.418396 32451.173828125
939.4452515 240711.4375
940.4384766 54053.0546875
987.3036499 28883.951171875
1013.224487 27240.294921875
1050.957397 31649.701171875
1068.495972 245638.125
1069.489502 93062.640625
1111.461304 49573.16015625
1142.503418 32655.7734375
1181.572632 146548.625
1182.568848 52550.63671875
1252.603516 280010.21875
1253.615601 118994.7109375
1254.615112 54322.8046875
1311.579224 40387.9296875
1363.651001 118692.5234375
1364.648804 38165.6640625
1380.64917 53928.57421875
