1647.81601031361 3
117.0569839 22663.79296875
120.0809402 257295.9375
127.101738 20360.927734375
129.065979 45310.30078125
129.1023102 44250.33984375
130.064682 197385.15625
132.0805359 69511.2421875
136.0754242 50484.3671875
141.1022034 35035.05078125
145.0970764 63128.12109375
147.112793 36299.48828125
157.0966644 178279.640625
158.0920868 46143.54296875
159.079895 38459.62109375
159.0918427 752145.1875
160.0944061 34907.6875
160.9685974 22501.234375
162.7396698 21849.955078125
170.0597534 76859.125
173.1281891 40141.66796875
175.1190186 358364.0625
185.1512604 38180.85546875
185.1651917 635584.625
186.0877075 51819.48828125
186.1680756 53936.5234375
187.0873871 48361.20703125
196.1449127 40134.83203125
197.1287689 56286.1484375
199.0714874 28362.060546875
199.1809845 29319.568359375
201.1228638 36890.5
205.1009064 243350.21875
206.1044617 35555.0625
213.159729 279116.1875
214.1557312 77385.7578125
215.1390076 34104.515625
217.1370392 29207.736328125
227.102066 48587.203125
227.1752777 28518.82421875
233.0952759 150057.015625
233.1662292 33124.14453125
236.6085968 34115.58203125
242.1500244 76963.296875
260.1069946 187505.484375
269.1249695 50022.1015625
285.0881042 253713.640625
287.1355286 57168.56640625
296.1978455 136886.34375
298.1046143 38542.390625
300.1717834 46018.25390625
302.1143799 67304.3984375
304.1617432 71237.34375
314.2078552 195478.859375
361.1542664 358709.28125
362.1602783 45859.37109375
397.1823425 32645.6171875
415.1976624 46057.67578125
427.2392273 73785.8359375
432.2215576 123466.140625
455.1903687 43771.90625
456.2282715 39270.91015625
460.2265015 38955.359375
462.2758789 60059.49609375
474.2393188 171550.65625
489.241333 791692.9375
490.2477112 175711.421875
555.2995605 46744.921875
560.2763062 397947.3125
561.2830811 156980.5625
571.5341187 39411.015625
573.3096313 35365.66796875
643.3112183 49625.453125
644.3084717 41954.8125
661.3252563 647743.875
662.331543 198899.765625
668.3777466 78171.140625
686.3930054 54815.9609375
738.3723755 38349.68359375
749.1846924 36725.171875
758.3458252 195086.140625
759.3393555 110330.703125
776.3526611 570993.75
777.3451538 218213.328125
778.352356 52966.75
893.8101807 42759.86328125
944.4242554 190667.234375
945.4021606 55693.76171875
946.427002 46826.125
962.4418335 282970.71875
963.4263916 133971.09375
964.4475708 60856.9140625
1075.509888 38933.5390625
1186.572266 44524.7421875
1314.908081 51548.9921875
