1352.71776373454 2
101.0716324 80010.1328125
104.0535431 24262.3125
110.0717087 162656.015625
112.0871048 24670.15234375
116.0711517 35483.3125
120.080864 155321.71875
129.0660553 42003.50390625
129.1026764 268011.21875
130.0866089 23769.1171875
131.1181641 427305.40625
132.1217499 30102.13671875
133.0434265 25880.873046875
136.0764465 183609.375
141.1027679 21661.783203125
147.1131744 77331.6875
155.0817261 34162.5390625
158.0924988 30985.287109375
159.0904388 16302.9697265625
163.0870819 16681.619140625
166.0865021 30508.412109375
169.0980225 20742.185546875
169.1341705 24536.30078125
170.0920868 57897.0703125
175.1194458 291423.84375
183.1121979 25363.984375
185.092453 68949.1796875
185.1286011 22795.515625
193.0975647 88988.7265625
196.1461029 22079.681640625
197.12883 85778.484375
199.1072693 19684.892578125
200.1395721 31543.3359375
203.1009216 19253.228515625
207.1128387 35727.4765625
208.0970459 87396.0078125
213.0882416 36273.8359375
214.1551056 117644.1171875
218.0959625 35517.0546875
222.0957642 17366.505859375
223.1553192 27448.412109375
225.123642 293484.1875
226.1273041 21289.203125
227.1031799 35272.80859375
228.1352539 25936.361328125
234.1446838 20486.578125
235.1085815 26179.853515625
240.1351318 28965.201171875
242.1500702 1580399.375
243.1539764 196549.75
246.0906372 79744.515625
249.1236267 39963.3046875
250.1248016 18934.48828125
251.1499634 32120.6640625
252.1540985 25518.224609375
258.1435242 19507.609375
290.1131592 62571.98046875
291.1174316 24406.73828125
295.1773682 20896.974609375
308.1246338 25487.416015625
313.1879272 76768.953125
315.1118469 36164.3515625
341.1824646 72036.0
355.2341614 275332.34375
356.2372742 28258.00390625
384.1882629 166914.875
396.1482239 18398.267578125
401.214325 146440.328125
409.1878357 23293.97265625
433.881134 18873.46484375
455.2227478 26216.912109375
464.2289734 100109.0078125
464.7328491 64093.89453125
499.2483521 81845.25
500.2478027 25335.138671875
514.2989502 41542.40234375
527.2476196 31638.083984375
571.3145142 21355.494140625
579.2654419 32236.65625
611.3140869 21356.056640625
628.3405151 69587.5
666.3087769 25490.30078125
667.3062744 90674.484375
668.2985229 31382.728515625
676.3629761 31992.822265625
677.3556519 26935.92578125
715.3734741 603074.0625
716.3742065 212620.703125
717.3798828 36788.1328125
780.3901978 39607.19140625
781.3807373 37613.66796875
813.3739624 30255.228515625
830.4055786 124548.78125
831.3956299 24289.072265625
834.3657837 24916.912109375
852.0633545 18737.1640625
852.4231567 22424.57421875
910.4363403 29339.27734375
917.4457397 29259.52734375
918.4362183 78693.4921875
919.4458008 31569.53515625
927.4541626 999612.625
928.4579468 425680.875
929.4506226 107426.9453125
998.4916992 500311.8125
999.4996948 212507.625
1000.496887 65457.95703125
1111.355713 21148.142578125
1111.573975 484491.3125
1112.575806 251974.859375
1113.574829 144146.375
1393.062134 21052.787109375
