1818.93782761165 2
129.1024017 30599.41796875
130.0856476 20172.529296875
136.0751343 23523.138671875
143.1174011 13985.263671875
147.1125641 37200.875
148.1736908 13035.7998046875
157.1336365 71690.609375
159.0760651 13964.1328125
159.1124268 102606.2109375
164.1456146 13330.0361328125
167.081131 17337.146484375
171.1122742 21655.578125
173.1292267 19057.26171875
179.8886261 13353.0712890625
185.0934143 17885.15234375
185.1282196 159325.71875
185.1647034 14531.6796875
186.0860901 13657.4482421875
187.1071167 62599.765625
199.0713806 22733.90625
199.1074219 39483.15234375
199.1804962 19220.85546875
201.1237793 24726.400390625
211.1803894 11811.08984375
213.1601868 25096.697265625
214.118866 24157.734375
216.1336975 22739.35546875
217.0812378 26387.423828125
217.1335297 81681.46875
218.1365662 18969.08984375
227.1016846 18063.98046875
227.1372986 20043.138671875
227.1756134 34608.328125
234.1452789 126073.0625
235.146759 20114.796875
240.1339874 139465.984375
245.129425 31979.07421875
246.1298065 15302.9072265625
253.1915436 18159.19921875
254.1499939 356338.59375
255.1530457 23371.9921875
256.0928955 25728.08203125
258.14505 84419.546875
272.1599731 213584.359375
279.1339417 67825.59375
280.1378174 17530.75
280.1661987 15665.6650390625
282.1816711 17542.390625
295.147644 15947.6728515625
298.1756287 19380.587890625
300.1918945 25197.6328125
302.1500549 87624.8203125
303.1532288 29941.345703125
311.1723938 37126.3359375
319.1782837 64307.609375
320.124054 17303.560546875
325.2236328 90622.5546875
335.1923523 97685.4609375
336.1984253 14990.857421875
339.2012024 51322.40234375
343.2341003 83534.71875
348.1211853 22117.83203125
353.2185974 202500.203125
354.2210693 38412.37890625
367.2312927 25273.556640625
369.1764221 37599.796875
371.1773682 16236.2509765625
371.2301331 117524.0625
394.1784363 106622.46875
395.1796875 68024.5703125
395.2659912 16602.962890625
396.1740723 18701.697265625
410.2443542 23301.75
413.2035217 163321.234375
413.279541 16784.07421875
414.2082825 21994.615234375
431.1751404 18817.8359375
434.1881104 67723.96875
434.2612915 78081.078125
435.1933899 32100.73828125
435.2616272 18647.189453125
439.2908325 18295.95703125
441.209198 24574.5
451.196228 171566.03125
452.1994629 173426.9375
453.1955566 23498.390625
456.3188171 31063.392578125
462.1833801 26315.505859375
463.1843262 64506.55078125
464.178894 17636.84765625
488.1855164 17461.1953125
516.2614136 18803.271484375
531.7723389 17441.11328125
538.270813 21421.080078125
563.2999268 28736.74609375
568.227417 20868.822265625
598.2695313 18323.80078125
599.2659302 30350.60546875
600.2719116 19213.412109375
601.2841797 16975.45703125
611.2715454 60469.359375
629.2805786 108707.8984375
650.3364258 158595.0625
651.3487549 29027.216796875
677.3034058 23206.306640625
678.3129272 77976.0625
695.315918 247505.390625
696.3201294 773890.5
697.3206177 378082.5
698.3161621 82523.109375
728.3479614 91801.265625
765.3653564 88967.03125
766.3692627 61905.75390625
809.4054565 39316.4765625
810.4058228 30542.34765625
811.3943481 32512.12890625
866.4275513 331336.09375
867.4274292 147760.65625
868.4243164 25426.0
878.4440918 33461.89453125
892.3989868 131222.75
893.4085083 74869.0859375
902.37677 19796.833984375
909.4304199 234087.328125
910.4259644 139207.0
911.4431152 24464.037109375
965.4691772 26237.1171875
1044.511108 38459.34765625
1062.533691 517842.5625
1063.533325 302673.65625
1064.541504 65163.6796875
1191.588989 27400.66796875
1278.603516 101010.6796875
1279.61438 36529.91015625
1317.624878 60374.7421875
1335.620728 298559.90625
1336.631836 215896.59375
1337.626953 65331.234375
1448.713501 106360.1953125
1449.72583 99823.671875
1450.726196 75150.453125
