2220.07057933765 2
157.1333466 18535.11328125
159.0913544 13191.970703125
173.9342957 7672.2216796875
175.1183472 47210.34765625
181.0600586 10310.0693359375
185.1286469 20614.63671875
198.0868683 15079.224609375
200.1027985 18414.837890625
216.0980225 100094.9921875
219.113327 15217.0009765625
223.1095734 34717.8984375
226.7779541 9573.3134765625
242.0749054 10225.6064453125
243.1344299 49911.58203125
251.1036377 52476.05859375
252.0988007 14003.669921875
261.1611023 13154.2783203125
269.1235962 24051.2421875
270.1084595 12349.12890625
283.1444397 146625.65625
284.1487122 19076.599609375
287.135437 141393.75
299.1366577 15040.7724609375
311.1402588 88870.34375
313.1887512 16039.447265625
314.1696472 15484.228515625
339.1693115 11136.9375
346.1817932 90669.828125
361.1513367 13553.669921875
370.1722107 51431.98828125
379.162262 24957.888671875
380.1568909 20149.74609375
382.2102661 18215.720703125
394.2819824 10959.353515625
397.1856079 16043.5751953125
398.1703186 18833.392578125
400.2219849 19989.65625
404.1980591 17590.232421875
405.175293 19622.720703125
425.1941223 11376.185546875
432.1914063 14824.708984375
434.2044067 13784.0341796875
450.1989746 50286.23828125
451.1929321 12238.134765625
461.223053 14652.5869140625
483.2562866 26409.791015625
508.2248535 15504.73828125
509.2468262 105338.375
510.25 19228.88671875
511.2536621 20364.9140625
512.2451782 21612.275390625
518.2597656 13274.2001953125
532.2577515 17777.068359375
552.2474976 18328.9375
553.2502441 21347.302734375
562.2223511 13621.0244140625
569.2683716 18913.556640625
579.2598877 20318.853515625
580.2530518 15469.1279296875
597.274292 62569.95703125
598.2779541 17863.27734375
646.3201904 17499.46484375
647.3264771 13318.5693359375
656.289978 14801.8857421875
664.3302002 16557.375
665.3284302 23419.42578125
672.3132324 166315.796875
673.3163452 49074.5625
726.3105469 17406.080078125
785.3939819 63404.12109375
786.3973999 25006.97265625
839.4181519 21210.0546875
856.4296265 44932.359375
866.4202881 15862.197265625
970.4752197 45541.3359375
971.4648438 20334.939453125
1057.505737 27534.025390625
1058.514893 18870.494140625
1069.509766 18844.9375
1109.577881 56221.35546875
1110.573853 24227.677734375
1111.633911 24827.5078125
1112.515259 21392.45703125
1136.567749 16133.8466796875
1137.539795 49339.375
1138.540283 25455.30859375
1154.301392 22573.111328125
1154.560181 690399.125
1155.56189 468556.0625
1156.567261 118550.203125
1251.577271 49287.19921875
1252.578369 20422.08203125
1268.604736 326147.25
1269.606079 266144.03125
1270.603394 71789.6875
1298.667603 44904.44921875
1299.678467 22524.853515625
1364.657593 19985.38671875
1381.695679 227357.28125
1382.694702 169992.703125
1383.687866 60724.39453125
1425.667847 36453.9375
1492.726074 47948.81640625
1493.719482 62289.96484375
1494.713379 22455.6328125
1510.730469 280647.375
1511.734619 297369.40625
1512.734375 107522.921875
1513.734497 17645.158203125
1546.865967 17278.0390625
1623.825439 157412.890625
1624.827515 125286.6640625
1625.81311 78702.1953125
1694.835327 68411.5546875
1695.856689 95025.7578125
1696.835449 24721.02734375
