2073.04336866443 2
164.4100342 6434.6586914063
164.4506378 5500.5756835938
172.5677795 6896.7875976563
175.1188965 45567.8125
181.0605011 6872.0698242188
183.1493683 17479.9453125
198.5536041 6468.1484375
200.1389313 8960.4140625
207.0767212 6868.4233398438
209.0549774 7840.603515625
211.1439667 16443.482421875
226.0826416 64729.7109375
228.1343384 7876.953125
243.1090088 276738.8125
244.1110229 31935.4375
244.6212006 6600.4052734375
246.1267395 11204.7060546875
255.916687 7144.3041992188
302.1024475 12567.9990234375
324.1697388 10065.4541015625
325.1507874 33887.44921875
342.1769714 241165.5625
342.2165527 11990.9189453125
343.1808472 41344.2890625
345.9327393 7761.8603515625
353.3681335 7570.73828125
413.2026367 12086.9970703125
416.2627258 61607.09765625
436.5773621 8376.3515625
451.1474915 8273.2900390625
459.7472534 8304.9130859375
460.3529968 8250.4892578125
471.29776 8646.486328125
517.6131592 10704.8486328125
741.4210815 9649.8173828125
790.4020996 12422.072265625
801.380188 12964.9658203125
891.4553833 16169.0
992.5020142 58326.3828125
993.4971313 54822.296875
995.5647583 11235.8017578125
1036.561646 12331.525390625
1037.582275 210203.296875
1038.588501 85106.1640625
1107.533447 17006.6875
1206.588745 55189.2890625
1207.603516 45344.83203125
1318.729492 11890.4130859375
1322.622437 15435.974609375
1340.664063 12856.37109375
1408.661499 59915.15625
1409.658813 33648.46484375
1522.729736 13371.7783203125
1600.77417 16170.607421875
1601.770386 13743.8154296875
1618.798096 243036.0625
1619.796509 232724.71875
1620.791504 92545.8359375
1621.790283 34927.578125
1731.871094 15937.3408203125
1732.861206 30041.685546875
1757.333618 12778.25
