958.494837561102 2
68.68203735 31806.107421875
70.06574249 43727.71484375
72.08152771 383483.90625
84.0812149 66217.1953125
86.09705353 674617.375
87.10037994 51956.1953125
110.0716782 78910.0625
120.0810013 146716.421875
129.1024323 144873.484375
131.1183624 47834.96484375
136.0759735 240924.25
143.6484833 33580.9140625
147.1131439 55324.6796875
158.0930939 35848.74609375
175.1187897 130526.0859375
177.9830017 31789.83203125
185.1647491 308779.8125
211.8925171 36758.1328125
213.1598206 70202.9375
215.1385651 39926.9375
290.2296448 40423.9609375
297.1191101 40066.78515625
303.1784363 167413.15625
328.962677 41957.20703125
423.7090759 38645.69921875
432.2201233 42700.16796875
463.2987061 32223.326171875
600.2824707 42444.86328125
602.7236328 37931.9453125
602.8283081 38413.078125
617.2955933 166557.734375
746.3366089 196934.953125
747.3432007 124209.46875
