980.46893726326 2
70.02951813 255376.515625
70.06603241 1066209.0
72.08159637 1420193.5
84.04515076 439090.59375
84.08152008 1130311.125
86.09726715 2555168.75
86.46895599 190517.109375
87.05609131 1572679.875
88.03982544 1775754.0
89.89946747 201616.25
100.0766449 477514.15625
101.0718002 262586.1875
102.0557556 1680194.0
102.746727 196958.734375
120.0811844 3757617.0
121.084465 240841.953125
124.0754242 197644.9375
129.1026764 1360542.0
130.0858612 209309.0
136.0763092 465510.9375
143.1176453 848983.1875
144.594162 206589.40625
145.098053 411915.6875
147.1128845 875822.4375
155.0820618 415079.8125
157.0606842 387707.8125
159.0767975 233599.84375
171.0764465 219302.796875
171.1134338 922327.625
175.1192322 392725.09375
177.1022339 1659453.625
181.0954285 250376.46875
185.0565338 340279.0
185.1654205 278437.6875
199.0711517 386817.4375
205.0982361 198934.96875
216.0985718 1294053.625
226.0843048 300334.46875
226.1186371 499222.34375
228.134964 370931.03125
234.1449127 2123559.75
244.0928345 384124.96875
246.1575317 335617.59375
261.0900574 332294.96875
262.1180115 962352.4375
278.6071777 248981.09375
345.1770935 910162.5625
359.232605 238371.15625
363.1859131 427803.8125
373.1498718 233923.875
476.2687378 382163.90625
487.3028564 293141.65625
537.3408203 352620.09375
590.3169556 339364.5625
637.335144 235884.78125
737.3793945 327325.53125
774.4085083 387411.9375
