15038
2
857.524578
# +15.9949|* +79.9663|
C=160.030649
857.52031	0.0000	23.54	0.523	4	12	K.LNTLLQR.A	F
857.52031	0.5195	11.31	-0.699	4	12	K.LQSLIQR.G	R
857.52031	0.5195	11.31	-0.699	4	12	K.LQSLQLR.A	R
857.52032	0.5680	10.17	-0.813	3	14	K.GAVITQIR.L	F
857.52031	0.5692	10.14	-0.813	3	14	K.IAVSAIQR.E	F
857.52031	0.5692	10.14	-0.813	3	12	K.ILQSIQR.G	F
857.52031	0.5692	10.14	-0.813	3	12	R.ITLNLQR.R	R
857.52029	0.5692	10.14	-0.813	3	12	R.LKEAQLR.N	F
857.52031	0.5692	10.14	-0.813	3	12	K.LLSQLQR.F	F
857.52032	0.5692	10.14	-0.813	3	12	K.LQVTLQR.K	R
