1756.93463480294 2
121.9614487 11279.3525390625
122.1646347 9674.0166015625
129.102005 87414.859375
130.0859833 24982.158203125
136.0758972 30078.04296875
141.2751923 13078.587890625
147.1122437 73398.5234375
159.1124878 38003.8984375
172.0714722 16574.423828125
173.1279297 12071.8056640625
175.1181641 31349.087890625
182.6381836 15530.6318359375
183.1128998 74022.546875
184.0722961 38873.921875
185.0564575 20492.28125
187.107605 82357.078125
199.1805573 296949.46875
200.1384888 17141.609375
200.1838684 25933.818359375
201.0872955 35385.1796875
201.1233521 43222.578125
212.1034088 14013.0517578125
213.1591644 25761.771484375
217.0821991 16291.38671875
227.175827 136693.15625
228.1365509 15972.35546875
229.118576 24837.078125
230.0766144 18106.98046875
240.1334839 18249.44140625
242.1867371 20363.3046875
243.1342163 21681.1484375
260.1974182 134341.375
276.0651245 18362.439453125
279.1715393 21990.642578125
282.181427 20530.53515625
283.1404114 117617.3671875
287.1725159 17285.431640625
296.1957703 21885.88671875
298.1405945 33074.84765625
300.1921692 25138.802734375
301.1507263 141048.3125
312.1545715 17057.2734375
330.1321411 25387.962890625
342.2047424 20137.3671875
344.1494751 19697.185546875
352.1621704 36855.25390625
355.1985474 70931.4140625
370.1729736 220013.78125
373.1882629 22607.80859375
384.1186523 22614.98046875
388.1821289 35148.7578125
389.1481934 26615.1015625
402.1233521 21047.625
414.2362671 71569.9140625
424.2177734 24030.541015625
441.2502747 30927.876953125
443.2134705 24581.18359375
451.2316589 111708.1953125
452.2218323 27771.84375
459.2587891 28796.603515625
460.2587585 19308.275390625
460.3128662 126063.0546875
461.316864 33985.48046875
469.2447815 140368.609375
470.24646 20766.548828125
483.2579041 37709.28515625
487.2495728 33893.71484375
499.144989 24188.78515625
512.2348022 94630.4296875
573.399292 37159.9375
574.4002686 27635.783203125
582.3284912 35698.36328125
595.2051392 33091.546875
625.3244629 41657.125
629.2572632 32877.83984375
680.2938843 21489.791015625
697.2971191 20108.423828125
702.4424438 103081.0859375
725.3120728 41398.84375
831.4859619 93789.6484375
879.4313965 106480.8671875
902.5206299 280530.0625
903.5142822 129084.46875
1015.607361 103659.8984375
1056.619019 161144.796875
1057.630737 104597.0234375
1127.659668 31196.080078125
1187.658447 39083.16015625
1198.702515 24801.984375
1269.722778 36776.7734375
1300.705322 38359.87109375
1513.718018 25145.935546875
1530.74585 61934.109375
1531.767822 69686.484375
