1973.95275203103 2
136.0756531 65129.56640625
147.1128693 26372.64453125
147.123291 4907.0805664063
153.0658112 5873.630859375
154.0646515 5138.4853515625
159.0917053 140670.984375
167.0816956 5582.2397460938
170.0608063 8679.4765625
171.0754852 9662.8017578125
173.1287537 15959.3017578125
175.1188202 47278.5703125
181.0602722 41965.87109375
183.149292 14742.0048828125
185.1292267 7684.5205078125
186.1234283 10449.517578125
187.0712585 11857.5126953125
187.0863953 15238.8779296875
195.0756989 8230.99609375
198.0859222 7962.8461914063
199.0710449 30155.74609375
199.1067505 7441.3950195313
201.1237793 13596.810546875
203.1027985 8237.234375
204.134613 91108.7265625
205.1377258 7797.6518554688
205.7906189 6679.6577148438
207.1123505 7808.236328125
211.1440735 64474.8359375
213.0866547 39206.94140625
216.0788269 9423.4599609375
216.0978851 150580.109375
217.1008148 9891.5
221.0914001 10922.7734375
226.1181793 36734.73828125
227.1012878 6359.0629882813
228.1335602 6602.78515625
231.0970001 16396.91796875
233.1275177 9619.2412109375
237.1225739 7132.0361328125
241.0811768 18694.30859375
244.129425 9130.7822265625
254.1146393 7123.2412109375
258.1090393 9983.2392578125
258.1445618 10434.001953125
262.0865784 10377.2412109375
264.0171509 7190.5698242188
282.1063232 9828.4677734375
283.1426697 7473.568359375
292.129303 11635.3388671875
296.1235962 8727.76171875
300.1175842 8181.2153320313
301.1229248 8194.4384765625
301.1509399 71239.2890625
302.1542053 9022.705078125
310.10495 9958.431640625
311.1389465 7723.814453125
317.2184753 84436.984375
318.2220764 8373.36328125
324.1195374 33007.94921875
324.2287292 80454.71875
325.231842 9190.42578125
328.1146545 10453.49609375
342.1298828 44243.3203125
345.1418457 48864.74609375
355.1046143 9601.5791015625
356.1248474 7214.05859375
358.7140503 6794.0795898438
373.1526794 11947.646484375
375.1990051 39019.37109375
376.2006226 9528.4775390625
403.2026978 7969.4233398438
411.1500549 8105.5659179688
425.1540527 11574.736328125
425.2764587 13064.3193359375
428.1795959 29190.671875
429.1660767 13457.40625
430.3036804 59799.03515625
431.3080139 13086.361328125
437.3123169 8837.7724609375
446.1872559 14771.3095703125
453.1634521 9406.0966796875
464.212677 14562.2685546875
470.1969604 8629.3056640625
471.1631775 7778.46484375
494.3012085 10422.65625
512.3100586 10171.1611328125
530.2141113 9945.6767578125
535.2536011 17204.30859375
539.2091675 10191.8759765625
608.2513428 9171.720703125
622.4341431 9548.86328125
640.4404907 142061.875
641.4451294 53804.546875
652.2716675 30084.8125
658.3150635 50706.7265625
659.321228 28491.087890625
741.480957 27080.59375
828.526062 58864.75
829.5247803 15373.3564453125
848.3931274 109945.328125
849.3894653 84704.7890625
850.3939209 46258.61328125
852.4154053 12386.68359375
872.7414551 9120.41796875
907.4100342 9992.5732421875
913.3289185 8933.37890625
949.4404297 17702.912109375
950.4489746 16155.9638671875
975.5991211 53253.84375
976.5852661 13859.2509765625
1061.48999 13184.6298828125
1095.562378 10971.2099609375
1110.577637 13408.0439453125
1112.498901 35309.3046875
1113.506836 42458.86328125
1114.504272 15096.9404296875
1125.089722 11010.52734375
1138.6427 34057.453125
1139.6604 16360.0517578125
1175.538574 39469.5859375
1176.544922 32773.46875
1177.534546 11312.66015625
1227.567139 12663.9345703125
1228.536011 39189.91015625
1229.537964 13473.9013671875
1239.697998 30903.51171875
1275.611938 33826.93359375
1276.610352 12225.650390625
1328.576538 15006.216796875
1329.592529 39687.91796875
1330.581177 26326.8515625
1399.717285 29793.96875
1400.741943 16306.541015625
1401.735352 12520.720703125
1438.69751 11611.4921875
1441.625366 10249.9482421875
1458.660156 13372.6318359375
1459.627319 32649.8203125
1509.708496 10599.8271484375
1629.829102 10792.333984375
1630.829712 10773.2978515625
1643.667847 18215.76171875
1644.694092 42380.07421875
1645.712402 32767.68359375
