18414
2
857.5450760000001
# +15.9949|* +79.9663|
C=160.030649
857.54545	0.0000	31.54	1.638	7	14	R.LGNSLLLK.Y	F
857.54545	0.8348	5.21	-1.0	4	14	R.IANVSILK.Q	F
857.54544	0.8348	5.21	-1.0	4	12	K.LKNELLK.Y	F
857.54545	0.8348	5.21	-1.0	4	14	K.LLGNSLLK.L	F
857.54545	0.8348	5.21	-1.0	4	14	K.LLSNGLLK.A	R
857.54547	0.8348	5.21	-1.0	4	14	R.LVQGSILK.K	F
857.54545	0.8805	3.77	-1.146	4	14	K.GKGELLLK.G	F
857.54544	0.8805	3.77	-1.146	4	12	K.NEKLLLK.Q	R
857.54545	0.8916	3.42	-1.176	3	12	R.LTELLLR.T	F
857.54545	0.9039	3.03	-1.23	3	12	K.TLLELLR.G	R
