1702.71621372535 2
129.0661163 5173.4702148438
133.042511 8727.369140625
136.0757751 17071.24609375
139.0494537 5366.7192382813
139.0729065 4126.3022460938
155.0815277 5786.3344726563
157.0602264 5729.0517578125
158.0918579 9111.908203125
159.1128235 6609.5874023438
160.0435486 6177.380859375
170.1177521 5327.83203125
175.1198425 49393.87109375
180.9425507 4995.7895507813
181.0609589 10421.0419921875
187.1079559 12254.11328125
197.1282654 31872.638671875
198.0870667 13991.2890625
200.9996338 5612.4965820313
213.032074 5847.9262695313
215.1393127 168811.75
216.1430359 7061.5263671875
220.074585 8285.7314453125
225.1228485 31453.38671875
243.1339722 139277.234375
246.1559906 31380.134765625
248.0704956 31401.052734375
251.0521851 6558.2895507813
262.1404419 7223.1420898438
296.1982727 6407.9404296875
324.1904602 28057.4609375
335.1007996 7383.5239257813
362.1143188 15259.9873046875
374.2146912 30981.876953125
411.2251892 11708.884765625
520.2557983 8684.6328125
537.277832 122549.125
538.2827759 17014.29296875
540.234314 9122.0234375
605.3431396 32280.478515625
652.3067627 37814.515625
693.8934937 10320.0439453125
753.3543701 54312.0
754.3623047 8626.869140625
850.4532471 10525.318359375
851.4101563 42849.38671875
852.4614868 112910.0625
887.3744507 9326.0732421875
906.1188965 8098.5400390625
913.3770752 52437.01953125
914.3844604 25928.521484375
968.4310303 9871.033203125
1027.421875 69837.890625
1028.43457 15892.537109375
1065.490234 17469.87890625
1097.444946 13092.3115234375
1114.463257 141428.828125
1115.45459 58453.890625
1116.462769 27212.68359375
1257.472656 11882.2421875
1274.480591 64945.33203125
1275.488037 36613.734375
1344.523315 16928.83984375
1361.525879 153195.96875
1362.526489 101856.3125
1363.527222 49997.7109375
1460.604614 30758.275390625
1461.588745 12791.294921875
1578.395264 9796.126953125
