1511.84351459917 2
110.0718842 97565.3046875
115.0876846 20229.74609375
120.0810089 132750.390625
120.0876617 9263.3037109375
129.1027832 108268.9375
130.0867157 16606.697265625
133.4636993 10353.6025390625
136.0759735 28162.205078125
141.1025238 13146.4599609375
143.1172791 15703.2734375
147.1129608 63499.29296875
165.1035461 13531.23046875
169.1334076 20426.896484375
171.0769043 25183.96875
173.1288147 46504.1328125
175.1191711 71367.171875
178.0001373 15989.8759765625
181.0976257 17718.376953125
183.15065 17570.435546875
184.153717 14082.125
185.1654053 112990.375
186.1689148 13224.7958984375
197.1295624 22189.783203125
198.1241913 14367.380859375
199.0715332 12937.7373046875
199.1084747 80030.1640625
200.1035767 53305.92578125
200.1399231 16038.9091796875
201.1235352 54676.84765625
203.1036224 51741.2734375
211.1101685 16821.9140625
211.1443634 20623.861328125
212.1022797 18267.263671875
213.160202 108394.1484375
215.139328 80691.1015625
216.0984802 18434.029296875
219.0799103 84572.5859375
222.9625549 11941.591796875
226.1186066 130412.296875
227.1029663 111580.2421875
227.1224213 18339.974609375
228.1354828 18009.69140625
229.0977173 16380.8798828125
229.1191711 20369.076171875
231.0979614 51171.98828125
240.1360474 13053.3173828125
242.1494141 17482.572265625
243.1344299 19865.669921875
247.0758057 145406.171875
254.1513214 13044.2705078125
255.1466675 28903.3671875
261.156311 22401.771484375
269.1265869 11097.4736328125
272.208374 12124.6767578125
288.2016907 13052.1103515625
298.139801 13658.7041015625
299.1712036 27932.158203125
314.2077942 13739.83203125
315.1704407 15092.083984375
315.202301 87552.6796875
318.1135864 23412.021484375
325.1871338 49625.6328125
328.1506348 26749.1484375
335.1368408 19104.25
340.186676 22281.775390625
374.2393799 28889.078125
375.1627197 12921.431640625
382.7063599 13722.2958984375
386.2403259 50457.8046875
416.2985535 66898.1640625
446.1676025 22904.748046875
457.1910706 42459.1484375
484.2138672 14588.20703125
486.2800293 12365.7451171875
504.2404785 14373.439453125
531.3273315 17532.166015625
583.3189697 14957.5732421875
599.8261108 94411.90625
600.3321533 186475.75
601.324585 19892.787109375
602.3554688 21156.857421875
623.3031006 17820.65625
641.3140259 24756.9453125
641.8392944 20872.75390625
650.3494873 15643.509765625
713.4243774 78354.0390625
714.4284058 16612.328125
716.4348145 16023.75390625
739.4068604 26002.14453125
756.43927 171719.453125
757.4498291 156925.578125
763.3770752 15065.6455078125
843.4832764 20082.74609375
844.5014648 16225.5791015625
900.505188 72033.6953125
901.5144653 21838.5234375
923.4055786 17056.4609375
939.4522095 13675.9716796875
955.5116577 124307.34375
972.543396 54227.5625
973.5221558 17286.224609375
1088.582031 69700.6640625
1089.595093 44471.90625
1101.591553 18869.15234375
1149.57312 15720.2080078125
1187.643921 24558.486328125
1198.648193 101224.8984375
1199.616455 66351.5390625
1200.577515 17269.783203125
1201.547485 17604.310546875
1315.701538 16010.41796875
