1356.57002349172 3
102.0556107 158999.078125
104.9831161 40673.296875
129.1022949 293428.34375
130.0869904 44288.17578125
136.0756683 1891157.25
137.0792236 183083.390625
140.0703888 155721.3125
147.1136322 72071.296875
158.0808716 53956.671875
173.0556335 54858.5703125
175.1190948 398033.6875
181.0623627 63319.14453125
187.1442719 86745.0703125
199.0721436 79951.5703125
199.1087494 43467.3515625
210.0258026 239036.3125
226.0217438 46804.59765625
227.065506 85972.859375
227.1008911 53774.1328125
249.1593323 229141.71875
252.0419006 40885.83984375
265.117157 307447.4375
286.188385 46147.3984375
336.6912842 99673.890625
368.6983948 44317.265625
375.3859253 46601.1015625
418.6825867 67330.3046875
434.2544861 194706.546875
476.1967163 62322.21484375
505.4850769 59698.015625
549.2814331 216181.328125
593.1473999 54833.62109375
664.3068237 203890.78125
671.3759766 64399.7109375
672.375 76240.640625
680.3363647 89288.46875
791.3638306 64322.921875
836.3460083 280771.65625
892.4613647 51009.7734375
951.385376 147901.59375
952.3736572 85870.3828125
