845.416924 2
61.01132965 115618.984375
67.64041901 25629.7109375
70.06576538 322421.625
72.08133698 99302.6328125
84.04492188 105220.8359375
84.08139801 241183.203125
86.09672546 196977.859375
92.02816772 36246.5625
101.0712509 98988.171875
102.0549545 36192.4375
104.0531082 1021255.3125
105.0562973 35537.4140625
110.0714874 98549.0546875
115.086525 61510.8359375
115.2295227 23973.17578125
120.0808182 61470.890625
129.1020355 312752.84375
130.086319 113229.3203125
147.1123199 147443.796875
149.0739899 302322.03125
183.1130676 28450.19140625
201.1239319 33843.78515625
212.563736 26669.58203125
226.1183472 298573.65625
239.150528 31721.65625
243.0798492 44632.9609375
244.1305237 29689.14453125
260.1051636 183732.15625
337.18573 119009.6953125
370.21875 27199.287109375
372.2234192 640738.0625
373.2267151 108344.7265625
487.2490845 27578.494140625
586.3200684 110174.5234375
714.3851318 25776.193359375
