1553.77266556848 2
110.0713196 3674.265625
115.0863342 2222.8596191406
120.0727997 3336.0095214844
120.0811005 77585.2890625
121.0841904 6082.3232421875
122.0597992 1942.5614013672
123.079567 2095.1518554688
126.0913849 2030.5667724609
127.0867691 2561.5620117188
128.6828918 1509.7847900391
129.0658875 3084.9399414063
129.1025085 34136.59765625
130.0655975 1658.3767089844
130.0858917 14051.353515625
130.1058044 2051.4523925781
133.0423431 3402.1928710938
136.0757904 27384.96484375
137.0786438 1941.6944580078
143.117691 13600.3388671875
144.5424042 1720.4287109375
145.0966644 6236.7114257813
147.1128235 29235.595703125
148.1159973 2761.4479980469
155.0820923 2575.0185546875
155.1174622 2203.4643554688
157.0969543 6445.8256835938
157.8874512 1785.8560791016
158.0923462 6099.802734375
159.0767975 3368.6672363281
159.0913849 12105.130859375
161.7789764 1798.5621337891
167.0818329 20490.646484375
169.0973206 3176.0466308594
169.134613 3317.4245605469
171.0761871 5858.77734375
171.1126709 44704.7109375
172.1164856 4859.423828125
173.0920258 10917.0859375
173.1282806 16405.67578125
175.086731 4148.2866210938
175.1193237 26888.9375
177.1018372 11397.2724609375
178.0646362 5526.6220703125
178.1051025 2213.0270996094
181.0972595 22990.146484375
182.1000824 2269.4084472656
183.1126251 16640.2734375
183.1491699 10143.0556640625
185.0791931 2411.134765625
185.092392 34762.03125
185.1279602 4255.9155273438
185.164856 5717.9877929688
186.087616 17108.548828125
186.1236725 19255.736328125
187.0712128 11098.2470703125
187.1439056 15361.8447265625
190.8738251 1948.7592773438
191.0819855 2662.9616699219
195.0765991 5545.7231445313
197.1286926 19899.62109375
198.0882721 2553.8955078125
199.0710297 3818.59765625
199.1074982 28812.0625
200.1392059 4141.3334960938
201.1078491 2504.1215820313
201.1234436 27971.81640625
202.1265259 3549.4113769531
204.1079559 2297.9086914063
211.1437073 2392.7624511719
212.1026611 11290.490234375
213.0872498 10326.216796875
213.1593475 12555.75390625
214.1184998 12646.6923828125
215.0852509 2693.8620605469
215.1199341 2502.8276367188
215.1390991 13420.1572265625
217.0641479 4386.3955078125
217.0988159 2792.3032226563
217.1342773 3233.3781738281
218.150528 4942.8012695313
219.0797119 5435.5043945313
223.1076355 4037.8774414063
225.1242371 3826.4423828125
226.082901 2805.5920410156
226.118103 2109.8347167969
227.1024475 3937.4006347656
228.1351013 6019.6372070313
229.1173248 4933.984375
230.114624 3504.3493652344
233.0954132 16406.126953125
233.1626129 3231.6108398438
240.1345062 10438.64453125
242.1500092 10960.697265625
243.0805511 27102.6484375
243.1019135 2813.818359375
243.1343079 12037.97265625
244.0910645 4100.849609375
244.1656036 16727.8984375
245.1278534 3078.6899414063
246.0911407 3496.3122558594
246.1571198 4479.4140625
247.1418152 2800.5158691406
251.1003571 2887.1923828125
251.1226807 3868.541015625
254.1499786 2951.6618652344
257.1612854 3203.9436035156
258.1079407 5290.9858398438
258.1453247 5677.1743164063
259.1110535 2526.9301757813
260.1980896 5993.4291992188
261.091156 5190.0678710938
261.1599121 4638.150390625
262.1192932 2988.3452148438
266.1505737 12117.5341796875
270.1815796 4513.5795898438
272.068634 2644.474609375
272.1598206 4228.7651367188
279.1175842 4130.0078125
280.1641541 2933.4401855469
282.1438599 3017.6723632813
283.1449585 2723.7043457031
284.162384 6379.0751953125
284.1967163 5031.0869140625
285.1580811 18275.240234375
287.1416321 2692.9914550781
289.096405 10324.255859375
292.1654053 2697.3757324219
294.1453552 2791.0385742188
294.1822205 5633.751953125
295.1470032 2415.9448242188
296.1623535 2623.0495605469
296.1963806 10769.521484375
298.1763306 11378.927734375
298.5960083 2902.1909179688
299.1723938 3179.328125
300.1011353 15242.857421875
300.1548157 53199.1796875
301.1585083 17577.85546875
302.1607666 2645.8029785156
304.1663513 10469.2978515625
310.1770325 32720.892578125
311.1790466 13836.083984375
312.1557617 17033.337890625
313.1547241 3142.9577636719
313.188324 4676.5263671875
315.1459351 4941.9296875
315.2060242 2924.6472167969
316.1619873 3116.2082519531
318.1122742 15811.482421875
325.1543579 2799.6311035156
325.1878662 10918.1376953125
325.2238464 3783.6730957031
329.1846008 3236.2270507813
330.1670837 5276.0092773438
331.1721191 4456.046875
333.1887207 15944.69140625
343.1619568 4742.2177734375
344.2001648 3721.8444824219
346.177002 2934.3356933594
353.2170715 3947.9975585938
356.1636658 4509.2392578125
357.1762085 5038.3759765625
361.1876831 3744.7404785156
368.2376709 2891.1108398438
369.1743469 4537.6577148438
369.2155151 5755.4814453125
370.2089233 2621.1408691406
371.1916199 11833.021484375
374.2412415 4778.671875
375.2398071 3538.9016113281
379.2354126 3231.1713867188
383.1961365 4450.3681640625
384.1972961 3136.2265625
385.1910095 14202.7158203125
388.16745 3302.4243164063
390.2124023 3642.5505371094
395.2314148 3262.0869140625
399.2258911 10420.40234375
400.2284241 5203.2065429688
403.203125 4301.0288085938
412.2570801 4153.3569335938
413.1860657 3299.9145507813
413.2422485 10872.66015625
414.2416992 4915.4555664063
416.1973877 3489.0305175781
418.2108459 5708.673828125
419.2259827 3229.7021484375
421.2085266 11978.6455078125
422.2064209 3619.7114257813
427.197113 5633.0610351563
439.2217712 11207.986328125
440.2211609 12619.33203125
453.2401733 2876.681640625
455.1872253 3463.9978027344
459.2139893 4736.212890625
463.2399292 3762.3107910156
472.2233276 3084.2275390625
487.2306519 3115.3376464844
496.2484436 29136.29296875
497.2664185 4980.552734375
500.2167664 12036.3740234375
512.3130493 5020.810546875
513.3105469 2944.8193359375
515.2709961 3262.775390625
517.2793579 2932.822265625
533.3046265 3641.0830078125
538.2920532 10992.162109375
539.2922363 3605.4211425781
556.3178101 2942.8564453125
562.8286133 3534.4924316406
565.3067627 3320.400390625
609.3378296 25381.18359375
610.3408203 12313.419921875
615.3312988 3250.7478027344
639.3380127 6370.4838867188
640.3410034 13535.4619140625
641.342041 3265.2224121094
659.2804565 3157.140625
678.3815918 5745.265625
679.3851318 2924.9182128906
680.3884888 4626.8798828125
712.3218384 3620.3557128906
733.4598999 5678.94140625
759.4450684 3516.2023925781
760.4138184 3758.0705566406
761.4130859 4216.548828125
768.3805542 11050.775390625
768.5028687 4380.9682617188
769.3795776 13568.0087890625
770.3740845 9724.7919921875
771.3885498 4176.9794921875
776.4645386 18077.6171875
777.4562378 23530.38671875
778.4533691 6173.115234375
795.413147 41398.37890625
796.4200439 20035.09375
801.4572754 10938.908203125
849.5203247 3298.7768554688
867.4538574 5714.5327148438
868.4597778 4569.044921875
869.4519653 3888.744140625
882.4425659 3862.8735351563
884.5446777 4079.4702148438
900.538147 4178.4873046875
903.4421387 3257.0324707031
906.4477539 10591.2958984375
907.4456177 5345.8403320313
923.4750366 39760.59375
924.4733887 29980.474609375
925.4736328 6195.8627929688
955.5762939 10969.927734375
981.4996338 4955.7504882813
982.5009155 10818.478515625
983.4882202 3428.1184082031
984.5054932 3593.5048828125
1036.567017 32207.220703125
1037.565552 19329.892578125
1038.560913 4136.7900390625
1047.589111 4865.7260742188
1068.659546 5526.8481445313
1123.590698 56991.51171875
1124.594971 32441.41015625
1125.607422 4471.3193359375
1165.549683 10344.662109375
1185.573486 5297.3491210938
1186.581055 11575.134765625
1187.599731 10822.873046875
1188.594604 4316.583984375
1189.547241 4030.4719238281
1207.613037 11165.05078125
1264.592163 4169.7255859375
1270.725098 5518.3955078125
1280.661865 3153.1987304688
1293.698486 14139.818359375
1294.700195 5822.4526367188
1506.901489 3906.8452148438
