1258.68893792967 2
87.05608368 724478.8125
87.10042572 718055.125
102.0555649 3622001.0
104.8992538 413906.8125
118.0866699 1634950.125
120.0686722 358313.125
129.1027222 2318336.25
145.5964661 461064.5625
159.0916138 442652.6875
178.7945709 374234.90625
187.1439362 520696.8125
197.1288757 380061.4375
215.1392365 656773.75
216.0990601 450204.0
226.08255 1886779.625
228.1341553 563178.25
231.170639 1662461.875
240.1345673 1995614.625
243.1341858 827552.125
244.0927277 2549617.0
251.0747681 401228.25
258.1447144 709659.9375
326.6287537 446590.53125
329.1817322 457162.28125
333.7661743 419440.5625
357.1748047 580884.5625
358.3396912 362300.84375
371.2312317 424558.5625
410.4985657 408210.5
482.2613525 637525.125
505.7640686 397309.4375
517.6047974 451586.6875
562.2744751 441241.90625
590.7944336 367318.25
654.3443604 883013.0625
672.357605 904148.4375
767.432373 613098.125
771.3848267 458304.125
785.4299316 592244.0625
899.4746094 784149.8125
900.4839478 710075.5625
950.4157104 466852.59375
1028.513306 659488.25
