2086.89424280467 3
145.3392944 7850.1396484375
147.1123657 48358.02734375
153.0767059 15435.1396484375
157.0966339 11816.8095703125
157.122818 14443.904296875
157.1337891 276428.21875
158.0922852 54421.59375
158.1371307 12693.1982421875
159.0910187 13494.0068359375
161.0737457 17031.2109375
166.0605774 9206.3359375
167.0928802 15486.0810546875
168.5930023 8357.7587890625
169.1335297 14397.953125
173.0921783 11842.0546875
173.1282959 21197.509765625
175.118927 133998.96875
179.0476379 9950.5185546875
181.0725861 14497.4384765625
183.1125946 14431.4130859375
184.07164 10596.0302734375
185.1153107 12181.4912109375
185.1287994 197537.984375
195.0882263 24309.9140625
197.1281433 19153.103515625
200.1395874 23226.0
201.1236725 25974.615234375
202.0836945 12991.228515625
215.1391144 14873.11328125
218.0594482 9425.607421875
222.0867615 19478.828125
226.1194305 20999.3515625
226.1547241 19189.76171875
228.1343384 46008.54296875
229.0953217 12835.630859375
233.1646271 20608.388671875
235.8263092 9443.2802734375
239.095871 10264.177734375
239.114563 168309.78125
242.1494293 20356.18359375
243.1100922 13095.6181640625
243.1330414 20828.455078125
244.1412354 25112.138671875
244.165741 129097.1953125
244.585144 10747.9326171875
246.1284485 16275.3115234375
247.1086273 22688.974609375
249.1234894 56363.65625
249.161087 9902.0556640625
250.2420349 9513.3212890625
252.1095428 20604.0859375
256.1650391 28059.564453125
257.1391602 14018.7236328125
261.1619263 16130.126953125
263.103302 16084.177734375
271.1053162 17361.875
272.0700989 17978.333984375
273.1345825 15243.650390625
274.1197205 14003.1806640625
275.1022644 12566.89453125
276.0657043 14126.919921875
276.1012878 49061.515625
277.1189575 48975.3203125
278.112915 81662.3515625
285.1350098 19194.9453125
288.2045593 13676.1494140625
289.0945129 17381.927734375
294.179657 15297.7265625
301.1285706 19571.890625
301.1920166 13481.962890625
304.1283264 11183.5791015625
318.1231689 99312.078125
322.1868286 21547.287109375
326.1182251 19444.73828125
331.1971741 151748.109375
332.1991882 21749.28515625
333.0881348 13599.1630859375
334.1395569 27078.9453125
335.1496277 219738.078125
336.1529846 21336.2578125
341.2203064 15648.6962890625
346.1755981 21818.634765625
353.1578979 58275.875
354.1651306 13758.4072265625
372.169342 14663.1904296875
379.1431274 16038.439453125
380.1363831 21130.83203125
384.1889954 16897.408203125
398.1475525 14439.466796875
404.1228638 18451.88671875
429.1557312 17603.28515625
440.1936646 27867.03515625
444.2825317 22515.970703125
447.1705627 13596.123046875
457.7061768 11969.9521484375
464.1947327 67791.5546875
491.2026978 19815.701171875
509.210907 61830.93359375
510.2059021 13228.4189453125
527.2214355 61064.7734375
538.3032227 43973.59375
544.3205566 17522.966796875
545.333374 126105.5
546.3328247 15438.607421875
551.1914063 16759.349609375
580.2641602 16633.904296875
585.2927856 23569.4296875
595.2305908 27277.859375
622.2998047 98406.484375
623.2885742 42344.5078125
635.2265625 18788.697265625
640.3030396 91578.1171875
641.3059692 14790.6865234375
652.2538452 538412.9375
653.2538452 139066.890625
654.2560425 58470.046875
658.4162598 68689.796875
675.3425903 20912.2421875
687.8621826 13833.1591796875
688.3588867 22637.40625
697.4398804 73377.78125
700.3257446 13006.0341796875
749.3964844 66756.03125
751.3322144 26014.08984375
752.3337402 50273.15234375
763.2866211 89039.203125
764.2802124 16147.4443359375
769.3474731 318686.71875
770.3515625 84986.9765625
771.3417358 19458.59375
774.3849487 23003.587890625
779.8220215 18211.703125
781.2965698 309690.0625
782.3008423 136212.296875
783.298584 65271.41796875
805.4821777 83341.1015625
851.4675293 17798.224609375
860.4276733 17904.513671875
861.4135742 42773.01953125
878.4336548 53576.2421875
884.4448853 16530.11328125
914.4020996 26112.71484375
915.3743286 16057.5712890625
920.5135498 101174.3359375
921.5184326 55716.3203125
928.3643188 491441.375
929.3704224 251953.9375
930.3588867 114359.40625
931.3742065 18126.419921875
932.414917 95904.8984375
933.4102173 50758.0859375
979.4837036 19579.08203125
1001.432617 20139.841796875
1029.439575 49781.2265625
1041.457031 61608.36328125
1043.469604 16253.2109375
1046.448486 181666.15625
1047.453247 104497.9375
1050.549561 19860.16796875
1051.498169 14360.2685546875
1053.523926 23789.37890625
1064.539429 54006.87890625
1065.52771 27779.99609375
1066.515991 15998.7998046875
1087.549194 15797.7265625
1137.551392 153001.421875
1138.560303 54632.109375
1155.50415 22166.376953125
1156.486572 18194.005859375
1159.538086 27542.142578125
1208.599609 129393.5390625
1209.616577 96738.0703125
1211.603027 56642.35546875
1212.612671 46425.98828125
