1287.69365658305 3
91.05473328 171652.71875
92.02843475 34273.08984375
98.98483276 24304.80859375
101.0714188 22599.640625
102.0553665 66836.0859375
104.0532074 18657.16015625
110.0717392 504082.5
111.075325 19296.95703125
112.0870209 19347.439453125
115.0871658 25480.244140625
116.0707245 31647.150390625
119.0497437 114490.4921875
120.0812912 275783.53125
121.0846786 22713.21484375
123.1174164 78294.65625
128.0708008 22140.01171875
129.1025085 467933.8125
130.0867004 182830.703125
130.1060944 25539.564453125
136.0760193 1411429.0
136.0861816 69746.1171875
137.0791931 136837.3125
140.5028381 18391.7578125
141.1025391 86393.265625
143.1183472 104205.0546875
147.112854 257899.390625
148.1167755 20621.84375
157.0975037 26871.37109375
157.133255 22752.126953125
158.0343781 16502.408203125
158.0920715 26688.712890625
159.0656738 34290.43359375
159.0924683 71694.8359375
159.1131744 35820.35546875
163.9231262 18411.560546875
164.0822906 33174.8671875
169.133255 25594.0234375
170.0598755 18247.955078125
171.1133118 31607.302734375
173.1289215 24272.673828125
175.0863953 25278.9609375
175.118988 223077.28125
178.1337128 17595.47265625
181.1091156 165231.828125
183.113205 74760.75
183.149765 30698.2578125
185.128891 25128.150390625
185.1653442 124181.2265625
201.1238556 291771.34375
202.128067 23410.595703125
204.1355743 87951.4453125
209.1034851 889345.5625
210.1073608 117505.828125
211.1088257 25559.970703125
213.1599274 25194.94140625
215.1403961 25407.19921875
216.1218109 528999.5
217.1352539 40850.21484375
229.1189575 76023.140625
231.0616608 80044.8515625
233.093338 39576.7734375
233.1646576 37817.05078125
234.1451416 462277.125
235.1473694 24795.7734375
243.1354675 29557.8515625
251.1032104 32396.705078125
251.1495667 23176.05078125
258.1442566 25451.9296875
260.1967468 23926.802734375
271.1777039 19300.49609375
276.1821594 25073.126953125
279.0974731 120302.578125
298.1396179 24153.814453125
302.1112671 18827.095703125
304.1770935 725625.9375
305.1800537 136906.109375
312.1560669 18658.2109375
315.1674194 26159.564453125
316.1487427 27393.0859375
322.1878662 779384.375
323.1899719 154913.21875
347.229187 192541.265625
348.2314148 35631.44921875
361.1988525 27882.2734375
372.1852722 23658.556640625
386.4674072 21275.728515625
394.1252441 335476.96875
395.1283875 25914.126953125
407.2768555 205900.078125
408.2810364 34622.796875
430.2374268 152285.484375
435.271637 658515.25
436.2747803 120203.65625
446.8965454 20523.728515625
462.2576294 129014.890625
479.2093506 29838.306640625
507.2054749 26219.271484375
508.2675476 37935.96484375
518.3123779 27749.494140625
548.3522949 83232.078125
549.3533936 21627.62890625
561.2937622 37309.578125
577.2819214 228829.625
578.2844849 76347.7578125
584.2687378 40476.87890625
591.6908569 21987.33984375
605.317688 98826.375
620.5848999 19585.205078125
632.3520508 29643.20703125
647.3521118 117828.828125
740.3452759 231707.46875
741.3456421 79506.484375
760.4348755 23771.17578125
867.8013916 18502.83203125
