1264.624724 2
90.91854095 8117.193359375
91.05499268 15124.1240234375
101.0715561 47795.55859375
102.0554504 211244.921875
103.0544586 18837.767578125
103.312851 9362.021484375
104.0534134 50803.328125
110.0718079 103778.8984375
112.0763016 9614.8291015625
115.0865555 11587.0693359375
119.0497818 11362.2568359375
120.0811081 607510.3125
121.0845566 50148.421875
127.0869751 39495.39453125
129.06604 38919.54296875
129.1024475 210187.84375
130.0501862 12209.3017578125
130.0658264 14894.2841796875
130.0862427 80897.28125
133.0432281 60571.5859375
136.0757141 223868.765625
137.0805206 10528.03515625
139.0500488 12445.2060546875
141.0660706 22102.43359375
141.1023407 22279.8125
142.0861359 12115.1669921875
143.081665 17806.701171875
143.118103 23608.443359375
147.112854 136577.0
147.3816376 10041.140625
155.0814362 19931.80078125
156.0769653 60231.734375
157.0973053 23192.4453125
157.1338806 63398.0859375
158.0926361 13166.3271484375
159.078598 18797.15234375
159.09198 68604.2421875
159.1132355 9670.2412109375
165.0705109 8824.478515625
167.0822296 9787.0234375
169.1335297 19926.23046875
170.118103 15749.7578125
173.1291199 49608.7265625
175.1195526 91552.28125
177.1022949 74473.3046875
182.1285095 10927.1240234375
183.1130981 67840.3828125
183.1493683 14182.5888671875
185.0922241 13060.3955078125
185.1293182 17624.98046875
185.1650696 56628.5390625
186.1245117 12731.697265625
187.1078796 131834.3125
187.143692 16675.52734375
191.1177521 22592.916015625
197.1285248 234101.390625
198.1306305 14013.638671875
199.1808777 65575.84375
200.1401978 45514.46875
201.12323 115269.5859375
204.1345825 16234.5556640625
205.0979614 68432.796875
207.1126556 22496.677734375
209.0920868 11434.67578125
211.1078949 15276.5869140625
213.1601563 46512.04296875
215.1039581 128078.7578125
215.139267 380195.90625
216.1013641 23067.083984375
216.1418152 33216.859375
219.1129303 39677.04296875
219.1485748 14168.93359375
225.1020508 21241.712890625
225.1229401 132672.203125
226.1184082 33268.5703125
227.1763763 57246.5546875
228.1341095 22165.501953125
229.1178741 73320.3984375
230.0803375 53087.81640625
233.1288452 14844.966796875
233.1649323 152073.65625
234.1461182 15563.501953125
234.1685333 10882.76953125
240.1343384 12624.23828125
241.081955 10698.6533203125
243.1336823 133963.25
244.133728 12727.7265625
245.0943604 12235.1748046875
246.1572876 12167.1318359375
248.1610718 10699.8955078125
249.1616211 13643.1259765625
253.0935822 46250.30859375
254.0953217 12599.5966796875
260.1946411 14508.0693359375
261.1270142 12289.1025390625
261.1577148 83556.3828125
275.0800171 11381.0537109375
276.1356812 10696.861328125
278.1132813 15172.9765625
312.1548157 14685.0263671875
313.1513672 89539.9140625
315.1667786 16836.388671875
317.1480408 16516.998046875
324.1906738 16721.6484375
326.1716309 53905.72265625
326.243866 16074.6328125
330.1781616 98869.703125
342.2030334 22647.60546875
354.1662903 96542.078125
362.1702271 23181.134765625
372.1762085 59762.19921875
377.1809387 10311.0859375
386.1496887 11777.6298828125
392.1947937 20075.509765625
395.6930542 11532.22265625
404.1641541 15060.0390625
406.1226807 15529.9482421875
421.1874084 62060.40234375
442.0274353 10939.015625
453.2339783 23280.6953125
456.2557678 43644.375
461.2154846 50723.12109375
462.2214966 13201.2041015625
504.2259521 55270.390625
568.2180786 41580.46875
574.2996216 52729.78125
606.2810669 13540.0517578125
617.3079834 17291.46484375
618.3044434 11474.990234375
681.3047485 65428.50390625
687.3884277 19921.3125
688.3799438 16048.515625
693.3300781 13351.6103515625
730.3884888 74681.546875
750.9750977 11949.53125
778.4005127 12872.3076171875
790.3760986 68906.59375
791.3762817 45184.1484375
794.3859863 52536.6015625
829.4653931 18836.755859375
893.449707 16915.9765625
955.4378052 39149.33203125
958.5053711 16596.9765625
987.4846802 12986.4658203125
1005.515991 16855.5
1006.532104 12816.18359375
1073.286743 13462.2373046875
