1880.0238919215 2
129.6081696 6112.0932617188
136.0750732 12600.1240234375
158.0716858 6230.3623046875
163.667572 7339.3388671875
175.1197205 8124.5063476563
197.1281891 13067.7314453125
213.0869141 7628.5610351563
226.1191101 12035.33203125
244.1273346 7555.8784179688
244.1660156 12022.5849609375
284.1612549 12003.3291015625
354.178009 40970.01171875
368.1945496 15382.796875
425.2164307 11615.4873046875
467.2615356 14061.6611328125
470.2362061 10659.0712890625
495.2586365 17547.748046875
538.3018799 31485.73046875
548.3033447 47533.375
565.3106689 12781.1103515625
566.300415 17819.033203125
567.6622314 8995.9267578125
569.2684937 13979.1357421875
583.3221436 12604.2998046875
638.2941895 10926.10546875
658.9122314 10055.2265625
659.3369751 10376.3505859375
883.4622803 11940.2099609375
884.4564209 13336.443359375
901.4725342 240037.03125
902.477417 79847.6640625
940.4675293 14941.185546875
941.4719849 16692.943359375
948.0618896 10658.4619140625
1101.595703 38108.74609375
1102.586914 19068.22265625
1297.704224 96436.5
1298.708374 49174.34765625
