1799.89806007646 2
136.0758514 947702.4375
169.1220551 76346.203125
169.1336212 1396895.875
170.1369324 82047.21875
175.1187897 510519.625
197.128418 628156.4375
207.1129761 1993924.75
208.1157837 190172.390625
211.1454163 101967.1015625
217.1910706 67703.90625
235.108017 1580698.375
244.0922699 158790.25
288.2030945 3449345.75
288.2341614 158998.875
289.2061462 473691.28125
297.156189 96923.6640625
303.1728516 97438.5234375
311.1719055 663588.8125
331.1270447 113314.3046875
348.1898499 95590.859375
371.1356506 81070.6171875
439.1159363 90059.7109375
440.2152405 534829.625
448.0708008 87125.328125
567.2503052 101472.2109375
575.3167725 371386.75
603.286438 101371.625
722.3832397 167608.015625
727.3546753 196235.9375
779.4032593 1001409.0
780.4105225 564917.6875
926.4839478 834153.4375
927.4779053 328180.46875
1013.511108 1447741.5
1014.506653 785143.6875
1015.518372 110821.609375
1142.554321 494614.3125
1143.555908 179339.78125
1184.971069 124411.109375
1239.566284 125186.15625
1256.592651 1547503.125
1257.588867 1027682.75
1258.598999 384558.34375
1355.66272 364075.53125
1356.656738 406469.9375
1435.677368 152104.796875
1452.705933 1900154.875
1453.039795 150866.71875
1453.714478 1219577.75
1454.722656 576761.625
