1048.44141083007 2
74.06088257 62455.19140625
83.0611496 15981.611328125
83.66468811 12719.3408203125
84.04521179 151337.09375
84.08144379 136321.9375
85.01133728 71262.4921875
86.09712219 329028.5
87.10070038 13742.5341796875
88.04010773 18649.962890625
91.05492401 87842.625
92.03139496 27241.0703125
101.0715103 57599.81640625
102.0557327 113943.3046875
110.0718384 93339.1953125
112.0872803 22424.275390625
116.0714111 15734.9189453125
117.0458755 11216.712890625
119.0495453 57502.00390625
120.081131 25716.81640625
129.0665436 13783.0078125
129.1026154 131504.15625
130.0866241 53796.375
131.1169739 15272.322265625
136.0759125 976915.8125
137.079361 57467.5390625
141.1025085 24428.6015625
147.1135101 24812.26171875
157.0973816 14842.3447265625
158.0928497 61438.2421875
159.0761414 16370.443359375
167.0816498 49691.55859375
167.0943451 15112.171875
168.0657959 14189.564453125
169.0971222 51900.0390625
173.1293488 20190.38671875
175.1191711 236467.890625
176.0199585 26007.158203125
185.0919495 47814.625
185.1651154 49350.66796875
192.1020813 279358.625
193.105896 25305.845703125
194.254776 11179.3662109375
195.0772858 24324.078125
199.0711517 14921.79296875
201.123642 26233.224609375
202.0863342 59710.20703125
203.1040649 13457.125
204.135437 12183.185546875
212.1026306 29005.1640625
213.0875702 18719.1484375
217.0827789 18592.830078125
229.1296539 28570.5703125
230.0806274 23527.091796875
231.098053 26183.30078125
233.0933685 14671.4306640625
237.1232452 162513.21875
238.1278839 14631.6640625
243.078949 11639.587890625
246.1562653 43061.3203125
247.1083832 82067.890625
251.1026306 18998.083984375
253.0942383 15072.5439453125
265.1188049 45692.1015625
385.3210754 12057.044921875
392.1900635 18827.65625
409.2200317 173223.109375
410.2239075 21690.666015625
524.2485962 50027.796875
572.2504883 17977.482421875
581.3643799 15688.638671875
638.2571411 20301.333984375
650.3513794 14829.7314453125
655.2857666 118684.2890625
656.2888184 46968.1796875
668.3766479 21020.09375
676.3516846 22809.57421875
720.3912964 17337.50390625
725.2796631 21141.720703125
784.3258057 132139.859375
785.3272095 77173.3671875
786.3282471 19829.90234375
838.3745728 26315.064453125
885.3719482 82843.6640625
886.3731689 51695.61328125
913.0736694 13951.115234375
