3525.71883282349 4
242.1498566 15773.4814453125
246.1812744 10878.482421875
247.5823059 10741.0146484375
255.146759 15874.9404296875
258.1454163 27902.228515625
275.1703491 17194.421875
283.1447144 44856.1953125
284.1448364 11248.658203125
291.5220337 10799.9423828125
303.3087769 10998.2236328125
311.1398926 17476.103515625
326.1730042 42670.71875
327.1309509 18105.55078125
341.1448975 12383.86328125
372.7441711 13122.419921875
409.2460632 23206.525390625
436.202179 12764.392578125
445.2537842 169771.21875
446.254364 25225.619140625
447.1890259 16715.232421875
496.282959 18419.431640625
497.2790527 14897.201171875
506.3140869 12475.6884765625
508.2764893 16897.966796875
527.2575684 13569.9853515625
560.2789307 79561.8984375
580.288208 12931.0927734375
598.2858887 18014.984375
636.3190918 17861.724609375
659.3478394 15400.0859375
664.4332886 12821.0546875
683.3033447 13928.3349609375
716.3735352 110957.59375
717.3689575 25387.669921875
725.4647217 50061.75390625
731.3883667 23126.365234375
732.3984375 21601.08984375
739.8969727 338003.78125
740.4002686 349724.15625
740.8969116 199040.34375
741.409668 20274.052734375
742.4096069 16675.3984375
751.3427734 16018.7265625
773.3897705 269002.5
774.3948975 127734.7890625
775.3935547 18859.408203125
840.491394 77199.8828125
848.3655396 18147.654296875
865.3984375 73999.796875
866.4265137 16765.958984375
881.475769 50933.4375
881.9421387 39180.97265625
882.4559937 60134.90625
883.5023804 441748.09375
886.4760742 58516.921875
887.4711914 27153.380859375
957.5158081 76102.015625
958.5131836 23129.087890625
962.4540405 15558.8994140625
993.4998779 82216.0078125
994.5247803 23679.447265625
1019.451233 85306.4296875
1020.473938 28059.48828125
1021.5 16268.181640625
1070.544189 135098.375
1071.552734 106372.0703125
1091.543335 21356.623046875
1106.586914 18612.490234375
1108.074097 25807.490234375
1108.576782 47066.125
1109.082642 63880.78515625
1109.584595 26021.10546875
1171.597534 47805.79296875
1172.601196 28278.056640625
1237.657227 16822.60546875
1285.635864 17905.248046875
1311.57019 64109.26171875
1321.132202 26421.9921875
1329.681885 22443.845703125
1330.67627 43159.0625
1381.717896 76873.6171875
1382.742432 48185.5859375
1383.738037 18991.224609375
1483.752319 107897.21875
1484.753174 95460.15625
1485.75415 26796.48828125
1620.809204 23027.3984375
1621.828369 20925.455078125
