1236.65377158364 2
86.09725952 9200.611328125
90.13057709 1515.4632568359
101.0718384 3683.1655273438
101.1080399 7363.4565429688
102.055748 3773.12890625
104.0539398 1794.3583984375
110.0715408 5703.958984375
110.4115829 1700.2495117188
116.0712814 1851.7940673828
120.2750854 1538.1258544922
129.0661926 6985.625
129.1026764 42800.9921875
130.6633148 1679.0155029297
147.1134644 4204.3203125
158.0928192 1672.7309570313
169.0981903 2708.0498046875
175.1196899 16073.17578125
183.1493378 2330.6486816406
187.1442719 2351.5078125
195.1134949 7301.1157226563
212.1404724 2962.0163574219
222.3722229 1795.5604248047
240.1349335 9593.560546875
244.1663513 10068.052734375
258.1453857 2582.1291503906
260.1080933 1923.2559814453
265.6922302 1861.6459960938
275.0818787 6624.9736328125
331.2090149 2886.408203125
346.1548462 1798.3555908203
360.7131348 2116.6101074219
368.2305298 2043.0837402344
385.2562256 9316.470703125
500.2184448 2908.3674316406
533.2670898 1742.3134765625
578.2732544 1943.8338623047
617.3571167 1760.6298828125
618.2947388 9205.8310546875
618.8342285 13710.4150390625
619.3287354 13081.5419921875
659.3835449 3266.1518554688
720.4187622 42043.85546875
721.4217529 15203.5771484375
737.9164429 1903.0755615234
772.4724731 3291.9606933594
835.3710938 2817.9111328125
848.4766846 2468.9372558594
860.6849976 2160.26171875
861.3985596 2888.6875
862.4076538 2858.4770507813
962.4585571 1910.087890625
963.4745483 2090.1450195313
979.5213013 12580.380859375
1108.549683 7908.6826171875
1109.547363 3864.8618164063
1144.115356 2324.9819335938
