1680.783724 2
129.101593 4939.1025390625
143.1177368 2817.4846191406
171.1130524 3718.0119628906
175.1188507 4899.2163085938
185.165741 3049.5375976563
218.9866943 2502.244140625
225.3961487 3030.0041503906
341.2182922 6204.8247070313
343.1069641 3155.6076660156
353.4884644 3011.9267578125
354.1678467 4282.1884765625
363.1994324 7477.6513671875
438.706543 3387.2253417969
440.0772095 3807.8410644531
448.2159119 3285.2858886719
701.4453125 5584.1557617188
840.3840332 7074.6474609375
841.4266968 28790.98046875
993.4927979 6506.3227539063
1036.463745 4276.2734375
1153.514282 17294.5234375
1224.553955 5898.673828125
1225.555176 16775.09765625
1302.53186 4929.6743164063
