1126.52289665221 2
84.04537201 1759.1456298828
84.081604 5456.6767578125
86.09727478 3754.5327148438
88.11512756 812.0684814453
90.17182159 710.3901977539
102.0555038 2146.7712402344
112.0870285 1127.8148193359
115.0873871 1762.2081298828
116.0713654 1850.8937988281
120.9277649 856.3414306641
126.8795013 967.0308837891
127.0866852 14367.6259765625
129.1028748 3919.3876953125
129.112915 999.4614868164
130.085907 943.5349731445
141.1024475 14429.8193359375
155.0816803 43479.69140625
156.0850983 1760.0108642578
158.0930023 3669.603515625
169.0974884 11208.14453125
170.1003418 977.4005737305
173.0922699 11722.94921875
175.1195068 7485.4399414063
183.0766296 4394.6596679688
195.441391 842.5462646484
198.1235657 1930.9233398438
201.0873413 3600.6713867188
210.0804138 1799.2564697266
226.1189728 8929.048828125
252.135498 9464.6123046875
269.1627808 989.1148071289
280.1294556 3970.189453125
281.8947449 890.959777832
283.1407471 2176.7255859375
295.1773987 8868.4609375
323.1730957 10811.525390625
324.1733093 1771.2548828125
337.1504211 1403.9947509766
340.1640015 1144.5737304688
352.1953735 1114.0572509766
377.6820679 1070.2136230469
380.1932373 3899.5693359375
381.1906738 1248.3651123047
386.6889954 63125.05859375
387.1899414 26252.994140625
387.6913147 5223.962890625
406.199646 1845.9986572266
415.1988525 20268.87890625
415.7014465 9193.068359375
430.2189941 940.0802612305
433.2175903 2105.8859863281
463.7266541 69922.859375
464.2272034 32682.59765625
464.7278748 6753.4565429688
472.2706909 975.9802246094
490.2395935 8545.916015625
499.2310791 906.5767822266
499.299408 21536.33984375
500.2970886 7041.2729492188
520.2958374 1247.5584716797
547.2596436 16505.8125
548.260376 3803.8928222656
562.2943726 3884.7048339844
563.3019409 9435.25390625
563.9197998 3527.0617675781
564.2996826 4748.107421875
580.9276733 1078.3304443359
587.25 3349.7954101563
604.2810669 69289.8671875
605.2830811 18143.970703125
606.2816772 1750.8797607422
675.3171997 34965.453125
676.3201294 9375.7529296875
677.3187866 1214.6120605469
755.3317871 1279.2291259766
772.3692627 24166.60546875
773.3742676 7841.9096679688
774.3879395 1522.2235107422
829.3919678 35987.98828125
830.3956299 14010.6484375
831.3969116 3262.5886230469
926.298584 854.7887573242
926.4488525 10528.93359375
927.4473267 3409.6538085938
