989.57923801699 2
69.96696472 77304.734375
70.06597137 410373.1875
72.08166504 2734582.0
79.97270203 79525.65625
83.29840088 84871.3828125
84.04502869 151340.578125
84.08123016 91652.8203125
86.09716034 2141733.25
87.05604553 167073.515625
87.10053253 108708.7578125
101.0715408 147697.90625
113.0795135 85457.140625
120.0812073 4119871.5
121.0844116 344686.65625
129.1027985 183888.765625
136.0759583 410067.5625
146.550827 76700.984375
147.1135864 118654.265625
159.0930328 84839.765625
175.1194 946482.4375
182.7027435 79500.546875
187.1442261 1416340.875
215.1396637 338965.125
219.1494904 2252388.0
220.1528931 137597.40625
233.1644745 395535.25
243.1351471 131048.5546875
244.095108 91485.5703125
247.1443634 889903.375
251.0072632 97708.890625
261.1593018 88561.140625
271.175293 176755.53125
283.1434631 153940.03125
288.2025452 90271.0546875
311.1373901 91990.484375
319.1613464 171239.3125
328.244751 93873.6015625
357.1763 205079.03125
456.2468262 136544.0
466.2290344 177903.296875
501.315094 719688.9375
502.3120422 137094.5
538.3096924 99322.1796875
589.9851074 108532.6640625
618.3608398 183355.375
630.3566284 884822.875
631.3560791 152582.6875
743.440918 1898184.875
744.4473267 759170.0
765.4331665 98617.9375
890.5007935 364096.28125
891.5114136 102913.28125
