1790.92386250689 3
129.0655975 61887.28125
129.1020813 187715.265625
130.04953 29166.68359375
130.086792 26776.521484375
133.0434265 113998.0390625
136.0679474 20946.55078125
136.0761719 350823.59375
143.117691 74684.3203125
147.1126862 43578.32421875
155.0816498 128870.40625
156.0770874 352920.0
157.0969696 149451.1875
158.1005707 377493.75
159.0762939 32034.8125
159.1128845 36545.359375
169.0970612 28272.693359375
169.1217041 28751.841796875
169.1338959 430590.96875
171.0770264 30253.19921875
171.1124573 31337.955078125
173.0921021 70153.28125
173.1289825 59486.85546875
175.1065674 26023.26171875
175.1190491 286277.03125
177.1012878 121055.7421875
181.0606995 49640.07421875
183.076355 71128.0
183.1492767 29749.265625
185.0558014 24352.515625
185.092041 31100.501953125
185.1647797 68271.4375
187.1074982 56554.5546875
197.1281433 282637.375
198.0879822 55308.98046875
199.0710449 58279.59375
199.1811066 56423.65234375
201.0871124 29008.3203125
201.1235046 69642.609375
203.1213989 681823.25
204.1230774 30862.705078125
205.0968475 185415.109375
205.114502 33066.53125
211.1445465 41329.11328125
215.1394958 65530.8984375
216.0973358 58029.25
217.0822144 44669.578125
225.0992737 34521.51953125
227.1025696 30755.341796875
227.1753235 34327.890625
228.1340332 43304.1796875
229.1179352 27847.869140625
231.1160889 75737.28125
239.1144257 72786.4296875
242.1514282 42331.73046875
248.070755 45771.47265625
256.1469421 59453.40625
257.1245422 354009.375
263.5739441 29813.669921875
266.1506348 238529.46875
276.0654602 154236.9375
276.1341248 135672.25
278.1139526 49504.66015625
284.1295471 34444.05859375
284.1616211 189727.453125
285.164917 37256.21484375
286.1504211 61682.953125
297.1578674 37147.66796875
303.1774902 66722.3984375
311.1669922 37921.85546875
312.1177673 73671.84375
315.1672974 37375.76953125
316.1298523 38871.81640625
325.1901855 47972.4375
330.127533 32322.494140625
333.1563721 183284.6875
345.0875854 37076.8203125
354.6880493 159799.421875
355.1910095 53219.53515625
359.1011658 43083.21875
359.1705627 47589.4609375
363.0987244 49086.6015625
365.2179565 236956.609375
366.2207031 37817.36328125
370.2089844 56234.54296875
383.2311401 39764.2265625
399.1535645 47988.12109375
400.1963501 73361.484375
417.2208252 200454.21875
471.2495117 135403.84375
481.2446899 78532.9765625
490.4339294 44627.01953125
511.2886658 223850.34375
529.274292 58109.53125
541.1716309 51477.8125
551.3337402 57215.7109375
563.2548218 46343.078125
573.2971802 61885.6875
573.8016968 42519.56640625
580.2844849 324750.375
581.2940674 152792.1875
640.3468018 51392.27734375
645.3372803 53919.85546875
651.3218994 810467.0
652.3217163 264862.84375
702.3594971 223512.046875
708.37146 127805.40625
722.3582153 958780.0
723.3602905 409637.25
724.3690186 59001.46484375
726.378418 64959.31640625
740.368103 261386.609375
741.3627319 50762.5703125
753.3709717 62567.203125
813.394104 194819.421875
817.4683228 55827.265625
835.4412231 237226.265625
848.4290771 46197.578125
922.4775391 250475.15625
923.4832764 160124.390625
935.4558716 69054.6640625
936.4607544 47995.62890625
938.0861816 43049.21484375
941.4879761 135483.0625
971.5180054 56199.46875
1033.505615 51796.9140625
1050.543823 172280.078125
1051.528564 52201.14453125
1129.552246 39680.36328125
1145.590698 120094.421875
1178.591431 79434.703125
1365.687866 65810.3203125
1623.350098 46101.71875
