1649.79675103633 2
115.0500793 46283.91015625
120.0730133 31000.041015625
120.0810928 830865.375
121.0839233 72149.4375
129.1020813 166268.859375
130.0861359 75803.9921875
132.0769043 355740.34375
141.0655975 31846.0546875
147.1124573 172076.359375
181.060257 27153.904296875
184.0707397 36867.796875
201.1242523 39058.3125
207.112854 150327.484375
209.0554047 167950.84375
212.1040802 32663.9921875
215.1144104 29693.921875
216.0975647 52957.33203125
218.1499329 325494.4375
226.0824585 483946.25
227.0848999 35771.77734375
243.1089325 1121477.375
244.1110535 42968.81640625
246.0902405 55648.03125
257.1304932 34004.68359375
277.1183472 74925.734375
288.1349487 50331.0703125
295.105896 67354.7265625
297.1553345 46196.00390625
299.1712341 47418.578125
307.1389771 40839.01171875
313.1510315 64872.43359375
325.1514893 162933.59375
333.1789551 45679.2578125
342.1773376 561765.0
343.1806641 43537.62890625
365.2188416 137888.109375
366.2224731 52186.61328125
396.1886292 230689.234375
397.191864 48199.6484375
413.214447 225084.03125
414.20224 41833.1875
480.2476196 194073.28125
481.2536011 50329.09765625
495.2532959 55116.9140625
496.2460022 50256.23828125
526.2493896 43912.18359375
579.3137207 65677.0390625
580.3123779 37950.296875
582.2697144 265956.0
583.2749023 263919.9375
584.2748413 81975.7890625
680.3667603 52743.91796875
695.3601685 121752.140625
696.3626099 56772.76171875
697.3626099 46244.20703125
776.3754883 47928.8359375
824.4022827 175015.140625
825.4055176 65691.0390625
829.382019 50218.375
985.4336548 75673.0625
986.4251099 61530.40234375
992.5088501 382827.40625
993.4963989 267548.625
1106.551758 140720.75
1237.591064 154175.703125
1308.626831 131009.09375
1309.632324 58890.42578125
