1965.04391385782 3
136.0753632 96875.4140625
141.0656586 17329.646484375
141.102356 15150.560546875
143.1175842 35868.8984375
147.1125183 90168.359375
157.1338348 13596.5830078125
157.6539917 12580.4423828125
158.092041 23972.595703125
159.0919037 21413.765625
171.1130524 14345.880859375
173.0551147 18664.96484375
173.1278534 20966.662109375
175.1190948 129402.953125
180.2721252 12586.4619140625
183.1488953 24964.78125
187.0531464 15464.2373046875
187.1074524 35475.90234375
187.1440125 82242.0234375
198.0872498 32116.966796875
204.0802612 120898.6640625
211.1440582 39257.359375
212.1030579 36229.01953125
213.0875244 14716.5908203125
213.1592255 24197.279296875
215.1388855 98519.078125
217.0817871 17275.58984375
217.1378174 14594.2451171875
219.1500854 22122.89453125
221.1279602 16796.212890625
223.2533264 14911.6279296875
226.1551971 68660.0859375
231.0948181 18023.310546875
231.1147308 29792.693359375
232.0753479 157740.875
232.1166382 17067.935546875
235.0834808 14361.5185546875
240.098465 31541.08203125
243.1106415 37269.08203125
243.1347961 89414.6875
244.1656036 305804.28125
245.1702576 27793.009765625
249.1233368 39781.609375
252.1100922 123954.3359375
255.1455383 17614.568359375
258.1098022 40983.71875
259.1090698 26711.54296875
283.1394958 24008.314453125
284.1242371 81178.3046875
289.1621399 23912.20703125
295.6566467 102444.2578125
305.5805969 15171.0537109375
310.1766663 20841.359375
310.2140808 26059.21875
315.2019043 79044.34375
323.1377258 27093.794921875
341.1462708 24004.681640625
345.1593628 156387.703125
356.1925659 21113.310546875
359.1602783 31159.17578125
360.1558533 76337.796875
362.1561279 153748.515625
380.1663818 155330.125
381.1694336 34452.484375
397.2059937 17863.236328125
401.730835 27967.75390625
416.2513428 41296.00390625
442.1925964 23199.873046875
462.2685852 68831.15625
465.2587585 34399.2890625
493.252655 455145.53125
494.2562866 137196.953125
495.218689 21076.345703125
496.2166138 19693.84765625
527.289856 34978.5859375
544.3120728 25700.798828125
547.3063965 18028.615234375
561.3189697 20139.42578125
577.2962646 29725.966796875
590.2984619 28411.373046875
614.3101196 19818.4453125
656.3425293 19188.125
673.3560791 115254.7265625
675.3903809 88769.859375
686.3546143 24696.755859375
690.3694458 22544.798828125
703.3893433 380899.125
704.3892212 187736.46875
705.3861694 29923.6015625
724.3605347 79908.0546875
725.3425293 20442.65234375
774.409729 108879.34375
775.4138184 25228.306640625
784.4309082 37081.35546875
785.4283447 32287.474609375
786.4191895 22288.5078125
796.3587036 35971.99609375
802.4564209 425323.5625
803.458374 185844.453125
804.4584351 25561.7109375
837.4309692 72605.140625
851.5128174 72888.3359375
855.4085083 177477.921875
908.4668579 33055.5625
921.4661865 163050.71875
922.4721069 105703.609375
966.4519043 30439.330078125
968.4860229 227059.1875
982.4594116 34403.25
983.4465332 25947.369140625
1032.494263 27616.712890625
1033.516357 30014.177734375
1044.585205 35511.875
1050.509644 104975.3515625
1051.524658 99060.5859375
1052.536255 21834.029296875
1081.575073 97450.421875
1132.69751 77454.03125
1133.692627 26677.455078125
1216.255615 24435.146484375
1554.304565 25305.23046875
1714.267944 23923.162109375
