3145.56119969946 3
228.1337585 8198.9248046875
242.149826 8116.6845703125
243.1109619 5289.0942382813
264.1018372 4038.5419921875
267.1082764 4249.6625976563
275.6392212 3719.2993164063
275.9459839 3732.2373046875
283.1407471 31486.046875
285.1567688 6038.982421875
313.1879272 3673.8657226563
328.2326355 4128.02734375
349.1725464 4031.60546875
356.1914978 4235.4677734375
368.2319641 7174.5258789063
377.1565247 4042.4001464844
380.1521301 5268.6337890625
396.2255249 5946.435546875
397.1846313 5268.3603515625
402.8773499 4110.0029296875
426.2163696 4203.6557617188
436.2214966 5812.4780273438
465.2430115 4914.9765625
478.2192688 6963.1181640625
490.2396545 4770.408203125
497.2955627 4307.31640625
510.2727051 5937.5708007813
542.2371216 16682.08984375
565.1969604 4558.8237304688
569.7849121 4434.4204101563
609.2564087 8389.1875
612.331665 5919.2529296875
619.2877808 4611.060546875
626.3348999 5629.748046875
627.324707 8351.7109375
628.3372803 4960.1665039063
655.3291626 15654.158203125
656.3289185 6012.625
664.3189087 4812.6884765625
710.3009033 25665.248046875
720.343689 4716.478515625
734.3615112 19031.6953125
783.3815918 32532.5234375
784.3843994 9011.8291015625
792.3938599 5745.2802734375
823.3757935 13998.9169921875
835.3981323 9550.568359375
879.4506226 8069.2744140625
896.4628296 21553.322265625
897.463562 17366.685546875
898.4541016 6638.751953125
966.5001221 25810.560546875
1011.463074 21965.626953125
1012.477783 6240.7319335938
1024.516602 6918.4287109375
1032.528809 6107.6640625
1033.536621 7481.7758789063
1048.502441 19097.931640625
1049.545654 16481.55859375
1050.545166 25296.61328125
1077.518311 7300.3266601563
1123.528076 6190.7080078125
1138.566528 8424.6650390625
1139.557861 7316.736328125
1158.537842 14856.958984375
1159.534424 8777.669921875
1215.560181 64258.16015625
1216.559692 49059.23828125
1217.574585 19239.72265625
1235.561279 6190.9663085938
1251.665771 15827.4912109375
1252.644897 8055.3671875
1308.662354 18738.91796875
1309.669556 7708.3247070313
1310.643677 5502.9116210938
1328.628174 15812.0546875
1329.640259 7519.025390625
1421.744263 8155.830078125
1422.746216 6737.7700195313
1442.673218 23275.728515625
1443.675415 14993.26171875
1514.71936 6882.8139648438
1535.784302 8770.5283203125
1536.800781 14910.3076171875
1606.725586 17419.83203125
1607.72583 15915.744140625
1610.758057 24983.640625
1611.783447 16374.6806640625
1612.767212 7774.4975585938
2496.601074 6175.2739257813
