1142.57669730856 2
84.04496002 18618.41796875
84.08116913 21168.619140625
84.9197998 1274.3889160156
86.09703064 5385.7202148438
90.73120117 1370.3045654297
93.56650543 1594.8684082031
98.06067657 1848.1866455078
101.0712585 13405.1767578125
102.0554352 6943.4501953125
107.5121613 1339.8531494141
110.0714874 5717.8173828125
115.0866547 1414.7244873047
116.0710373 1749.6103515625
126.0551605 1506.4993896484
127.0510635 1703.6417236328
129.0660095 3416.5771484375
129.1023865 28993.61328125
130.0862274 12668.2216796875
139.3108673 1346.3034667969
143.0816193 3250.3315429688
145.0610962 1554.1884765625
147.1125488 19709.955078125
156.8177643 1409.0983886719
157.0971375 13081.9990234375
158.0918732 2709.1489257813
167.0810394 2085.3557128906
169.0964661 1511.7152099609
169.1331177 15935.943359375
175.1184082 12991.208984375
185.0916901 16826.34765625
186.087616 1779.2683105469
187.1065063 1569.9677734375
188.7041779 1390.3232421875
195.0763245 1861.9122314453
197.1282043 6957.9467773438
199.1811218 1886.7513427734
210.0794067 9107.6171875
224.8812103 1476.0799560547
226.1546783 2298.0900878906
228.1350861 3672.1496582031
231.0970459 2306.0791015625
235.9244537 1531.5108642578
239.1488647 2491.10546875
240.1344147 6087.14453125
241.0816345 2346.6931152344
242.1130219 1763.1726074219
244.1653595 21604.15625
245.1688995 1615.5268554688
253.122879 1509.7286376953
256.1292114 7967.701171875
257.160553 7480.8071289063
258.1441345 13143.0068359375
259.1422729 2142.3583984375
275.1725159 6262.998046875
283.1768494 1742.8487548828
284.159668 1855.04296875
300.1668091 1643.2719726563
301.1141663 2375.6315917969
327.165802 5518.0141601563
328.1932983 1589.4382324219
358.2056885 1473.2119140625
366.7733154 1590.04296875
370.1712952 6125.2509765625
374.240387 12176.5390625
397.3068848 1555.5
412.255249 1784.5467529297
443.1999512 2602.9631347656
458.4505005 1752.677734375
467.1861877 1693.5455322266
489.2661133 6953.4770507813
513.7471924 6701.0546875
522.2590332 34013.6171875
522.762146 12498.0654296875
523.2584839 5618.5302734375
544.2669678 2016.7299804688
554.3198853 2356.921875
555.3079834 6144.4384765625
560.3007813 3522.9362792969
570.3334351 2425.9443359375
571.3339233 12219.4853515625
572.3122559 52501.765625
573.3157959 2228.990234375
670.2776489 10924.84765625
671.2825317 2355.3845214844
674.3412476 9211.8369140625
769.3409424 9210.4072265625
770.3574829 2919.1215820313
788.3408813 2401.9936523438
859.418457 13399.5966796875
860.4214478 2853.2072753906
868.4055176 2150.4614257813
929.4611206 2064.2507324219
946.4585571 23871.798828125
947.4589844 14747.494140625
1043.494995 5410.314453125
