1124.54016575965 2
84.04506683 123534.25
84.08139801 259726.859375
85.01110077 34326.7265625
86.09718323 1065033.125
87.05615234 32183.916015625
87.10087585 32302.02734375
91.0550766 32966.00390625
92.01727295 55673.3359375
101.0715256 58221.93359375
102.055336 63047.5625
104.0533981 413098.4375
110.0719528 171476.03125
112.0872345 43566.82421875
115.0870361 51112.3984375
116.0711746 149669.25
120.0811005 649214.8125
121.084938 32311.8828125
129.066391 36957.6015625
129.10289 257838.53125
130.0863342 65755.6484375
133.0431671 38422.2578125
136.0759583 1846202.625
137.079422 133290.34375
141.0662842 123797.625
143.1182098 54589.57421875
147.1127319 143498.71875
157.133728 123692.6015625
158.0931702 61727.796875
159.0770416 133946.625
170.0634613 45881.30078125
173.1289673 155279.546875
175.1187439 390953.21875
176.019577 66619.3515625
176.1213684 29876.388671875
185.1293793 38431.45703125
187.0721588 64426.36328125
188.0738983 314505.96875
200.1390228 33713.80078125
201.1235962 56109.3125
205.0961761 34258.48046875
213.0870667 34476.00390625
215.1383667 27911.341796875
217.0822601 130267.09375
218.1498566 38692.66796875
219.1127014 39395.12109375
219.1497192 143200.1875
223.1080475 187409.140625
228.1337128 40157.203125
233.0955353 497237.71875
234.0984955 32896.234375
235.1444855 639843.1875
236.1481171 67824.09375
240.1357727 32407.58984375
247.1454163 47763.8046875
249.1601105 38381.4609375
251.1029968 147426.96875
254.1163483 30304.8828125
261.0906372 572153.75
262.0942688 51532.53125
263.1403503 71259.40625
277.1195984 51072.3515625
286.1506042 53178.88671875
303.1774597 31989.611328125
307.1456909 50522.55859375
316.1479797 37447.484375
318.1230469 62924.4609375
335.1487122 217601.40625
351.0470581 46952.8125
385.2200012 38436.0703125
402.2467041 110440.1953125
408.1590881 110129.3515625
429.15802 40157.9921875
430.2267761 49671.8984375
439.9950867 31895.705078125
464.1920471 58049.09765625
531.2868652 56636.08203125
582.3005371 53533.91015625
611.2610474 151411.265625
612.2728882 43642.61328125
618.3184814 496263.25
619.3203735 185401.359375
717.3884277 310559.25
718.3865356 139129.15625
774.3185425 119082.5078125
819.1043091 35135.828125
861.3575439 544435.6875
862.3618774 215017.984375
863.3617554 47575.1953125
864.4638672 393922.5
865.468689 233513.9375
935.4569092 37210.99609375
994.5021362 46747.88671875
995.4824829 37235.5390625
1024.414795 43621.93359375
