1166.60487145739 2
82.0302887 61319.80078125
84.04510498 253382.140625
84.08150482 946103.6875
86.09712219 1682557.875
87.0559845 78956.4375
92.03505707 100606.3359375
101.071785 82702.84375
102.055275 66402.15625
110.0718994 312090.875
115.0868301 787825.1875
120.0812073 493032.0
129.1024933 731463.0
130.0860748 89448.8984375
133.0432892 92202.59375
136.0759583 713011.75
139.5473175 56719.7578125
143.081665 778164.4375
147.1133118 320814.5
155.1182861 108225.1796875
159.0759888 83804.96875
159.0913696 96732.171875
169.0609741 65639.9140625
171.0762787 115720.4296875
173.12883 924994.6875
175.118927 142696.703125
185.0922241 125206.8046875
189.0874634 96615.8828125
201.1236877 309268.8125
212.1033478 599393.8125
215.139801 94678.2734375
217.0814209 81579.359375
218.1495972 69798.40625
226.1194916 78785.84375
229.1166229 70912.140625
230.113678 415842.21875
244.1296234 121126.15625
253.0921326 74823.65625
254.1482849 82348.5625
261.1566467 522542.5625
278.1131287 66517.3046875
292.3929443 76163.6796875
297.1930237 107206.453125
300.1184998 136696.75
313.1517029 67735.7265625
316.1502991 71839.3359375
318.1290894 129838.5
408.2244263 526610.1875
417.2016907 70097.7265625
442.2551575 66374.125
464.2048645 76371.828125
507.2917175 127308.640625
636.3336182 104877.125
723.3623047 238320.984375
758.5454102 68704.640625
824.4227295 430752.84375
825.4165649 92394.96875
925.4145508 80441.296875
938.5072021 86989.3671875
1082.02356 76945.3359375
