1745.89041975143 2
120.0811691 7482.5205078125
121.4341049 4533.9887695313
129.0660553 5995.994140625
129.1023712 18999.40625
130.0860291 14384.4560546875
136.0755005 13829.876953125
147.1124878 35230.19921875
155.1177368 8126.072265625
173.1283112 11780.0517578125
175.1187134 33693.890625
178.0527802 8261.9658203125
183.1132965 35971.34375
185.1654968 8792.1337890625
187.1084137 7539.4306640625
200.1384277 34809.890625
201.1229706 13610.3583984375
210.0257111 11046.6904296875
212.3146057 6362.0375976563
213.1603546 11040.1611328125
216.0982971 36009.48046875
223.1076813 7560.8872070313
226.0823822 6554.9946289063
226.1551056 20903.79296875
228.1340942 10468.4580078125
244.1658173 206748.78125
245.1693726 10473.7177734375
276.1354675 8134.576171875
278.1146851 10304.734375
282.181366 9105.6103515625
297.1559143 20079.275390625
298.1399841 9054.0673828125
311.1715698 88694.984375
315.1653748 18883.19921875
328.1866455 15103.7578125
329.1825562 63991.19921875
333.1787109 17783.703125
340.6247559 8993.736328125
356.1579895 13983.0478515625
359.1943665 31314.025390625
368.1932678 10627.6904296875
371.1566162 10704.1748046875
374.1673584 11957.6611328125
386.2072449 11932.984375
399.2604675 15492.56640625
427.2570496 16495.205078125
428.2524719 14644.9775390625
446.2630005 11901.9951171875
455.2282104 41249.234375
458.2640381 16789.564453125
467.9890442 9113.1005859375
473.2468567 8327.2548828125
687.3312988 15739.60546875
727.3199463 10920.27734375
843.4475708 13363.7939453125
872.5073853 66224.0859375
873.49823 47801.109375
874.4730225 19826.923828125
930.4901733 51445.01953125
931.4897461 16987.84765625
997.4452515 10900.0673828125
1029.5625 15533.185546875
1075.497437 14258.4814453125
1318.640381 42272.65625
1319.648315 16099.85546875
