1102.4721086621 2
84.04486847 196087.78125
84.08152771 168485.4375
86.097229 223891.171875
91.27140045 24827.650390625
101.0714645 234891.40625
120.0808258 50615.328125
126.6319504 28167.158203125
129.1029358 165449.140625
130.0868225 32234.544921875
133.0431976 43063.66015625
136.0762939 184446.921875
143.1179657 53250.0625
147.113266 50945.30859375
173.1284943 302759.71875
175.1192169 209168.296875
187.1442413 979145.125
188.1479034 68079.5078125
195.0760651 45369.4609375
201.1231384 246514.5625
215.1399841 116179.7890625
231.0975952 31253.298828125
234.1445465 36675.1953125
241.0819397 29665.396484375
246.1563721 30017.140625
264.1031189 47445.90625
279.0960083 30747.966796875
306.108551 37776.44921875
359.2392273 55954.55859375
363.8334961 29889.86328125
403.1707458 126123.5
438.9503174 34212.48828125
481.2046509 47564.23046875
610.2531128 68701.3359375
708.2757568 44477.05859375
725.2736816 48232.7109375
760.4255981 124084.2421875
761.4265747 50507.875
805.3284302 162646.796875
888.333252 190728.78125
889.333252 63553.8125
