1298.704448 3
91.05506134 24099.654296875
101.0714111 79023.25
102.0555725 106197.9140625
104.0532227 31790.279296875
110.0718155 458657.09375
111.0753021 21870.53125
112.0872879 27581.044921875
112.9210587 18823.044921875
115.0870209 75157.4609375
116.0709839 34806.30859375
120.0810928 552759.6875
121.0844955 87633.5
121.8297806 15101.8525390625
122.0709152 16533.697265625
125.1076279 23316.244140625
129.1024628 204505.453125
130.0654907 23111.404296875
130.086731 124885.7109375
130.0965271 23449.099609375
132.102066 26551.12890625
133.0436707 16966.39453125
136.0758972 261436.359375
138.0664673 19463.02734375
139.8856506 16328.32421875
140.0711365 18595.775390625
143.1180573 1495520.0
144.1214447 101135.7421875
144.9772491 17334.775390625
147.0767212 117831.828125
147.1129608 239632.96875
147.6019745 17776.353515625
150.6620789 16870.21484375
155.1180725 33718.015625
157.1336517 26451.0859375
158.0925446 110462.78125
159.0924683 28322.7734375
164.0825958 21335.775390625
165.1023254 18591.05859375
167.0811157 36187.37890625
167.0938263 35949.0546875
169.1339111 37018.72265625
171.0764923 153267.421875
171.112915 277032.5625
171.149231 115393.3671875
173.0554504 27570.38671875
173.1285858 356673.59375
175.0719757 129672.8515625
175.1191559 425240.875
177.1032257 20948.349609375
178.0612946 24883.166015625
183.1128387 116460.375
183.1491547 39542.70703125
185.1656189 21266.8359375
195.088974 63065.93359375
197.1283112 77867.0625
199.1806641 69844.75
201.123291 228186.375
204.1338043 20691.626953125
211.1444855 23288.962890625
217.1340637 39898.58984375
219.0798035 148697.09375
221.1288147 119806.75
222.1316986 30503.78125
225.0991058 33114.49609375
225.1225281 20437.591796875
227.1758118 26806.595703125
229.1190796 73711.0859375
230.0957336 27675.5390625
235.107132 23149.34765625
239.1139374 82778.0703125
242.1507568 26775.845703125
245.1294861 62988.7265625
246.1281738 32884.45703125
247.075058 25450.03515625
249.1251678 27030.962890625
252.1345825 26282.544921875
253.0932465 105765.203125
258.0899048 134365.984375
258.1451111 28804.208984375
270.1442261 149199.921875
271.1776123 26932.685546875
274.1219788 24177.939453125
278.1535645 74593.9375
280.1635437 25992.9375
285.1333008 19079.263671875
288.1556091 23096.892578125
288.2045898 24640.443359375
294.1820984 104685.3203125
298.1702271 150968.515625
307.1743469 196216.328125
307.6749573 38939.546875
333.1875 41970.41015625
342.2036743 28915.2734375
343.8098145 19713.439453125
345.2247009 70446.0859375
347.1719666 21758.478515625
354.1438904 20690.75390625
355.6818237 101935.2265625
362.103241 24211.650390625
364.6887207 109768.5078125
365.190094 73078.1484375
371.1701355 55908.71875
375.2355347 225798.09375
412.2228088 31306.705078125
421.2299805 139242.953125
421.7290039 31946.826171875
439.2326965 30935.869140625
455.7396545 103882.171875
458.2669678 32303.388671875
464.745636 178121.5
465.2456665 60976.07421875
473.2867126 31045.466796875
476.2828674 402022.875
477.285614 73380.1953125
490.2495117 29112.505859375
499.256073 118482.1015625
499.7548523 23690.423828125
508.2616882 263194.4375
508.7588196 95996.6171875
512.2455444 32874.90625
529.3080444 85570.0234375
554.2681274 70200.296875
555.2689819 23047.087890625
564.8034668 29500.296875
595.3222656 81150.5078125
613.342041 462977.15625
614.3456421 159027.265625
619.3473511 35845.91015625
620.348938 29453.970703125
667.3648682 26651.478515625
710.3491211 29231.744140625
711.338562 25003.37109375
728.368103 358154.0625
729.3718872 150562.21875
730.3646851 22480.544921875
841.4473267 123900.59375
842.4696655 20900.869140625
871.5014648 19309.580078125
928.4819946 124414.5859375
929.5110474 25653.529296875
930.5279541 23757.642578125
1015.510986 34309.46484375
