1928.797124 2
141.1022644 15463.458984375
147.1127777 21684.369140625
153.2400208 6040.935546875
157.0969086 16999.208984375
159.0810242 8567.140625
159.0919647 132559.71875
160.0759125 7819.7983398438
169.0758362 10300.6591796875
169.0972748 41500.05859375
170.0599365 22002.875
173.0772705 7839.716796875
174.0885925 7934.2890625
175.1195068 8696.0205078125
185.0919037 22043.67578125
187.0866852 8179.3901367188
187.2229614 6892.466796875
201.086792 14661.4365234375
202.0834961 12202.84765625
212.1031494 11686.7802734375
214.097229 58738.24609375
216.1332245 10718.0712890625
234.145401 66490.015625
238.1189728 41045.9453125
241.0816193 10652.45703125
256.1292419 18655.958984375
276.1353149 10281.705078125
284.1037903 118128.21875
290.0809021 9556.2412109375
298.140686 50761.06640625
301.1306763 82669.390625
326.1156616 11400.708984375
353.1238098 33260.05078125
371.1354675 36926.6796875
381.2146606 87697.953125
382.2189026 12942.5322265625
385.172699 19476.470703125
388.1638794 18819.052734375
389.1517944 11574.05859375
406.1844482 9388.3544921875
427.1820068 21718.64453125
441.2062378 11326.681640625
468.1891479 12612.3095703125
480.2852478 38696.9609375
523.0680542 10716.6767578125
577.2488403 11484.9443359375
636.1851807 11581.8701171875
769.3494873 39684.78515625
770.3452148 15599.501953125
846.2979736 11406.1474609375
870.4485474 11118.552734375
963.5014648 16399.64453125
964.5144043 44922.5078125
965.5090332 18500.767578125
971.4213257 16112.654296875
1058.444824 20431.28125
1063.364624 12468.591796875
1115.464478 117757.4765625
1116.466309 42319.83984375
1180.61438 81036.9609375
1181.623535 55716.890625
1226.501221 19944.150390625
1244.508301 40553.4140625
1245.495972 37254.6875
1311.46814 15046.828125
1311.810669 12241.9873046875
1355.546509 15424.0869140625
1373.554321 38622.23046875
1374.550049 13763.7470703125
1414.687012 59280.21875
1415.694092 17960.529296875
1444.604736 52768.47265625
1445.588135 20987.275390625
1541.641357 76810.375
1542.657227 15540.75390625
1704.778076 14700.72265625
