1296.61586149664 2
91.2953949 42024.91015625
101.0719604 58499.78515625
115.0865479 47006.88671875
120.0809021 385903.125
129.1026001 173313.8125
131.1180573 154541.9375
133.0433044 237966.96875
136.0760956 320704.5625
143.1181946 92182.7109375
158.0926819 56386.734375
159.0771332 68372.1328125
159.0913239 84299.03125
167.082016 40325.7734375
173.1288757 195950.28125
175.1193695 391286.59375
188.1465759 40639.26171875
200.1403351 61238.82421875
201.1227264 148208.34375
215.1418152 48663.734375
217.1355133 62611.0078125
240.1330719 149537.296875
242.1511078 44255.78125
254.1499939 202088.6875
258.1448364 96155.7109375
275.0805359 155165.390625
275.533783 51279.44140625
340.1017456 40612.5234375
344.1710205 61556.29296875
398.2411194 39111.60546875
416.4747314 48619.35546875
458.3640137 58763.46484375
475.2404785 204834.484375
476.2445374 75562.0390625
546.3478394 49984.05859375
638.3046265 448454.625
639.3024292 176796.859375
751.3896484 94639.171875
752.3873291 80740.9375
775.1178589 49297.53515625
815.430481 260025.953125
865.4274292 426598.75
866.4244385 234300.484375
928.5185547 204540.40625
976.5061646 57426.73828125
1025.46228 330757.125
1026.450439 168522.296875
1083.530151 56715.69140625
1144.099487 54022.83203125
