1463.69841467721 2
101.0352325 10063.9501953125
101.0657501 5197.3466796875
101.0713806 54796.9453125
102.0556259 25384.7421875
103.0546494 10944.67578125
104.0535126 10007.34375
108.5074692 5892.337890625
110.0720596 11728.6376953125
112.0873184 7629.9853515625
115.0870285 12522.2470703125
116.0708237 9095.2421875
120.0810928 241543.84375
121.0847702 28450.09765625
127.0868301 9936.953125
129.0661163 11535.017578125
129.1022644 48548.79296875
130.0654907 128932.21875
130.0863647 11493.1611328125
132.0810394 60121.046875
136.076004 98488.203125
145.0616913 7619.2783203125
147.1130676 34104.48828125
153.1026001 9141.7412109375
155.0821533 13128.9921875
156.0811462 37439.125
158.0930786 26417.89453125
159.0786743 15844.09375
159.0917664 208945.953125
160.0765076 6488.9321289063
160.0950165 29497.328125
167.1184845 7029.5771484375
169.0973511 12554.3974609375
169.1340027 25508.58984375
170.0602875 33429.546875
172.072052 67792.8046875
173.1286926 8295.8291015625
175.1193542 100739.703125
176.107605 12465.51171875
176.1212463 6896.2866210938
183.1136169 14617.1220703125
183.1497345 13838.7109375
185.0912628 7054.4868164063
185.1291962 6906.7387695313
186.1247406 7412.5825195313
187.0714111 10533.361328125
187.087265 10872.296875
187.1074829 7875.2080078125
195.0770416 8336.1591796875
197.1288757 37551.3125
199.1080933 9961.4765625
199.1812286 34041.5234375
200.138855 6799.1342773438
201.1059418 17118.888671875
201.1236267 51129.33203125
207.1136932 31765.05859375
211.1446686 14026.921875
213.088501 7591.8579101563
214.1191101 30695.87890625
214.1546478 8372.9609375
215.1393127 14628.4970703125
216.0980682 10634.1416015625
217.0999298 7960.6596679688
218.5670929 6339.5717773438
219.1486664 8073.9736328125
221.1287384 12602.6494140625
226.1194458 8924.94140625
227.0654144 10130.2900390625
227.1750488 11314.482421875
228.113739 27127.458984375
228.1348877 11036.6279296875
229.0800323 10051.0673828125
229.0998077 40632.87109375
229.1194916 9176.048828125
230.1151886 9244.3046875
231.1141357 8960.1904296875
232.1138 12296.587890625
235.1084747 25422.12890625
239.0821533 8815.0283203125
240.1348419 11276.068359375
242.1498718 23841.6875
243.1446533 29750.904296875
246.1244507 25636.25390625
249.1226044 13711.986328125
249.1603546 8550.8310546875
255.1089783 6775.5849609375
255.145462 6939.5810546875
256.1087341 33284.6171875
257.0925293 48017.8515625
258.1446228 9774.216796875
260.1968994 7545.8647460938
261.1599426 9134.486328125
263.1030884 9557.9091796875
271.1415405 50297.9375
271.1788025 11564.1611328125
274.1192627 31499.849609375
276.1678162 10214.814453125
277.1196289 10627.7255859375
286.1028137 10120.1123046875
288.2037964 14468.619140625
289.1629333 9734.966796875
293.5418091 6225.6484375
294.1816711 10189.05859375
299.1698914 8171.4213867188
313.1894531 9017.2490234375
339.1658936 9767.81640625
339.2035217 10361.8115234375
340.1590881 32385.599609375
358.1670532 11691.689453125
359.1697388 32693.216796875
368.2303467 47466.96484375
376.1662903 12844.9794921875
377.1764221 7040.21875
378.1304016 48074.68359375
385.2557068 36581.23046875
403.1751404 12778.271484375
404.1663513 8905.9365234375
411.2012939 25798.166015625
442.2755432 7501.6293945313
447.147522 10285.3447265625
465.1626892 14133.5751953125
486.3013306 22054.888671875
491.2056274 8830.828125
493.2521667 42763.99609375
494.2617188 8346.6953125
501.3414001 11890.9541015625
519.1870728 25349.95703125
536.2183838 8237.1015625
558.2567749 9123.6357421875
564.2880249 38887.48828125
565.2955322 15225.7568359375
587.2279663 7488.0083007813
589.3643188 11281.0888671875
606.2243042 11452.9306640625
634.21698 9318.48046875
635.2276001 7474.2080078125
677.3708496 38485.53515625
678.3735962 26099.408203125
697.3657227 30227.3515625
705.3033447 10972.517578125
714.3974609 411526.0
715.399231 129289.515625
716.397583 42531.78515625
776.4359131 28146.521484375
777.4435425 8514.126953125
808.406189 13880.705078125
813.4655762 87635.984375
814.4710083 45995.91796875
884.5384521 9365.0009765625
904.4956055 25566.34765625
905.4901733 8901.6220703125
918.5089722 7303.9321289063
928.50177 43460.4296875
929.4863281 36623.67578125
971.5625 10724.0009765625
972.5703125 10649.4765625
998.5222778 6879.7177734375
1033.534668 28111.67578125
1034.544922 26895.033203125
1043.526855 44758.91015625
1044.520874 27141.197265625
1104.567261 26610.11328125
1105.555786 10189.24609375
1190.592896 46344.74609375
1191.606445 83521.015625
1192.611328 44983.55859375
1277.620117 46316.58203125
1278.626953 22633.64453125
1489.824829 7553.2934570313
