1060.61898246507 2
74.06082153 43197.125
77.22199249 3443.8400878906
78.90065765 4079.1975097656
83.06098175 21627.201171875
84.04507446 103165.7890625
84.08148193 131154.828125
85.04855347 4578.7563476563
85.08476257 5765.896484375
86.09712982 1145967.25
87.05592346 32570.03515625
87.09503937 6587.6611328125
87.10044861 45474.625
88.03981018 8808.6298828125
90.72000122 3611.4392089844
91.05484009 9097.6640625
97.87477112 3334.708984375
98.06062317 9298.015625
101.0715103 77725.2734375
101.1080475 4435.890625
102.0552444 45751.33203125
103.0547485 17127.53515625
104.0531387 38298.0625
110.0602798 4742.5581054688
110.0717621 87330.3046875
111.0749664 6036.5971679688
112.0872803 9393.921875
113.0713043 6204.9365234375
115.0509796 9078.837890625
115.0870132 73746.0234375
116.0710297 20326.94921875
116.0906372 4443.6455078125
120.0811234 502990.40625
121.084343 32320.0546875
123.0569305 3624.6499023438
125.0715027 6645.9584960938
127.0499954 4190.2822265625
127.0870667 29770.802734375
128.1074066 6979.3916015625
129.0662994 17864.94140625
129.1025391 235382.4375
130.0509338 4337.5122070313
130.0655823 19358.6328125
130.0866241 85499.09375
130.0966492 8322.3310546875
130.1062164 6843.6362304688
131.0811615 7832.36328125
133.0433044 7419.9223632813
133.0614777 5720.43359375
136.0757904 77291.5078125
136.0852966 5069.54296875
141.0657501 9454.8935546875
141.1031799 4157.1528320313
143.0815125 50705.390625
143.1183472 19565.421875
147.1130066 135220.140625
154.0977173 55462.5625
155.0815277 58808.25
155.1181946 22847.4140625
156.1133881 5633.6557617188
157.0976868 65831.5078125
157.1083984 5858.8408203125
157.1336365 220253.34375
157.1463165 8632.5361328125
158.0921173 33138.3203125
158.1383667 5309.1372070313
159.0766296 28616.380859375
159.0919647 33474.70703125
166.0610809 17311.8046875
167.0817261 7931.7124023438
169.0977936 5640.2973632813
169.1340027 7891.45703125
170.0592194 4797.5888671875
171.1130371 17168.2734375
172.1073151 33449.515625
173.0939331 7520.568359375
173.1286926 132331.75
175.1192322 151988.0
176.1222076 6590.6704101563
177.0875092 4836.283203125
177.102417 6879.9765625
181.0603333 4377.2807617188
182.0924072 43004.34765625
183.076767 7124.5122070313
183.1134491 33251.4140625
183.149292 58405.66015625
184.1081085 4648.5859375
184.1524811 5442.3100585938
185.0922089 16114.3076171875
185.12854 105765.2109375
185.1648102 79113.7734375
186.0872803 5979.0278320313
186.1686096 6371.9760742188
187.0715942 15062.0634765625
187.1081238 21161.2109375
187.1441193 30776.189453125
189.0870972 7105.0512695313
191.1184998 7073.7583007813
192.5411072 4417.3735351563
195.1144714 4209.6376953125
197.1289978 24337.30078125
198.0881042 5480.5288085938
199.0722046 5658.1494140625
199.1080475 5699.3149414063
199.1435089 8952.8974609375
199.1806946 135664.0
200.1031189 17970.6171875
200.1399078 17502.251953125
201.0867767 6223.9399414063
201.1234283 91519.9609375
202.1265106 5476.2231445313
203.0666046 6094.990234375
203.1226349 4795.6440429688
204.1350098 25382.9296875
205.0966644 8101.1650390625
207.1267242 4779.8740234375
209.0927124 16139.8916015625
211.1442261 31831.1484375
212.1036835 16024.4931640625
213.1599731 65591.3671875
214.1195831 6048.7646484375
215.1034241 4855.9033203125
215.1393127 53245.0078125
216.098465 7938.8720703125
217.0812225 14712.943359375
217.0992584 8676.4189453125
217.1337738 76857.78125
218.1368866 9743.505859375
219.1127625 5813.5087890625
225.122467 5970.673828125
226.1186829 58496.0234375
227.1754303 39742.96484375
228.1348877 35694.84375
228.1759949 5568.9907226563
229.1193085 18662.20703125
231.1154022 5988.275390625
232.1403961 6804.2138671875
233.1653137 66861.7265625
235.1218567 31419.59765625
235.1413116 4832.0498046875
240.1347809 6050.2036132813
242.1491852 15954.810546875
243.1345215 21087.421875
244.0929718 20419.3515625
244.1292419 31187.9296875
244.1665955 6834.783203125
245.1285248 85290.4765625
246.1300201 9642.244140625
246.1803436 44021.0390625
248.1614227 15638.7294921875
254.1499176 55789.71484375
256.1665039 9922.2216796875
258.1451111 20628.724609375
259.1438293 5174.455078125
260.1976624 16076.3896484375
261.090332 6886.0048828125
261.1575928 94608.53125
262.1175232 52837.63671875
262.1625366 6464.5361328125
263.1028748 22081.447265625
264.1046143 4956.80859375
268.1650391 9483.6005859375
270.1815186 5184.0541992188
271.1768799 37825.92578125
272.1593323 28350.662109375
276.1569214 5014.9755859375
278.1247253 16053.7109375
284.1399231 23370.744140625
286.1776733 6539.630859375
288.2034607 71784.0234375
297.1567688 5167.4243164063
310.2124023 5756.1997070313
312.1566162 4749.0766601563
312.2268066 9744.400390625
314.1499939 8293.232421875
314.2059937 5581.4248046875
315.1648254 5903.4892578125
316.1652832 5782.0649414063
325.1880188 8356.302734375
327.1649475 4771.611328125
328.1875305 16775.986328125
330.1435242 12753.4404296875
330.1828918 5495.7993164063
331.1979065 6293.0
342.1435852 8751.7158203125
343.1987 8339.0751953125
347.2280579 7645.1411132813
349.2081604 20671.52734375
351.2033386 7575.765625
353.2183838 4854.4223632813
357.1751404 8522.2177734375
357.2127686 6747.7036132813
357.2510376 5907.0888671875
358.2111816 38275.04296875
359.214386 6637.0258789063
360.1557312 8172.7880859375
360.2268982 27710.8203125
361.2220154 5406.3930664063
367.2337952 4821.1547851563
372.1890869 6107.1015625
373.1741943 18267.48046875
375.2067566 17268.07421875
383.1902161 6510.4482421875
387.2718201 29914.85546875
390.1983337 7771.9379882813
391.1602173 5414.7333984375
392.1950378 43850.94921875
426.2001953 6180.6958007813
431.2080383 16826.9375
444.1860657 9220.0322265625
445.1693726 8749.43359375
454.3024597 15884.10546875
455.3037109 10066.580078125
457.2818604 15934.1171875
460.2382507 16328.8974609375
462.2569275 30800.978515625
474.2770081 8154.9995117188
474.7749939 5281.87890625
475.2711487 7928.4794921875
477.2643127 7859.0581054688
491.2676086 27517.103515625
498.2683716 5207.0463867188
500.3531494 54189.83203125
501.3595276 16520.841796875
502.2435913 4944.1313476563
514.2648315 6221.8022460938
517.333252 9777.6533203125
521.8061523 21755.6640625
522.307251 17500.853515625
522.8063965 6402.2783203125
531.2824097 43647.40234375
547.3181763 4508.4536132813
556.3514404 7465.7622070313
574.2509766 5045.0268554688
574.8248901 4518.7919921875
575.3389282 18630.06640625
590.3422241 68057.0078125
591.2700806 17375.435546875
592.3190308 5165.7368164063
599.4238892 55045.125
600.4252319 17057.337890625
604.3331299 9140.1728515625
646.3831177 9757.1865234375
661.3295898 9076.861328125
672.34552 5734.3935546875
678.3569336 123650.890625
679.3497925 5584.1337890625
689.3840332 22482.25
690.3439941 5004.7631835938
703.4221191 39372.16015625
714.447998 42008.64453125
715.4517212 16795.046875
716.4599609 5079.8754882813
717.4136963 9329.2197265625
735.3579102 5214.6166992188
774.446167 4971.166015625
777.4160156 22660.669921875
781.4030151 16999.740234375
782.4013672 6767.7153320313
791.4453735 37935.515625
803.4265747 6559.3740234375
836.453125 56235.52734375
850.4875488 25259.875
851.4835205 15618.8701171875
861.5310059 30049.962890625
862.5245361 28589.13671875
878.4730225 131229.296875
879.4725952 5193.1806640625
888.4567261 4795.5341796875
906.4633789 7086.3935546875
932.5525513 5043.384765625
949.522522 6700.9169921875
