1320.58796508909 2
100.0802155 15011.7705078125
101.0712738 33575.1328125
119.0814896 17922.087890625
126.3130646 18966.875
129.1023254 25212.689453125
130.0873871 17566.298828125
136.0758972 225602.84375
143.1180725 29666.0234375
144.1217651 18165.03515625
147.1130524 27049.705078125
171.112854 30405.162109375
184.655304 17569.1640625
192.1014099 127956.171875
216.4916229 18076.35546875
218.149231 24413.046875
237.123291 91909.7109375
261.1556396 19314.40625
363.9389038 17544.62109375
381.214447 22181.783203125
395.1426392 20098.150390625
541.2450562 63769.453125
542.2546387 20840.134765625
616.3564453 64635.68359375
617.3565063 19751.859375
659.366272 118151.0078125
660.3674316 34464.6328125
785.4605103 20547.380859375
928.4154053 39029.17578125
929.4133911 25948.20703125
