2466.29040272717 3
170.0603638 11183.7724609375
171.1128387 34427.8125
173.0548553 4743.3032226563
173.129364 8073.7661132813
175.1087036 4751.9204101563
175.1193542 70016.359375
181.0603333 5433.6635742188
181.0976868 7959.8876953125
183.1126862 5876.7446289063
183.1493225 10255.837890625
184.4117889 5722.9291992188
185.0922699 7762.0073242188
185.1292267 6174.470703125
185.1641541 7620.2939453125
186.0881958 27184.7734375
187.0721588 10166.591796875
187.0877075 9130.337890625
187.1081238 43745.109375
195.115097 6242.3061523438
197.1289978 24894.857421875
199.0728302 6776.6108398438
199.1084595 15197.427734375
199.1805725 6237.8071289063
201.1228638 8899.900390625
211.1446686 5863.9267578125
212.1029663 9995.1083984375
213.0888672 6681.4809570313
213.1602631 11271.234375
214.1566315 5798.4594726563
215.1024323 15836.080078125
215.1389618 6085.087890625
216.09758 8622.6669921875
217.0811615 10062.5302734375
225.1594086 5973.962890625
226.0823212 9207.0419921875
226.1192322 8507.947265625
227.0827026 21483.814453125
227.1031952 30737.814453125
227.1745453 7709.2045898438
230.1150818 8440.3740234375
233.126709 9177.1494140625
233.1659851 8277.6494140625
234.9054718 5865.5668945313
238.4389801 5253.3095703125
240.0982208 5921.7373046875
240.1342773 8019.99609375
242.1141052 5616.5385742188
242.1494904 6191.3608398438
243.1330719 9111.4267578125
244.0886078 13752.2470703125
244.1123962 83913.6328125
254.1137848 7477.0546875
256.107605 6220.17578125
258.1454163 8673.4716796875
268.1655884 7078.7954101563
276.1657715 6417.837890625
283.1699219 5360.6469726563
284.1254883 29247.095703125
284.1988831 12003.8955078125
286.1399841 153632.046875
287.1402283 33585.20703125
295.1484375 9169.140625
297.1581726 11208.451171875
299.1731567 9863.478515625
300.1737061 11097.0283203125
307.3907166 7236.8837890625
310.2156982 10390.9638671875
312.1832275 48047.73046875
313.150238 8218.4306640625
315.1676636 40086.26171875
325.1516113 8383.884765625
325.1872864 12338.4208984375
329.1817627 47740.8515625
330.1422119 5856.0581054688
330.1859131 9914.9462890625
333.0896606 8792.0498046875
340.1899109 30983.181640625
341.1479492 11186.5107421875
343.1618958 50455.328125
344.1652527 5799.9052734375
346.1253052 8022.671875
347.1282654 6132.7846679688
351.2022705 9269.16796875
353.2197266 7611.4287109375
355.1988525 11716.8837890625
357.1758728 93100.5234375
358.1858215 7764.7119140625
363.1907654 6621.7436523438
371.1744995 26395.58984375
373.2106018 57768.37890625
381.1757813 33423.63671875
385.2142334 6681.4633789063
401.184021 32267.96875
410.2377319 9161.392578125
411.2259827 36337.296875
412.2193909 7627.26171875
422.2028503 9941.0625
423.2339783 31636.642578125
425.2615051 36341.62109375
428.2514038 55247.80078125
429.2548218 8457.0625
441.2343445 6979.5
456.246521 59529.95703125
457.2482605 28354.75
458.2042236 218147.5625
458.2614136 12598.9072265625
459.208374 11334.365234375
460.2416687 7298.318359375
469.2383728 7298.1235351563
478.2327576 27486.83203125
480.2456665 7704.9140625
486.2349854 9926.009765625
494.2810669 13105.4296875
498.2454834 10324.2451171875
515.1964111 9237.2998046875
528.2336426 7980.6357421875
538.3510742 73380.578125
539.355896 13027.720703125
557.2966919 79078.9609375
558.3049927 27186.654296875
565.3130493 159063.46875
566.3119507 12617.40625
571.2886963 10768.9033203125
585.3028564 8246.111328125
598.3048096 9129.5419921875
614.2381592 8676.0771484375
615.3323975 8523.4521484375
625.3167725 10629.2763671875
643.3217773 8469.4306640625
653.3787842 36373.2265625
667.3058472 8430.388671875
680.3362427 42300.99609375
680.4464722 13266.7724609375
690.3438721 8299.1474609375
704.3608398 40496.859375
708.3590088 8285.5048828125
747.3719482 10804.9033203125
764.4016113 10390.970703125
775.4000854 43054.22265625
778.361145 13026.236328125
781.4370117 34748.60546875
782.440918 28934.84375
803.4014282 9096.0498046875
840.4111938 34007.890625
841.4082642 25028.3359375
851.9370117 13730.193359375
856.4440308 12199.630859375
856.946106 9878.2861328125
857.4632568 12117.96484375
888.4847412 10784.4521484375
890.475647 167773.46875
891.4819946 33045.54296875
892.4758911 15816.1279296875
900.4666138 24755.92578125
909.4934082 68107.375
910.4967651 38558.4140625
940.9694214 10959.8671875
941.4710083 13243.693359375
947.4960938 422718.65625
948.5025024 62662.9453125
949.4909058 36081.03125
949.991333 15229.146484375
950.4901733 13413.6240234375
963.4975586 11153.0439453125
964.494812 9468.8408203125
980.5322876 111931.78125
981.5307007 67817.9296875
982.5356445 9926.228515625
984.4562378 9319.560546875
991.5112915 16269.015625
999.4962158 12429.771484375
1008.503784 53336.1015625
1009.499146 10779.1533203125
1058.530396 87019.6640625
1059.520996 27146.83984375
1076.539551 410683.0625
1077.542847 77311.8671875
1090.580444 10619.9794921875
1091.56665 41329.5078125
1092.570435 11751.240234375
1108.580322 81178.90625
1109.599609 62008.3046875
1110.5896 10186.6171875
1114.123413 23338.634765625
1114.606812 26702.453125
1149.616089 9391.564453125
1189.621704 53380.375
1190.62207 14494.98046875
1204.621826 14754.9208984375
1223.63562 11172.12890625
1246.644653 218918.296875
1247.654053 46160.9296875
1255.656372 120877.546875
1256.656372 101659.96875
1257.658203 37858.9609375
1368.741089 74533.09375
1369.744141 51725.79296875
1370.769287 12090.666015625
1379.681519 9573.029296875
1432.700806 10940.05078125
1554.838257 11647.4814453125
1711.886841 14495.888671875
1712.860718 11147.3037109375
