1411.57147815825 2
101.0715408 263951.875
102.0554657 32277.59375
104.0535965 78469.78125
104.8232498 14978.48828125
110.0715561 64766.15234375
112.0876236 30098.302734375
113.0712051 25841.84375
115.0505371 188043.734375
115.0876083 22984.9375
116.0709229 15987.6357421875
120.0810242 34236.8515625
129.065979 32985.5703125
129.1024323 89448.734375
130.0654297 109556.4921875
130.086792 20822.166015625
132.0810547 244327.984375
133.0848846 22398.890625
136.0761261 60204.921875
140.0814209 16916.26953125
140.3851471 14524.841796875
141.0661774 23387.625
143.1184235 30280.630859375
145.0605621 30033.990234375
145.0970306 18252.0625
147.1132355 21447.46875
150.8178406 16515.806640625
157.0602722 15373.3779296875
158.0924377 70798.6640625
159.0915222 167315.484375
169.0610657 27147.759765625
169.0760803 19743.689453125
170.0605621 92681.9609375
173.0561829 90802.1171875
174.2825928 15967.3466796875
175.1191864 435683.3125
183.0919952 25417.962890625
183.1494904 30968.193359375
186.0876312 62395.32421875
187.0869598 241365.90625
188.0904388 21073.244140625
198.0879822 16231.380859375
199.1813354 18835.189453125
201.1251526 19041.966796875
225.0985107 15760.765625
228.1133575 17329.3359375
229.0979767 19402.05078125
229.1178436 50380.515625
230.0781708 28361.19140625
242.1145477 17421.201171875
246.1238861 614534.8125
247.1272583 71898.7265625
248.1015472 49684.5625
253.0948181 25467.056640625
255.108017 59409.7578125
259.0912781 30518.072265625
261.0905762 22239.078125
269.1259155 26154.056640625
270.1080933 36558.25
272.1253662 29692.822265625
273.1190491 68680.7890625
274.1184692 333178.84375
275.1218872 26611.2890625
290.1451721 19439.61328125
291.1456604 30045.822265625
295.1409607 28464.44140625
298.1166687 18434.1640625
319.1395264 33287.40234375
333.0858765 28443.033203125
375.2033691 22689.68359375
377.2289124 18490.15234375
403.1704407 16779.626953125
404.1549377 15613.666015625
421.1887512 55792.2109375
428.1955261 16079.015625
432.2661133 16259.8623046875
446.1717834 25609.67578125
455.1891479 17134.283203125
484.2835388 22360.232421875
551.7236328 29631.111328125
552.2203979 66012.046875
560.7301025 83585.875
561.2303467 30027.041015625
609.2407227 56365.46484375
649.2419434 22158.70703125
663.3579102 158558.84375
666.2684937 595004.25
667.2734985 162860.84375
668.2688599 57947.10546875
689.3342285 117085.765625
690.3647461 17569.01171875
705.4044189 28918.234375
706.3590698 325721.125
707.3701172 124337.6171875
751.444519 66194.75
763.2811279 23562.3515625
764.2836304 18135.765625
781.2945557 200433.359375
782.2905273 83579.125
783.2924194 21229.306640625
851.3390503 18957.064453125
852.326416 176520.984375
853.3284302 36686.6328125
953.3712158 94589.765625
954.3775635 63710.8828125
992.3730469 60319.9921875
993.3807983 33103.10546875
1010.401245 414345.34375
1011.409424 187126.890625
1012.401917 79586.1875
1103.448364 18336.548828125
1120.447144 32113.884765625
1121.44812 132434.3125
1122.414185 69963.7578125
1123.422607 56652.58203125
1138.44519 91015.96875
1139.450073 71152.6796875
