895.433775437936 2
70.06596375 409397.96875
72.08161926 417527.46875
74.06092834 77994.0625
84.04508209 649546.0625
84.08152008 275877.4375
86.09712982 2532602.25
87.05596161 78888.953125
87.10042572 93483.203125
91.05518341 45273.078125
91.68288422 44207.390625
92.02854919 48740.7734375
96.08851624 36239.328125
101.0715256 177355.53125
102.0553589 498094.5
103.0542755 49512.875
104.0531464 78106.046875
110.0718231 145213.359375
112.0871506 46870.59765625
113.0715408 58327.21875
114.0662766 67330.703125
115.0504456 72356.34375
115.0867691 57009.5078125
116.0712433 79538.3359375
118.3309937 35239.83984375
119.0493088 54424.8515625
120.0811081 3717033.5
121.0843887 226918.484375
129.0658875 268345.625
129.1024323 364734.75
130.0661469 46278.6796875
130.0863037 152772.34375
130.0963745 53765.74609375
132.0817413 41455.19921875
136.0758209 1354443.875
137.079071 164769.28125
141.0661316 79169.15625
147.112915 251480.203125
158.0922394 343522.625
158.8495636 35606.50390625
159.0920105 189344.84375
170.117981 81632.828125
173.1287537 738053.4375
174.132309 41277.16015625
175.0891724 76789.5234375
175.1191864 1002310.375
185.1652374 60875.546875
193.0958862 68696.890625
195.4446716 42589.296875
197.1286469 797762.0625
198.1320343 78025.9375
199.1803131 285115.9375
201.1236725 421076.375
212.1031952 48769.2734375
214.9825439 34361.6953125
215.139389 1079715.375
216.1430206 94997.2109375
221.0933685 64592.4375
225.1021576 35057.96484375
225.1239319 201900.796875
227.1759338 54140.02734375
229.1289215 191197.53125
233.0934296 69997.59375
233.164444 153020.15625
240.0977478 58389.25390625
243.1334229 85966.9375
244.1655121 287253.28125
246.1558685 294244.9375
249.1236572 341199.4375
250.1261749 78176.2578125
274.1868286 78159.03125
277.1195679 425623.28125
278.1186523 58404.984375
279.0980225 43310.62890625
294.1809998 226330.609375
314.2075806 148041.46875
331.1993713 45948.3203125
360.1688538 130364.421875
377.1967773 896625.75
378.1979065 226817.953125
387.2703247 70522.25
418.7067566 41775.96875
439.3663025 42207.7734375
460.9834595 39815.57421875
471.3604736 40898.0625
473.2684937 44206.21875
488.230957 269132.34375
489.2167969 54202.50390625
500.3556213 48818.296875
506.2400208 786206.25
507.2409363 254620.875
508.2397156 48049.79296875
566.5578613 45226.75390625
615.3804932 78956.1640625
616.383728 81044.125
636.3018188 38286.625
653.3077393 551270.5625
654.3065796 322146.0
655.3105469 49796.76171875
690.5368042 38576.375
918.1195679 48279.578125
