2717.04802269286 2
192.9779205 8282.916015625
193.0973969 12743.6259765625
219.1125946 13711.86328125
221.09198 12745.2490234375
233.0922394 16526.9765625
234.0978088 7296.6923828125
243.1077271 7253.6411132813
247.1102142 8175.1098632813
249.572937 7013.8178710938
278.1141968 17689.84375
290.1132202 29152.736328125
290.1454163 7374.9155273438
304.1292419 7949.4750976563
307.1406555 31013.30078125
307.7271118 8010.1821289063
311.1398315 8111.4111328125
335.135437 17974.509765625
350.954895 7586.0122070313
361.15271 16140.615234375
376.1127319 7047.1240234375
377.1789856 11411.4873046875
378.1785583 9646.404296875
381.9229736 6931.4951171875
393.1446533 8415.091796875
396.1554565 8402.8974609375
409.4144897 7120.1225585938
417.1785278 7589.552734375
418.1713562 10129.76171875
425.1802368 11314.025390625
434.2009583 76671.4921875
435.2050171 33868.87109375
445.1852112 14894.654296875
451.1448975 7666.5341796875
453.1788635 28236.759765625
463.1954651 12022.7919921875
470.2062073 18599.849609375
510.2001343 17187.98046875
524.21521 27989.234375
555.2219238 8457.2333984375
581.2663574 49426.6796875
598.2617798 9599.6708984375
608.2496338 32370.623046875
614.5897827 9189.263671875
621.2715454 10689.826171875
638.2913208 138487.328125
639.2930908 36281.1640625
801.3546143 34320.05078125
842.3146973 13695.095703125
858.3756714 299348.84375
859.3744507 120664.6328125
860.3806152 17382.91015625
967.7943726 10466.2177734375
973.4013672 55327.765625
974.4069824 31753.32421875
989.5775146 74546.46875
990.5922241 46381.41015625
1087.44104 68874.3125
1088.453491 64865.84375
1089.447144 15479.4677734375
1250.507935 16748.216796875
1251.5271 27539.5859375
1307.519409 122178.171875
1308.532227 69690.8125
1309.54895 16260.96875
1359.694824 13781.810546875
1360.752441 10309.611328125
1404.544067 12351.06640625
1421.559082 54143.734375
1422.590454 61044.96875
1584.614502 61570.44140625
1585.640137 63412.4921875
1586.641479 16113.6298828125
1699.656372 45492.109375
1700.671631 17758.91796875
1814.691895 44899.0
1815.695801 27173.08203125
1977.750244 14803.7890625
2034.765869 17860.654296875
2035.77124 16623.97265625
2036.773804 12865.017578125
2091.784668 26694.373046875
2092.807617 29224.888671875
