1278.757924 2
92.01696777 43963.6640625
92.03205109 38120.84375
98.06058502 107457.5234375
101.0713196 98821.46875
102.0555038 75227.7578125
104.0536346 44993.75
110.0718918 58815.125
112.0873718 9554.759765625
115.0870132 82328.75
120.0811462 246698.75
121.0851135 21711.11328125
126.0551453 117810.2890625
127.0874634 9931.0068359375
129.0660095 22468.861328125
129.1026154 151052.96875
130.0505219 13909.3544921875
130.0656586 23159.662109375
130.0865631 61043.921875
132.0801392 11450.9921875
134.0267792 13808.2744140625
136.0760498 128416.2890625
141.1025085 66004.0546875
143.0813446 69243.046875
143.1175995 13132.66796875
147.0760193 13674.0244140625
147.1131134 118908.3125
155.0827637 10668.3154296875
158.094223 11994.3896484375
159.078537 17682.83203125
159.0919189 105973.8203125
166.0861206 37726.328125
167.0813904 17188.98046875
167.1181641 46916.29296875
169.0973053 47068.02734375
169.1339264 43482.21875
170.0924225 11193.630859375
172.1075287 14092.509765625
173.0569305 12342.787109375
173.1287384 13328.642578125
175.1193542 141669.375
176.0204926 11671.5361328125
178.053421 243342.046875
181.096817 11868.8583984375
183.1124115 37142.8203125
183.1489716 18494.47265625
184.0725555 10693.8037109375
185.0923615 16363.51953125
185.1654663 54324.97265625
186.1237488 48237.09765625
187.070816 14509.052734375
187.1448822 38431.75390625
195.077713 11729.5546875
195.1127777 52504.39453125
197.1291351 21193.484375
199.1804047 141273.0
200.103363 18177.95703125
200.1835022 14191.16015625
201.1234436 92852.7421875
203.019165 38247.015625
203.1188202 16830.947265625
211.144043 42521.3203125
212.1026459 18182.82421875
213.0878754 36163.71484375
213.1602631 39561.8828125
214.1188507 58515.96875
215.1398926 58664.390625
217.1373138 41526.77734375
218.1501465 12107.1162109375
219.1484528 14070.8896484375
225.1233673 23933.162109375
226.1185303 41031.76953125
227.1023407 19446.80078125
227.1756134 84987.0078125
229.1183167 52523.875
233.0952148 11267.3466796875
235.0461273 19667.0703125
240.0987396 12447.6162109375
240.1358185 12045.5654296875
241.0804749 14842.2138671875
243.1343231 41827.12109375
244.0928192 12659.275390625
244.1664124 17411.66796875
245.1322327 13819.2958984375
246.1252441 17529.908203125
246.1811218 17560.751953125
247.1452942 13028.216796875
249.1602783 15142.482421875
251.1213379 19704.6484375
254.1500244 11482.5615234375
258.1076355 11368.455078125
261.0895996 15431.9189453125
262.1172485 12159.533203125
272.1757202 11815.9208984375
274.1195984 21548.796875
274.1870117 21163.13671875
279.136322 19775.953125
283.1425171 11765.9072265625
284.1248474 39547.53125
307.6801758 13388.125
326.1712952 18842.689453125
341.2197571 13018.4091796875
343.1608276 11880.1328125
350.1436768 15417.46875
358.160614 15966.2880859375
368.2270813 21391.66796875
385.2555542 22336.234375
397.2085876 11115.302734375
408.1600647 16217.2958984375
425.1368103 10312.4189453125
436.752594 128588.859375
437.256073 48742.2109375
468.2487183 10576.2919921875
472.2748718 43566.48828125
485.2790527 344300.15625
485.7823792 192531.953125
486.283783 42449.1484375
524.8304443 10805.2763671875
533.8061523 69684.5234375
534.3054199 43938.83203125
546.2987671 16688.7421875
585.2967529 12562.6728515625
595.3931885 19752.640625
614.3513184 70420.75
615.352417 14127.5390625
632.300293 11525.7431640625
654.3882446 19954.876953125
704.4107666 69137.171875
705.4118042 20413.498046875
727.4337158 16621.73828125
775.4453735 98165.1796875
776.4459839 38211.01171875
803.3571777 12183.41015625
838.439209 14308.5263671875
872.5004272 229991.265625
873.5007324 121781.703125
874.5048828 22615.646484375
890.4151611 11150.2392578125
953.5932007 11141.3955078125
969.5543823 78158.0546875
970.5462646 62538.1484375
971.5545654 16389.083984375
1033.503906 12997.36328125
1035.494385 12868.84375
1066.605957 41082.109375
1067.598877 37723.0703125
