1426.75745099321 2
101.0351563 18124.724609375
101.0714035 59356.69921875
102.0555115 76242.6328125
107.7007065 12283.8115234375
110.0718613 66234.5390625
112.0875244 12795.2333984375
115.0872116 14825.521484375
119.0496979 17152.392578125
120.0810852 207999.15625
121.0846863 23952.34765625
126.0549164 16511.830078125
127.0872345 29317.943359375
129.0664673 49463.2578125
129.1025696 156610.1875
130.0862579 86516.53125
136.0758514 578167.0625
137.0795898 46207.046875
139.0839691 11065.9052734375
141.1017609 22901.140625
143.1179962 16131.4580078125
147.0769958 17332.736328125
147.1128998 167801.296875
155.0808868 102011.3359375
157.0970764 18363.693359375
157.133255 18783.65625
158.0566711 13627.9013671875
158.092865 17156.791015625
167.0817261 10967.0556640625
169.0986328 41017.37109375
169.1333466 49442.00390625
171.0768127 26612.93359375
171.1136017 21900.2578125
172.0721893 66765.71875
173.0924072 82799.4296875
173.1291504 25825.447265625
175.1191254 140784.359375
178.0540009 13755.8681640625
181.0605927 15165.1640625
183.0770416 113878.984375
185.09198 22087.07421875
185.1293335 51293.046875
186.0866089 21760.287109375
187.0716705 16895.146484375
187.1433716 15988.111328125
189.0870667 25631.6796875
195.1124725 11950.486328125
197.1284943 83803.2109375
198.088501 19676.302734375
199.0710297 27726.865234375
200.103363 17820.46875
201.0874634 26533.177734375
201.1235046 64550.30859375
211.1445618 50641.15234375
212.1029205 111954.734375
215.0773468 12998.9052734375
215.1386261 23745.369140625
216.0428619 15599.72265625
216.0969849 37467.6484375
217.0820618 23593.013671875
223.1080627 54717.41796875
227.1755981 56297.28515625
228.1342621 28823.12109375
233.0917511 15294.2314453125
233.1659393 52004.27734375
235.1442719 23767.28125
240.0974579 16499.54296875
240.1349487 14617.9287109375
241.0945282 18765.685546875
243.1085968 51692.15234375
244.1663513 22507.984375
249.1602783 60518.94140625
251.1035309 20088.99609375
255.145813 59415.77734375
256.1667786 20361.2734375
258.1098633 64758.2421875
261.1596069 13502.09375
266.1165466 13990.3056640625
266.1481934 16411.09765625
269.1257019 14416.3271484375
271.1772766 14231.0771484375
272.1000977 16227.5380859375
272.1714478 63831.8125
283.1400146 74254.421875
283.1724243 13297.525390625
284.1630554 23176.1171875
292.1677246 16696.314453125
299.1712646 23418.833984375
310.1766052 137424.109375
311.1360168 63342.55859375
311.1766663 19930.4296875
313.1882019 13199.3642578125
328.1969299 15700.70703125
331.1976318 67327.6640625
340.1607361 16177.3583984375
341.2182922 13938.2978515625
349.2086792 15524.9892578125
356.1920471 29410.498046875
364.1865234 55600.79296875
365.1878357 15397.0625
368.1547852 84871.8671875
369.1523132 22799.984375
370.2096252 46150.8828125
375.2247925 21164.26953125
387.7798157 12372.7685546875
388.2193298 240969.734375
389.2229309 24427.001953125
390.5102234 14901.4716796875
392.1782227 16872.068359375
403.2168579 12319.6005859375
407.1634827 16695.423828125
409.2439575 17490.146484375
425.1777649 118439.34375
427.231842 14841.5849609375
428.2284546 13368.947265625
431.1569824 57026.59375
455.2989502 13401.7470703125
458.2011108 20414.806640625
483.2915039 17942.1875
488.3081055 18275.775390625
499.2500305 73313.2421875
511.258728 14127.8642578125
517.2588501 141277.828125
538.2597046 62019.62890625
572.3106079 83316.2109375
573.3058472 30043.5
616.324585 72797.03125
617.3335571 17288.896484375
645.3305054 23506.080078125
646.355957 15023.7197265625
658.3262329 19360.359375
669.3939209 18107.228515625
670.4192505 51243.9609375
671.3562012 97407.59375
680.331604 22443.265625
687.3707886 138898.578125
688.3588867 22085.65625
712.3962402 113346.5546875
713.4221802 255263.25
714.3626099 58326.765625
714.4680786 17605.650390625
715.3981323 23809.080078125
736.3708496 15964.1650390625
756.3325195 14275.1689453125
772.4118652 52430.81640625
773.4245605 22445.71484375
781.3665771 25370.716796875
793.3626709 13619.1552734375
800.4511719 93414.03125
802.3613892 28176.201171875
827.34729 19380.3359375
831.3914795 20566.6796875
832.4059448 67253.7109375
833.4072876 28368.880859375
834.4036865 49948.8203125
871.4881592 161848.140625
872.4797974 67059.328125
889.4295654 20626.435546875
890.4351807 59485.96875
891.4378052 21084.802734375
901.4117432 14546.021484375
912.4039307 21749.619140625
935.472168 13771.6796875
969.4215698 56295.859375
970.4273071 27064.63671875
984.562561 21802.26953125
1040.466919 19764.26171875
1041.453247 18261.16796875
1098.603638 56898.90234375
1099.622314 25194.509765625
1270.985474 17307.625
