2550.17400566033 3
179.9920349 1092.9620361328
185.0908051 1237.0603027344
201.1231384 1866.7180175781
210.0244446 1980.3426513672
210.079361 3038.2648925781
235.1055756 2474.2763671875
235.1426544 2696.7817382813
240.0960999 5404.7451171875
240.1331635 1396.0344238281
241.0799103 1701.6756591797
244.0906982 1354.0272216797
246.1258392 1809.6462402344
257.0947266 1442.7836914063
258.1070862 6809.7451171875
258.1438904 2980.583984375
263.1011963 1405.3601074219
263.1372986 1393.0266113281
274.1210327 16933.91796875
275.1220093 1937.9639892578
276.1560364 4649.7587890625
277.1175232 3005.4387207031
286.1202393 2327.0310058594
296.1065979 1726.08984375
300.1531982 2603.0473632813
324.1003418 2814.4094238281
346.174408 4799.08984375
369.1394958 1581.8781738281
370.1261597 1578.388671875
387.1568604 1421.1214599609
392.1435242 5565.3486328125
423.1681824 5957.6870117188
437.1824951 11605.5791015625
476.27005 2764.7307128906
494.2018127 2481.578125
505.2398376 2102.9001464844
508.2591553 2156.6225585938
563.303894 5454.5336914063
607.2940063 9660.5166015625
608.2910156 1539.7161865234
649.2479858 5780.4765625
650.3339844 7770.65234375
669.3167725 1660.4288330078
719.3522949 1900.8801269531
720.375061 6783.0390625
737.3638916 13313.5478515625
738.3739624 2934.7490234375
808.3974609 27166.619140625
809.4060669 8718.5517578125
810.4103394 2740.3522949219
835.399231 5883.072265625
879.4338989 13573.7138671875
880.4420166 8493.3818359375
881.4344482 1735.0455322266
980.4816895 14793.00390625
981.4876709 8156.2060546875
1033.503662 2364.9489746094
1051.515137 7438.2724609375
1052.528442 7307.4340820313
1182.568115 2955.5422363281
1183.563477 2367.7155761719
1370.621582 2086.1569824219
1528.316772 2395.2302246094
2060.971924 1897.1198730469
2568.889648 1991.6802978516
