2312.11761425504 2
159.0916138 57034.32421875
167.0819702 35530.05078125
175.1191711 30057.53125
187.1444244 37155.0
194.0920563 33917.453125
195.0764618 47914.16015625
197.128006 22098.69140625
199.181366 17322.8125
203.1192627 307204.875
212.1031799 239440.9375
213.0873871 58337.7109375
213.1059875 22785.048828125
215.1389923 45625.625
216.0961151 21502.7890625
219.1138153 94193.921875
223.0718689 24235.126953125
225.1239166 29365.314453125
228.1345978 194188.390625
230.1148071 133032.09375
231.1154022 112079.53125
233.1657257 38561.3828125
240.0989075 29152.1640625
241.0823669 28512.697265625
242.151123 195990.53125
244.0926819 21346.478515625
244.1331329 23055.28125
246.1230621 19244.525390625
247.1092377 24732.79296875
248.143631 27591.814453125
249.1236572 40770.390625
251.1225891 297500.25
252.1255951 42108.54296875
257.1258545 40669.515625
259.0901184 33897.7578125
259.178833 21710.169921875
261.1608276 104041.0390625
262.1586914 28229.6875
264.1347046 49413.0234375
266.1509399 31044.791015625
275.1037292 42912.9140625
276.6550293 19720.271484375
279.1166687 499204.71875
279.1453247 27322.798828125
280.1208801 22317.82421875
280.1660461 25055.94921875
281.4912109 20141.3359375
285.1573792 36311.8828125
288.1678467 23806.677734375
292.1309814 20046.958984375
293.1152039 25681.384765625
295.1437988 40802.359375
297.1932373 32878.66796875
299.1724548 31103.736328125
308.1609192 58251.70703125
309.1579895 154284.1875
311.1712646 228494.65625
314.1521301 36406.35546875
316.1676941 37629.28125
325.1872559 159049.65625
326.1760559 34270.09375
329.1827087 109845.78125
332.1970215 37000.35546875
333.1952515 198816.90625
343.1512451 20841.875
343.1974182 45036.9921875
344.1975098 264488.21875
347.1788025 46886.1796875
350.152771 47784.6328125
359.1750793 109483.0546875
362.1565247 51554.14453125
362.2077637 103276.921875
363.2108154 25641.228515625
366.1809082 116907.3046875
370.209259 102237.6484375
372.1808472 32054.904296875
378.186554 137120.25
382.2112732 51023.66796875
392.196228 50750.78125
403.1627197 56778.23828125
404.1473999 25684.625
407.1745605 51531.01953125
410.2041016 146066.015625
415.2359924 109059.75
421.1748962 32775.5546875
422.1607056 56805.63671875
424.2550354 34057.57421875
427.2370605 36287.9140625
431.2070313 31711.212890625
432.264801 25822.603515625
442.2137451 144459.203125
443.2196655 37820.29296875
445.2816162 50893.97265625
446.2492676 28912.248046875
449.2222595 108997.7578125
450.2234192 31125.7734375
452.2015991 28054.38671875
461.2243042 93121.828125
462.1969299 26830.6015625
465.2424011 28177.80078125
473.2441101 119769.421875
475.2402039 47668.10546875
491.267334 48834.95703125
497.2323914 132875.03125
503.2996216 155196.390625
506.2476501 47489.3359375
515.2075806 47592.37109375
526.2722778 26207.4609375
531.3001709 26595.673828125
532.2025757 30979.443359375
533.1947632 41466.51171875
534.1895752 39959.32421875
544.2634277 27186.396484375
545.2828979 27782.078125
546.2819824 35358.3828125
548.2478638 29747.212890625
550.2158203 38776.6953125
551.2803345 30874.19140625
554.1842041 23814.251953125
562.3040161 57467.29296875
565.2901611 40849.6171875
574.3153687 144667.5625
589.2846069 151695.109375
594.2528076 50670.890625
596.2913818 47324.8515625
603.3016968 37355.27734375
607.2949219 89360.703125
612.2631226 441338.15625
613.2672119 48489.06640625
632.3477783 88920.5234375
687.8219604 32969.9609375
688.321228 38459.3984375
691.3509521 32865.85546875
693.343689 39499.2265625
702.3751831 50246.83984375
721.3901367 56051.72265625
722.3846436 33837.546875
734.3050537 43614.2421875
743.3085938 141450.734375
763.3822021 156839.5
764.3790894 35850.0
791.357666 43566.42578125
836.3602905 29260.6328125
844.3475952 94765.890625
846.3303833 45471.59765625
850.4332886 40079.703125
854.3391113 35784.05078125
855.3248901 50724.39453125
872.3477783 411738.40625
873.3461914 189747.828125
878.4107056 56085.6015625
908.3738403 46621.42578125
915.3936768 138029.515625
916.3942261 51186.9765625
926.3571777 135499.921875
927.3713989 43588.94921875
928.3901978 28876.201171875
943.3830566 458433.5
944.3919678 242113.921875
945.3946533 95957.5078125
965.453186 53410.6796875
1014.467285 189220.53125
1015.458191 122071.7578125
1024.449951 108853.140625
1025.439331 53457.72265625
1042.452026 627664.5625
1043.456787 321706.0
1044.463135 124244.9296875
1066.493164 44755.2421875
1082.523804 41700.60546875
1113.497314 53682.20703125
1114.489868 92056.859375
1167.562378 165437.96875
1180.535156 52774.0703125
1211.506714 43154.96484375
1228.522949 47443.8984375
1229.533691 49046.37109375
1246.535278 48230.9609375
1260.560669 38331.90625
1261.562256 56503.2109375
1277.571289 217091.171875
1278.585938 224308.625
1279.601563 102692.4375
1295.600464 101619.703125
1356.635864 143207.4375
1357.621582 183400.96875
1358.625488 97383.6171875
1374.638062 1460283.0
1375.642944 1280918.25
1376.640259 415198.09375
1377.612427 69089.6484375
1408.686035 193225.40625
1409.696777 119729.5390625
1445.672729 209357.90625
1446.665894 189700.390625
1447.692871 47365.53515625
1521.789063 49039.83984375
1592.743164 185992.9375
1593.741455 186377.0625
2120.098145 43195.62890625
