1101.50950886506 2
82.78077698 80743.2421875
84.04011536 86194.96875
84.04489899 660981.625
84.08152008 1026600.5
85.98149872 95321.6484375
86.09718323 1239230.25
88.03998566 568688.375
88.4280014 83899.9140625
98.02433014 147299.046875
102.0555725 707780.0
104.0531845 92129.75
110.0716019 183460.875
120.0813065 1792460.25
126.2956009 92332.8125
129.1025085 1098761.125
129.5107422 81453.3203125
130.0864868 376726.8125
132.0809479 135293.40625
136.0756836 939140.8125
140.0710144 121411.15625
140.8661499 85989.40625
147.113205 621814.5
157.060318 128012.15625
158.0926361 95859.484375
159.0922699 546779.875
160.0796204 122311.1953125
163.4412994 89320.4921875
181.0608215 1082022.375
186.1239624 138734.125
188.3375092 102564.015625
199.0716248 472742.1875
201.1231384 164540.1875
203.1022339 109866.125
204.134903 1443656.875
217.0823517 2313491.5
218.085022 136377.890625
221.1287079 143814.4375
230.1132355 154369.765625
231.0975952 504011.5625
235.1443481 132224.8125
244.0942841 143533.75
245.0769806 805425.9375
246.1295624 105612.3984375
265.9354553 88211.8359375
277.1582336 118221.78125
283.1451721 187705.890625
311.1386414 526048.875
317.2185059 981560.875
328.1160583 171191.125
378.1664429 469112.78125
379.1688538 126047.6484375
439.1483459 105425.734375
480.2824707 396448.0
541.2325439 193830.53125
627.3522949 215353.578125
628.3573608 143470.875
661.4885254 98238.4609375
684.4042358 158139.875
857.4389038 220567.15625
858.4269409 99124.390625
894.7199707 97956.1953125
1022.688721 107638.6796875
1040.232788 129947.1640625
