956.552721133014 2
69.04560089 24580.2578125
69.07074738 47850.1875
70.02954865 30074.826171875
70.06598663 423566.78125
71.06919098 23895.900390625
72.081604 499721.15625
73.08489227 30390.4765625
74.0608902 31169.142578125
74.08917999 4968.98828125
75.056427 5897.7626953125
83.06103516 9518.59765625
84.04512024 163967.8125
84.08150482 195599.921875
85.04862213 5595.603515625
86.09714508 1245498.75
87.05601501 185432.375
87.10037994 64283.94921875
88.03991699 73466.8515625
88.05922699 6477.2138671875
91.05490875 10590.521484375
92.03469849 13300.43359375
96.04528809 6754.1860351563
98.02422333 11730.259765625
98.09740448 6544.6665039063
98.51062012 5253.9985351563
99.05604553 33554.6015625
100.0762177 8703.96484375
101.0715027 90987.921875
101.1077728 8133.7275390625
102.0556488 67874.71875
103.0546188 9692.283203125
104.0533676 92454.8125
110.0717621 171771.921875
111.0750809 6919.1674804688
112.0871582 38760.5
112.1128082 6273.0869140625
113.0710678 11352.77734375
114.0678482 5728.5776367188
115.0508347 12141.337890625
115.0868835 65127.5546875
116.0710831 36955.80078125
117.0666351 35467.5546875
119.0499344 7573.1513671875
120.0811539 862888.0
121.0846481 101161.09375
123.4499512 5325.7436523438
124.1124573 31877.81640625
126.054718 7899.6298828125
127.0505829 10102.5810546875
127.087471 21133.029296875
128.0711212 7998.876953125
129.0660248 52568.3515625
129.102478 189788.125
130.0499115 6398.1279296875
130.0655212 25059.0546875
130.0865021 121452.1171875
130.0967712 10135.0322265625
130.1062927 10769.349609375
131.1190948 5738.6479492188
132.0804443 13199.455078125
133.0432892 52075.82421875
136.0758667 333479.3125
137.0792236 29250.638671875
138.0913544 12407.896484375
141.0658264 23478.990234375
141.1023254 38045.47265625
143.0807648 18247.416015625
143.1180267 60546.5703125
144.07724 9906.5341796875
145.0610199 40225.79296875
146.0623779 5634.9301757813
147.0769501 9417.466796875
147.1129456 158199.875
155.0816956 8347.6630859375
155.1177826 85632.4140625
156.0771484 12962.365234375
156.1130066 12424.4677734375
157.0610809 28391.8515625
157.0971222 20153.451171875
157.1086578 12809.0439453125
157.1340485 23841.146484375
158.0922699 75767.8828125
159.0790405 11952.8486328125
159.0918427 123378.59375
159.1132355 34630.61328125
160.0952148 9816.166015625
163.0866089 79647.640625
164.0901184 9039.0537109375
165.1024323 123484.609375
166.1058807 27579.77734375
167.0932922 9679.9755859375
169.0603027 9193.9287109375
169.0979919 13320.4404296875
169.133667 206160.109375
170.0607605 41611.84765625
170.1371307 10100.4287109375
171.0769958 6456.79296875
171.1130829 53287.64453125
171.1495514 35558.86328125
172.0720978 21920.666015625
172.1158447 8871.20703125
173.0922089 24261.828125
173.1282959 62036.7421875
174.0876312 12498.4140625
175.1191406 366272.6875
176.1070251 22652.142578125
176.1223755 24051.845703125
178.0504761 30138.13671875
181.0962677 8279.7333984375
182.1289368 8869.9365234375
183.1131592 132900.203125
183.1490936 92143.0625
184.0723267 44341.51953125
185.0561218 9636.59375
185.0921326 14040.1337890625
185.1290588 34048.65625
185.164917 48467.2890625
186.0908966 6951.2280273438
187.0723724 6929.6264648438
187.0912323 15716.5927734375
187.1085663 39577.6640625
187.1442719 81040.828125
191.0821991 23283.462890625
195.0882721 8363.7978515625
195.1135559 14009.0751953125
197.1289215 79700.0078125
199.108902 6138.2705078125
199.1446075 24677.30859375
199.1806488 90318.328125
200.1394806 312368.5
201.1078796 6887.2373046875
201.1236115 55183.98046875
201.1425781 37469.65234375
202.0829163 34442.94921875
204.1351013 25192.17578125
205.1007233 6670.314453125
211.1079102 10898.126953125
211.1440887 71019.1640625
212.1031036 21387.46875
212.1474457 5734.4262695313
213.0865784 11310.5673828125
213.1251831 23482.541015625
213.1601563 12714.51953125
214.1185303 8832.396484375
214.1552734 7273.7451171875
215.1391602 62222.703125
217.1372681 133244.265625
218.1414032 13440.49609375
221.1291962 27940.658203125
222.1312256 5910.33203125
223.1080933 26508.05859375
223.1539612 6673.9614257813
225.1243286 21036.427734375
226.1201935 10721.162109375
227.1762543 26809.73046875
228.1343994 72168.2734375
228.1712341 7810.7568359375
229.0951538 8948.04296875
229.1374969 7610.880859375
231.1137543 26938.384765625
233.095932 22755.48828125
235.1438293 134721.828125
236.1475372 22744.87890625
240.0988617 7732.873046875
240.1347046 32029.705078125
242.0811768 23489.650390625
242.1507111 23976.263671875
243.086853 8941.73046875
243.1340637 24762.83203125
244.0927887 8820.345703125
244.168045 6880.1293945313
245.1306305 12928.5830078125
246.1273193 9921.3388671875
246.1842346 8533.80078125
248.1619873 8209.9873046875
249.1244812 26519.654296875
249.1603394 26270.609375
249.674408 34189.97265625
250.1220551 5806.0751953125
251.1495514 8288.0283203125
252.0971222 7975.90625
253.1298828 11379.8515625
254.1524963 7298.3623046875
258.0905762 8966.068359375
258.1222229 9288.7333984375
258.1451416 66898.9921875
259.1072693 35024.31640625
259.1505737 9910.142578125
260.1982422 7274.1547851563
261.0921936 29710.501953125
262.1398926 6286.9653320313
263.1400146 22958.404296875
269.1259155 22691.56640625
269.1615906 9985.08203125
270.1454773 13594.5712890625
271.1038513 8025.8081054688
271.1764526 43038.96484375
272.1721802 72278.140625
273.1766357 8604.2744140625
274.1193237 11295.13671875
276.1321106 55696.734375
276.1595764 9016.794921875
277.116272 7685.0063476563
277.1583862 11541.447265625
278.157196 9094.60546875
282.1806335 43378.2109375
283.1031799 9000.046875
284.3848267 6484.751953125
287.1358032 27112.376953125
288.2039185 30551.322265625
292.1298828 12307.6826171875
296.1629333 8263.5068359375
296.1978149 8560.947265625
297.1565247 7037.0014648438
299.1723022 7447.8740234375
300.1931458 8228.509765625
304.162262 7067.5590820313
309.1529846 6804.515625
310.1134338 7933.8315429688
310.1785278 8965.154296875
312.190033 12048.4013671875
315.1681519 7312.92578125
319.1111755 24262.0859375
324.1542664 6662.7817382813
324.2287903 12962.3603515625
326.1708984 9926.1943359375
327.1675415 8066.1948242188
328.1252441 39133.6484375
329.0915833 7862.3100585938
340.1506958 9759.9130859375
341.2194214 28220.546875
343.2368164 8581.0751953125
346.038147 6060.9809570313
346.1382446 12144.3759765625
357.1746521 8493.3564453125
366.6795044 21660.591796875
384.2631836 6650.1059570313
385.1539001 9065.54296875
387.1873779 11348.6611328125
391.1971436 6167.9458007813
392.1323547 8779.8134765625
396.1905518 29453.14453125
399.2388916 8006.9975585938
404.1962891 23916.1015625
414.1992188 25801.6875
415.2099915 8077.1240234375
416.2592163 9381.9638671875
417.246521 10273.50390625
431.2306519 11015.259765625
436.1961975 6721.4150390625
440.2861633 37649.93359375
441.2939453 8766.587890625
451.2307129 34126.3046875
468.7557068 7374.080078125
481.3175049 39027.7734375
482.3146362 9558.9169921875
498.3405762 336699.15625
499.3432617 96310.1328125
500.3510437 24843.939453125
545.3467407 7792.8681640625
563.2811279 8118.4833984375
564.2838745 9611.0185546875
579.3251343 40736.53515625
580.3189697 36078.0
581.2949829 11553.6435546875
607.3205566 7599.9462890625
611.4259033 52230.953125
612.4271851 22579.48046875
635.2966309 23667.720703125
637.2852783 8548.1416015625
678.3978882 44374.25
679.3971558 65747.9375
680.4014893 9292.7333984375
693.3953857 49708.42578125
694.3920898 22834.771484375
698.461792 43790.0546875
699.4588623 12175.1337890625
711.3128052 89091.328125
712.3145142 27813.646484375
713.3136597 10522.4248046875
732.3527222 28463.9453125
744.4657593 7015.8432617188
748.3206787 7342.1215820313
788.4054565 10417.8779296875
789.4172363 30048.236328125
790.4315186 11181.00390625
812.4952393 11860.4296875
842.3539429 29152.92578125
843.3430176 10045.4638671875
