1982.95991532954 2
150.423584 5750.4013671875
157.1338654 6396.5703125
159.0917969 11296.0498046875
165.3079681 5604.4633789063
169.0978851 7020.0805664063
175.1186066 38633.36328125
177.8140564 6055.3564453125
185.091629 37345.78515625
187.1087189 12373.6611328125
197.1282959 6953.9077148438
207.1122437 19204.65625
213.0871277 171473.78125
214.0891418 7227.2192382813
216.0994263 10711.4150390625
230.1133881 17476.0
235.1074066 11904.7998046875
242.1508942 12609.359375
244.5528717 7754.970703125
249.1208191 8584.806640625
256.1653137 8168.4243164063
284.1295471 9879.091796875
284.1611328 46302.01953125
312.1549377 101214.75
355.1994324 17908.76171875
376.1510315 12698.0791015625
376.1950684 50376.35546875
383.1914368 62510.58984375
392.1550903 8867.6845703125
426.2370605 35214.5
454.2302551 58950.91015625
455.2303162 9895.5556640625
475.2630005 36546.86328125
476.2658997 9931.4169921875
525.2719727 18119.72265625
538.5267944 9061.6171875
539.3198853 10620.0068359375
540.3270874 9533.5166015625
541.1730347 10402.333984375
567.3175049 12134.3857421875
570.3297729 13046.07421875
574.3328247 18665.146484375
603.9019775 12221.61328125
635.569397 10144.1650390625
760.4174194 33001.15234375
965.4733887 13330.029296875
974.5032349 17212.36328125
980.4899902 129041.3203125
981.4851074 64854.26171875
982.5077515 14003.1962890625
992.5420532 13088.216796875
1060.523682 12255.6396484375
1095.52478 40759.13671875
1096.523926 37175.8125
1097.51123 48001.9765625
1098.50415 13735.431640625
1182.557617 180429.765625
1183.561768 103060.1640625
1184.556885 31367.408203125
1295.647339 111846.484375
1296.644043 86388.65625
1297.641235 35938.54296875
1306.654175 13283.712890625
1307.624878 17321.64453125
1366.676392 118367.890625
1367.682617 56102.57421875
1368.684326 49719.65625
1437.718994 103690.2109375
1438.720581 74112.3828125
1439.720947 33270.83984375
1536.766846 14338.1669921875
1537.771118 14125.1630859375
1717.213257 13025.6513671875
1746.139771 12368.1142578125
1791.947876 13849.1318359375
