2325.07475284022 2
175.1195221 5433.9814453125
181.1528168 5162.2749023438
187.1434479 5285.2099609375
197.1282043 11129.646484375
215.1393585 9113.4306640625
269.1246948 14604.724609375
307.7720337 5840.5869140625
388.197876 12923.3544921875
397.209137 8658.7607421875
416.1932068 12524.546875
425.5847473 8188.7592773438
541.2443848 8759.2734375
544.2515869 10605.8916015625
546.0916748 7573.1215820313
557.2406006 10285.2890625
601.756897 8059.1186523438
624.2399902 9477.05859375
658.2921753 27833.802734375
659.2852783 9269.4619140625
738.3295898 8689.267578125
744.2931519 8718.36328125
771.3841553 9316.76953125
931.3962402 11667.841796875
997.4481812 8491.21875
997.9416504 14048.6357421875
1006.449829 31241.416015625
1006.93927 62929.19140625
1007.441589 11938.470703125
1007.943481 11850.177734375
1097.025146 9251.5654296875
1162.582642 33039.31640625
1163.631592 48149.4375
1164.611328 29843.3046875
1187.528564 14625.568359375
1274.546631 27717.58984375
1275.551025 15735.2841796875
1411.614746 9500.7568359375
1468.626099 10995.0185546875
2011.878296 14854.5712890625
2012.839844 11172.4833984375
2305.478271 10359.5908203125
