2794.55583139702 3
195.1126404 3083.8024902344
197.1290436 1782.7368164063
199.1085968 2973.7995605469
201.1231079 2917.3486328125
209.243988 1438.0822753906
211.1438446 14009.349609375
212.1030884 23948.6484375
212.1399231 3122.59375
213.0867157 1827.8786621094
213.1052246 2276.7026367188
214.1191711 2038.5144042969
218.1506195 4323.9291992188
226.118988 2861.3959960938
228.1352539 2534.7924804688
238.1544189 1808.2878417969
240.1339264 12460.720703125
242.1495361 2938.0661621094
243.133728 2975.5129394531
244.0937653 1720.3294677734
244.127655 1346.2821044922
244.16362 2597.8452148438
246.127243 3146.1557617188
252.1341553 2684.4379882813
254.1494751 3077.4116210938
257.1268005 2450.1909179688
257.1608582 9892.63671875
258.1442871 3522.76171875
260.1391907 2901.8395996094
266.1496887 11559.6884765625
268.1640015 3254.9284667969
270.1452942 4103.9672851563
272.1614075 2447.8544921875
274.1210632 3497.2915039063
275.1715698 2240.7109375
283.1413879 1795.1770019531
283.1755066 2369.0971679688
285.1564941 17236.271484375
286.6914978 1852.4948730469
288.1343994 4143.3159179688
290.0816345 1797.9106445313
292.1298828 2283.5537109375
294.182251 1798.1234130859
297.1604309 3343.7810058594
297.1922302 16917.779296875
311.1722107 10047.87890625
313.1867065 2422.7314453125
315.2016296 1969.3474121094
319.1966248 7290.8852539063
324.2279968 2546.9875488281
325.1872253 8963.9072265625
326.15271 12881.1572265625
331.1440125 7995.0541992188
337.1860046 15936.3359375
342.1833496 2493.9458007813
343.1996155 3140.0151367188
347.1001282 2548.1923828125
355.2016907 2011.3135986328
356.1919556 3504.2487792969
360.7062073 2997.8325195313
378.1810303 4550.4838867188
380.23172 3064.7395019531
396.2240906 2885.4709472656
408.2254944 14395.990234375
409.2271423 1986.8822021484
410.2438354 2701.8642578125
414.1958923 21344.55078125
415.1999512 11137.46484375
425.2790833 2766.4851074219
439.2358704 2940.2351074219
461.2715454 3094.9753417969
471.2244873 3332.7133789063
477.2501831 3877.8083496094
485.2338257 26943.521484375
486.2394714 12040.3447265625
489.2655029 2345.5502929688
507.2919006 15162.0830078125
508.2977905 4037.9389648438
523.2131348 2368.7634277344
526.3022461 3579.8330078125
532.3114014 3406.3566894531
536.2930298 10298.6884765625
542.3162231 8490.7783203125
542.8151855 3299.5505371094
543.3234253 2169.5529785156
552.3153687 4609.1342773438
553.317749 2110.0168457031
559.2485352 2895.0529785156
578.3272705 10342.4248046875
581.8346558 3527.8610839844
590.8383789 95171.671875
591.3392334 58099.8515625
591.8398438 20933.41796875
594.3276978 7966.55859375
597.3146362 4206.5200195313
598.3171387 10800.9716796875
599.3217773 4414.28125
603.3463745 3301.5346679688
627.3311157 2577.4602050781
646.3768311 2256.7824707031
649.3693237 22817.6796875
650.3791504 7956.6655273438
651.2766724 7380.4287109375
663.8508301 2337.265625
671.3430786 2178.6469726563
674.3825684 19859.41796875
675.387085 3799.4428710938
695.4009399 2678.1391601563
703.3529053 2577.40234375
711.3996582 2611.7082519531
718.3692017 3936.9306640625
720.4000244 14561.84375
721.4138794 4610.3442382813
722.4263916 2656.203125
732.4105225 14826.2578125
733.4200439 3840.9235839844
748.3609619 2737.8256835938
750.4256592 16384.2890625
751.420166 4096.822265625
773.4525146 11495.466796875
791.4333496 12935.837890625
792.4400635 3583.3898925781
807.4472656 3148.7329101563
821.4538574 2602.3518066406
826.4112549 2804.16796875
844.4856567 9748.8251953125
851.4602661 2927.1701660156
862.4837036 3724.8229980469
863.4552612 7085.2451171875
876.3873901 3610.2802734375
877.3979492 2957.0441894531
890.5321655 3856.5451660156
915.5230713 9587.4072265625
918.5059814 7039.015625
920.5275879 10757.4140625
921.5316162 4154.4780273438
922.5247803 3049.0065917969
933.5368042 10472.6044921875
934.4237671 2698.9753417969
975.545166 2843.6166992188
986.557312 8545.625
990.4317017 4535.2680664063
991.4332886 10020.2041015625
992.4370728 2487.35546875
1001.534363 4581.8911132813
1003.566956 2647.3188476563
1010.503906 2668.8254394531
1011.50769 3534.6906738281
1019.558777 9384.2265625
1020.569824 7485.8603515625
1021.576355 13245.708984375
1064.527466 2551.4702148438
1083.610962 21534.958984375
1084.629272 14273.5595703125
1150.457886 14883.1962890625
1151.47522 9990.955078125
1152.47168 4024.8625488281
1162.63916 7765.2915039063
1180.675049 54335.56640625
1181.674927 36024.59765625
1182.672485 11715.37109375
1236.592163 3185.5329589844
1237.565918 4015.4370117188
1263.541138 2790.8977050781
1264.53479 3854.8767089844
1290.681519 10982.2392578125
1291.67981 8354.6240234375
1326.68042 7096.1865234375
1377.613647 3545.3134765625
1496.650879 7572.9565429688
1504.850098 3986.845703125
1622.606323 2705.4768066406
2648.52124 3050.6401367188
