2033.05541847683 3
147.112381 108757.5625
155.0800018 20080.642578125
157.0969696 16602.43359375
158.0913849 17339.12890625
159.0911713 26299.513671875
167.0814972 19684.0625
169.1331787 21005.580078125
171.1123657 31716.681640625
173.0542908 17656.33984375
173.1288605 32951.74609375
175.1185913 81341.3125
176.1069794 50940.37890625
183.112442 79902.9921875
183.148941 89835.5546875
185.0920563 20443.515625
185.1646118 24211.779296875
186.0891876 21476.125
186.1222992 24276.341796875
187.1074677 24878.552734375
187.1437073 82004.8359375
190.1781006 15619.28125
197.1280212 34502.453125
199.1809998 240228.03125
200.138916 23020.59765625
201.1233673 105178.390625
211.1437378 97035.53125
213.0871124 24818.48828125
213.15979 20079.34765625
215.138916 91756.9765625
216.0979767 36417.53125
221.1286316 81173.6953125
223.1069031 148858.40625
226.1545258 45144.3671875
227.1756592 153949.28125
229.1173859 31705.595703125
231.1131897 48963.640625
240.1351471 22498.642578125
242.1502686 25442.908203125
244.1660767 253033.25
249.1228943 85281.9375
250.1554718 23461.908203125
251.10289 46684.32421875
272.1258545 22530.84375
277.1552429 33768.8671875
283.1441956 83377.2734375
284.1576843 20499.12109375
288.0836182 28549.62890625
296.1936646 23408.623046875
298.1424561 21248.79296875
301.1879272 170990.140625
302.1504211 86689.921875
303.1525269 18000.087890625
311.1380615 24638.138671875
311.1723022 32887.1171875
341.1811218 41389.8515625
358.2106628 91660.6484375
370.1719055 40914.8359375
371.1226196 25238.4453125
379.1967773 22167.767578125
380.146759 22749.056640625
382.2117615 28080.8828125
387.1515808 27106.375
402.2374878 37014.84375
455.3887939 24078.87890625
459.2575684 139213.296875
462.2537537 22905.392578125
475.2267761 49556.859375
478.2290955 25759.345703125
517.2481689 98580.734375
520.2817383 26299.5546875
535.2468262 30661.337890625
556.3050537 26276.298828125
558.3271484 127368.4140625
583.2720337 24700.349609375
587.3024902 51979.8203125
588.3103638 45879.38671875
630.3338623 97575.9609375
659.3731689 161852.421875
660.366272 44183.96484375
679.3682861 27639.505859375
689.3630981 92978.1328125
717.3782959 96932.984375
718.3876343 39082.3125
731.4137573 31739.25390625
802.4523926 42389.8203125
816.4394531 41616.88671875
817.4453125 40633.30078125
820.4208374 30873.59375
821.4334717 50829.375
875.4911499 26582.46484375
887.4905396 42910.36328125
895.949585 48209.38671875
896.4512939 70520.5078125
1002.506287 32670.107421875
1026.590454 35333.50390625
1027.585693 44545.07421875
1041.503784 35210.37890625
1042.522705 34892.671875
1059.539185 165017.125
1060.538452 110386.4296875
1061.523071 39807.58984375
1158.605835 30453.197265625
1790.879517 31506.236328125
1873.094116 31028.556640625
