1839.92481715837 3
129.0654755 71548.0390625
129.1023712 47184.87109375
130.0862122 29719.025390625
131.7048492 22676.47265625
132.080658 50313.9921875
136.0758209 60254.28515625
141.0654755 25785.70703125
147.1123962 33488.953125
155.0812988 66500.6796875
157.742218 27899.05859375
159.0915833 372216.40625
159.1123047 40971.19140625
160.0945435 29213.587890625
166.6174164 28850.515625
170.0598755 149248.90625
173.0918274 37437.03125
175.118515 78529.1875
183.1134186 26224.9453125
185.0547791 34078.45703125
185.164505 72357.7109375
186.0232391 36301.41015625
187.1087036 30113.18359375
197.1280212 50634.53125
199.107605 181371.328125
199.1794434 29113.37890625
200.1385956 52300.68359375
201.1222076 40274.5703125
203.1023102 40095.7265625
204.114212 50793.94140625
214.1577759 31252.421875
215.1388245 55318.359375
227.1022339 241585.25
231.0973511 64091.46484375
240.0976563 154526.703125
242.0766144 75173.859375
242.1489258 52031.36328125
243.0800934 48223.44140625
255.144516 47977.72265625
284.1246643 58999.94140625
291.5297852 31616.166015625
298.1184692 179186.21875
311.1725159 38850.51953125
312.1684875 58469.67578125
315.1458435 306915.71875
316.1508789 47292.25
329.1942139 466892.875
335.0835266 83866.4765625
341.1872559 40440.48828125
368.296936 43756.859375
399.2137756 192881.046875
421.1804199 40300.390625
454.7404785 42865.421875
458.2365112 85143.3203125
500.3509521 45591.1953125
549.3044434 63622.890625
571.321167 453824.8125
572.3273926 158389.25
596.3079224 41361.84375
648.3724365 43503.734375
667.3626709 44637.30078125
682.3494263 57886.42578125
700.3658447 216679.234375
701.3643799 72426.484375
714.4540405 46233.49609375
761.392334 53280.359375
768.402832 56312.0234375
779.4074707 53406.17578125
780.3991699 74177.890625
793.4642944 260904.609375
794.4798584 62916.38671875
797.4143677 1168982.375
798.4151611 438008.4375
799.4352417 60102.7734375
908.4490356 176611.890625
925.4786987 224436.0
930.5115356 53219.9453125
951.4656982 73372.8984375
1017.5578 210191.453125
1054.524902 68731.796875
1518.060059 52655.453125
