1594.89717959721 3
110.071228 106596.4453125
115.0500565 35926.51953125
115.0869446 17184.291015625
119.0490112 17823.603515625
120.0812836 158732.46875
121.0829926 12017.3447265625
127.0862732 11559.296875
129.0656281 19444.9765625
129.1025391 163277.296875
130.085968 76530.75
132.0767822 26513.830078125
136.0665588 22235.953125
136.0759125 416601.6875
137.0793304 19246.3046875
140.0666351 12256.19921875
143.0812836 25811.9765625
143.1176605 27273.3125
147.1129761 124520.8125
151.4382477 11714.63671875
155.0814972 127282.6640625
157.0968018 38021.7890625
157.1330109 86531.765625
158.0922394 18448.2890625
159.0918732 31096.16796875
166.0603027 21674.912109375
169.0617676 19151.501953125
169.0975189 16371.8330078125
171.1124725 77502.6328125
173.0811005 12472.947265625
173.0923615 228218.40625
173.1286163 24362.515625
175.1187897 95537.7109375
183.0762939 92502.0234375
183.1134644 23891.181640625
185.091568 16461.7265625
185.1287384 44304.30859375
185.1650543 28704.294921875
186.0875092 100772.984375
187.1444244 15369.716796875
201.0869141 103380.796875
201.1231689 16636.095703125
207.1122437 20480.408203125
209.1401672 15599.6025390625
212.1028442 15680.951171875
213.1601868 18152.306640625
214.1195221 22122.748046875
219.1146088 15614.2578125
219.1528931 14083.7431640625
221.1283722 38799.43359375
235.1203156 268309.5
236.1216125 22408.869140625
237.1338348 70362.03125
239.0943146 39380.1640625
243.1094513 166321.09375
243.1314392 20463.869140625
246.1831207 28112.037109375
249.1226196 21383.560546875
249.1593933 71295.4296875
255.1460724 17436.41015625
257.1244507 75908.7578125
263.1428833 18651.10546875
268.1653748 34709.03515625
269.1240234 33283.2421875
270.1806335 21439.015625
277.1522522 19381.458984375
296.1607056 93445.75
297.1197815 21102.150390625
297.1631775 19351.115234375
298.1987 20702.81640625
307.1378784 16009.3134765625
311.172699 30231.482421875
312.1771545 17774.5
314.1451416 107787.2734375
325.1885376 33060.6953125
332.2071838 21177.09765625
334.1858521 165714.59375
335.1877747 23710.8125
346.7225952 28640.396484375
350.2167664 19236.810546875
353.1824646 29318.42578125
356.1942444 39471.65625
359.266449 69772.0078125
372.1687317 19340.583984375
378.2133179 25362.880859375
380.977417 20586.134765625
382.2093506 116236.4296875
383.2151184 17604.6015625
399.2335205 21462.45703125
410.2052002 32253.1796875
427.2298279 95764.9296875
447.2733765 124452.1484375
448.2806091 24451.36328125
449.2870178 30866.611328125
455.2443542 20923.296875
458.3366089 81237.5
498.260376 30124.056640625
512.2976685 26807.189453125
531.2905273 27127.30078125
538.265564 18180.7265625
546.3413086 114486.59375
547.3452148 21113.580078125
595.3955688 81667.34375
596.3961792 40379.81640625
610.3342285 37578.33984375
634.7578735 19962.1953125
675.3625488 74503.2890625
692.4446411 304657.28125
693.4505615 154642.265625
709.4013672 32722.095703125
710.4141846 29033.90625
746.4054565 58534.2734375
747.4099121 26128.423828125
821.4354248 69164.265625
855.508667 143182.78125
856.5132446 40883.640625
878.4528809 30457.931640625
968.5906372 84371.9609375
1039.636475 62463.03125
1423.921875 25931.91015625
1492.139893 23229.01953125
