1489.79865840037 2
104.0534668 56359.69921875
110.071701 400232.3125
120.0812683 168008.5625
127.0872269 31502.373046875
129.1026611 220046.921875
130.0865479 40091.50390625
136.075592 192640.203125
140.070755 25498.55078125
143.1184082 101271.3359375
147.1131592 112688.640625
155.0823669 40829.234375
157.0614166 37923.94140625
157.09758 57630.984375
158.0929108 47386.06640625
159.0917206 61726.16796875
167.0825348 39325.078125
169.1336975 145150.765625
171.0760956 28042.06640625
171.113327 130104.390625
173.0561218 27572.826171875
173.129364 42995.609375
175.1194305 208994.0625
181.0968475 28146.517578125
183.1116638 27892.048828125
183.1492004 51216.3125
185.0925751 110137.5390625
189.0696106 266779.375
197.1286011 129775.171875
199.181015 50641.38671875
200.1387787 28132.24609375
201.1234131 103422.2109375
203.0662689 123216.9609375
213.1600647 28830.318359375
226.1200256 33042.78125
228.135025 45100.3515625
229.119339 52036.58203125
233.1647034 32293.798828125
240.1337433 27138.1875
242.0858459 24964.576171875
243.1351776 132328.09375
244.0934601 47305.11328125
259.3510742 25510.8203125
261.1577759 108731.609375
280.1644897 28565.189453125
288.1584778 32683.9765625
298.1758423 46332.0078125
300.1559753 166184.953125
302.1537476 169888.015625
316.1495667 288778.625
327.2026978 28924.267578125
338.1812744 39262.703125
342.2036743 61472.12109375
357.250061 40049.55859375
362.204895 62363.94140625
368.1616211 35876.171875
386.1640015 28352.1484375
399.2224731 118815.953125
403.2019043 51458.4609375
414.2714539 154263.421875
431.1958923 134486.484375
432.1968689 41726.1953125
461.2490234 36168.3984375
463.2506104 104536.8125
497.2230225 27643.869140625
501.3008728 54014.7421875
502.2614136 52408.76171875
544.2756348 30525.025390625
550.2844238 48193.48046875
551.2794189 44073.60546875
590.2896729 47023.4765625
651.3295898 182770.1875
652.3309937 38093.28515625
669.3049316 34447.83984375
686.3825073 46772.109375
743.8452759 30074.759765625
744.3648071 108135.359375
744.8710327 51355.1640625
784.3312988 34282.42578125
817.4186401 44324.515625
818.428833 37670.625
829.4512939 33716.05078125
830.4271851 36906.15234375
831.4275513 37891.91796875
839.3795166 35288.390625
847.3059082 31095.962890625
847.4524536 577232.9375
848.4556274 191272.109375
849.4522705 35559.796875
896.4202881 47903.421875
897.416748 48603.30859375
923.7821045 32446.287109375
928.449585 55507.59765625
933.7489624 36014.58984375
945.4882813 31289.02734375
946.4685059 36054.2734375
960.5219116 143294.59375
1025.460693 60069.26953125
1026.453979 149335.15625
1059.587769 40453.42578125
1060.510376 244008.03125
1061.507324 121705.59375
1188.596802 40007.04296875
1338.44043 33614.20703125
