1819.83832771796 2
129.0654297 6230.7314453125
129.1022034 11436.314453125
130.050766 4838.8276367188
130.0680389 5975.5639648438
130.0964355 4434.1220703125
133.0604858 28372.431640625
136.0746918 6682.8544921875
147.1123962 5577.4184570313
157.1330719 10372.591796875
158.092041 31551.94921875
159.0917053 62327.90234375
160.0793304 91616.9609375
167.0805206 7028.8486328125
168.1931152 4992.4560546875
169.1324768 4914.3422851563
170.0598755 5921.3579101563
171.0769958 6405.4892578125
173.0917664 7774.431640625
175.1192474 134738.421875
181.5271301 6059.2758789063
183.1478729 5659.5473632813
185.128479 10732.482421875
191.1168671 8495.3056640625
198.0878754 8882.154296875
199.0705566 14371.455078125
200.1034851 8343.9345703125
201.0871735 10583.119140625
205.1006012 58146.30078125
209.0546875 6423.1474609375
211.1448517 7839.0170898438
212.1023712 17067.755859375
215.0851288 31129.060546875
217.0820923 30624.630859375
226.0825043 34532.9765625
227.0665588 40427.8203125
231.0613403 13546.578125
232.8022003 5867.4731445313
233.0959167 103696.5625
234.1082001 17800.8125
240.0980225 13290.7587890625
241.0820618 16812.310546875
242.1496735 13117.7412109375
244.092453 139731.0625
247.0742188 6728.7431640625
258.1082458 52714.375
259.1131592 7456.8828125
268.8268433 7843.3139648438
296.0886536 8912.453125
298.1190186 13916.94140625
307.1439819 31107.154296875
311.1358643 8044.99609375
312.1199646 16086.7978515625
313.1869507 14979.0654296875
315.1461182 32971.8203125
327.131012 15183.0361328125
329.1116638 11375.93359375
329.1447754 58575.03515625
330.1132507 36699.6640625
338.1011658 8751.8720703125
344.1710815 35214.4921875
345.1408997 54537.625
348.121521 50245.1328125
355.1267395 11270.7568359375
356.1098022 43313.3671875
357.1774597 41512.1328125
361.197937 142215.875
362.2030334 9375.3388671875
365.1487122 74475.2578125
370.1791687 9088.9814453125
373.1339722 64093.24609375
388.1001892 16492.828125
397.210907 12381.376953125
409.1388855 11259.25
426.1585388 8396.87109375
427.1484985 39191.42578125
428.225769 17638.615234375
444.1748962 36795.88671875
445.1705322 9380.525390625
454.2207947 15835.080078125
458.1692505 10910.28125
459.1549072 16776.15234375
471.2441101 11414.3720703125
472.2311096 27387.966796875
473.1851501 13368.09375
474.1849365 15229.2421875
476.1824646 37773.484375
489.2582397 162165.390625
490.2603455 49199.35546875
501.1847229 48239.44921875
527.2166748 11394.45703125
539.2493286 9204.796875
543.2584229 14246.373046875
545.2231445 43311.2890625
557.2600708 10230.111328125
572.2196655 58741.4453125
577.2383423 9415.994140625
588.2086182 10573.3251953125
605.2288208 32711.3359375
643.2612915 44394.42578125
658.2407227 14908.125
659.2304077 10813.529296875
675.3342896 184665.96875
676.3486328 69162.8046875
727.8651123 10227.060546875
728.3555908 11463.6591796875
753.3019409 13999.8447265625
788.4196167 318104.625
789.4278564 145084.8125
790.4241943 15139.982421875
867.5167236 12791.6064453125
903.4476929 211845.0625
904.4514771 104178.1484375
910.5186157 52957.9921875
911.5164185 30480.259765625
967.4026489 16881.115234375
1013.496765 36064.19140625
1014.48114 81415.1953125
1015.485046 44902.7734375
1031.505127 407526.625
1032.506592 207429.859375
1032.705444 13299.5556640625
1033.5177 76076.4453125
1066.475952 14923.330078125
1144.592896 282025.34375
1145.590576 180715.96875
1146.599731 49263.7421875
1198.599731 15986.791015625
1199.617065 13188.744140625
1215.627197 291766.375
1216.632324 197333.84375
1217.642212 55207.74609375
1326.664307 33467.63671875
1327.640747 17286.10546875
1344.673828 141428.046875
1345.674194 96538.5234375
1346.680176 33817.83203125
1357.748291 11988.1025390625
1455.701294 14198.76953125
1456.712158 14658.9755859375
1473.72168 12508.0048828125
1587.75415 38834.28125
1588.744629 36312.15234375
1589.729004 27817.578125
