1389.70346744742 2
101.0713196 81366.125
117.1025238 139076.1875
120.0810928 457527.125
129.1033478 532483.8125
130.0870361 104228.5078125
133.0430908 120569.375
136.0759277 2707241.25
137.079422 290804.71875
147.1128387 130533.6796875
148.993042 79905.9296875
154.3207397 74913.8046875
157.0976715 399643.9375
158.0932159 102136.828125
167.0822754 114214.5234375
171.1487427 120208.59375
173.1287537 363383.96875
175.1196289 369489.71875
177.9106445 75759.46875
185.0927124 148955.328125
193.0975189 3103324.0
194.1003418 320216.78125
201.1232147 1092911.125
216.0976257 81297.625
216.1348724 93350.53125
221.0921478 1668738.375
222.0944061 108198.234375
223.0935516 87329.15625
228.1346283 433355.96875
232.1118622 130326.4296875
233.1292725 967408.0625
233.1649933 133457.96875
234.1458435 156926.1875
235.1471558 79313.5
246.0648499 76792.0390625
256.1298828 93083.4453125
261.1235046 867066.4375
262.1270447 134542.140625
263.1018066 89089.3828125
268.1671143 88661.1015625
277.1546021 94490.5234375
283.1441345 112907.0703125
289.1550598 127448.4609375
299.1697693 86525.6171875
311.1386414 79662.4375
330.1451111 121330.0546875
334.1767883 526813.5625
335.1908875 393236.5
348.1556091 464825.78125
399.9418335 82819.5
408.1929626 947645.5625
409.1953125 289046.1875
421.2068787 307779.75
422.4701233 83767.1953125
431.2251282 118099.609375
432.2138672 297121.8125
449.2363281 1081462.75
450.2407532 142949.484375
467.22995 122989.6953125
485.2559204 398621.1875
485.7561646 100117.5078125
495.2245178 395387.0
521.2747192 115254.671875
562.3200684 649883.25
636.6361694 78127.3671875
656.2115479 85951.296875
673.3457642 92933.8359375
693.104187 87638.1875
694.4099121 77812.484375
709.3882446 856358.0625
710.3901367 553604.875
718.3477783 102973.9140625
872.4466553 581815.4375
873.4456177 129239.25
952.4793701 104569.984375
969.5055542 1128752.5
970.5057373 693788.625
971.5042114 127370.6640625
1056.527222 472768.1875
1057.530518 350474.71875
1074.580811 126003.8671875
1085.182495 95164.328125
1169.597046 115003.171875
1170.615356 100055.890625
