2244.09966650657 3
167.0813141 22748.39453125
169.096344 13077.04296875
173.1285248 28793.5234375
175.1190643 59671.8359375
181.0600281 10555.337890625
181.0982056 12596.271484375
183.1134186 12282.990234375
196.8824005 12316.94921875
199.0709229 15185.9951171875
201.1231232 64208.92578125
209.092804 11826.197265625
212.1032104 136702.609375
213.0870209 26335.669921875
213.105545 16458.259765625
217.0818939 11002.3134765625
226.1186066 23683.8125
231.0974426 25751.42578125
240.0988464 17456.359375
240.1346436 61122.79296875
241.0823364 12818.4169921875
244.130127 29215.9375
249.1600189 63330.42578125
253.1656036 15369.1650390625
258.108429 15394.46484375
258.1452332 82893.859375
259.0911255 17155.462890625
259.144104 13043.11328125
261.1560364 116920.6875
262.1578979 18255.87890625
265.1188965 11964.6748046875
270.1924133 12931.71875
276.16745 59560.37890625
277.1547852 15752.5732421875
280.1659546 24164.99609375
286.103363 16622.34375
318.1409302 10862.68359375
324.1209717 22011.75
325.1890564 21414.8828125
334.1779175 14735.2587890625
340.7065735 15320.962890625
343.1434021 16277.3701171875
343.2335205 50082.52734375
352.6905823 13496.0712890625
359.0766602 12544.46484375
359.1557617 48052.91015625
362.7043152 16794.482421875
371.233551 19589.5234375
372.2278137 15011.572265625
374.2403259 54117.75
395.7015991 14148.75390625
405.2113953 20947.1328125
419.7270813 30349.8984375
442.2747803 19153.4140625
454.2258911 20684.302734375
470.1896973 20283.41015625
476.2688599 17081.47265625
485.2779541 15651.86328125
497.2387695 19420.64453125
502.3006592 28026.689453125
514.2630615 297926.5625
515.2641602 93664.5703125
534.2577515 36809.8984375
599.3504028 21178.373046875
627.347168 326591.71875
628.3499756 103890.4765625
629.3648682 20478.197265625
631.3446045 22777.54296875
656.3394165 63244.59765625
697.3170776 154926.96875
698.3222046 60699.8515625
727.3894043 16900.234375
732.3821411 88145.078125
733.3953247 21122.505859375
748.4118652 31071.10546875
749.4187012 17170.587890625
810.3999634 166233.046875
811.4119873 72151.71875
838.4429932 384538.84375
839.4437866 236168.59375
839.5869141 23919.80078125
840.451355 54778.3125
855.2366943 14279.0634765625
859.3543091 13998.69921875
861.4366455 64316.61328125
862.4428711 28417.005859375
885.4257813 15341.0126953125
923.5231323 70132.453125
924.522644 54246.56640625
934.5303955 14823.1630859375
951.5256958 54921.3203125
952.5302734 56390.3203125
972.4711304 19618.923828125
980.5019531 127871.78125
981.5122681 66965.8828125
990.4741821 26408.54296875
1009.600342 17176.83984375
1052.567627 16896.412109375
1063.199951 16127.72265625
1067.537964 136743.078125
1068.53479 61870.75
1077.508789 79039.90625
1078.504883 23247.0859375
1080.573242 79519.65625
1081.58728 43543.5859375
1164.524658 98570.046875
1165.55481 29344.75
1168.598389 20690.8984375
1180.613647 117924.8203125
1181.623413 80036.125
1182.635254 18799.6875
1293.572876 18674.12109375
1635.014893 17747.662109375
1877.039307 22038.4140625
2100.739258 21741.576171875
