1966.94306504163 3
147.1130981 407098.15625
153.0655212 158369.90625
161.254715 171830.734375
173.1288605 521514.15625
178.2535095 150602.5
182.1702423 188892.53125
184.0722046 283038.34375
185.1649323 1951656.5
185.7763672 148931.359375
189.8937378 173623.3125
195.0404053 240859.421875
197.3560486 178029.703125
210.0865784 374663.0
212.0677795 425341.09375
213.1599426 387280.96875
217.0807495 258722.953125
218.1503448 333784.34375
228.0984344 332954.875
228.1330414 214458.8125
229.0930634 1228061.5
246.0897522 198988.421875
263.1021729 440488.125
274.0367126 205298.34375
275.1721802 1967871.625
301.7711487 218836.53125
316.1157837 205790.234375
325.1489563 232273.34375
327.2032776 253166.21875
341.1813049 286001.9375
342.178009 387806.5625
343.1063843 411603.3125
360.1341553 481206.625
372.1539917 209881.296875
375.1309814 295162.53125
386.2048035 272538.46875
404.2157593 1371586.375
431.1409912 298420.84375
472.1528931 346181.96875
489.1770325 862614.0625
517.3013306 276450.15625
533.2575073 1554689.625
534.2624512 278326.625
602.2600098 378448.5
648.2816772 2419792.0
649.2862549 1217632.5
684.300354 868715.9375
701.3320923 913168.5
795.3516846 4160583.5
796.3568726 1850912.5
797.3670044 1086326.75
908.4398804 1386294.625
995.4728394 949816.5
1135.522217 1186411.25
1153.542114 916062.875
1257.859985 335905.25
