2632.3948095723 3
183.113205 14837.88671875
185.164566 67261.609375
195.1127625 25501.029296875
199.1077423 62939.9921875
201.1234283 12230.544921875
212.1024475 18219.29296875
213.1599884 81044.421875
227.1028137 97925.4453125
228.1066284 12366.435546875
242.1489868 12235.6142578125
244.0930939 12010.119140625
259.0927124 15792.6103515625
306.1429138 21873.552734375
308.1967163 10957.130859375
324.1566467 54355.5546875
325.2235718 12680.064453125
326.1837463 15418.9443359375
327.1318359 12029.2841796875
339.2028198 21629.44140625
343.208374 96365.1953125
344.9239807 10885.7578125
356.1468201 103050.984375
365.9020386 11762.216796875
389.7327271 108053.8828125
390.2345886 22539.876953125
397.2094421 12077.6953125
414.164093 13423.3955078125
425.2023926 27115.65625
432.1731873 20709.98046875
436.2550354 59351.9765625
453.1973877 144058.5
453.252655 13627.0048828125
454.2020874 43510.1015625
471.26651 19586.146484375
534.2922974 22318.09765625
545.2576294 14647.017578125
567.3032227 68621.8125
567.8015137 42198.33984375
602.2788696 13487.310546875
606.8259888 14357.869140625
615.8276978 668515.125
616.3294678 402972.5625
616.4248657 19274.349609375
616.8292847 138423.40625
617.3347168 58943.2734375
622.7658691 14923.591796875
655.2954102 21446.6640625
673.315918 28285.08203125
681.4047241 99010.1796875
682.4051514 57798.81640625
727.3661499 16027.1025390625
755.3876953 16107.3544921875
761.4293213 68146.0078125
768.3883667 19430.328125
772.3830566 107362.0859375
773.3814087 43408.85546875
778.4558716 647384.4375
779.4624634 344994.5
780.4597168 57029.6484375
786.4014893 57634.97265625
835.5056152 54371.9765625
861.487793 18569.779296875
867.4522095 17887.888671875
873.4306641 17499.8125
874.4476318 17760.865234375
878.5114746 254239.1875
879.5056152 110027.6640625
885.4700317 72927.1328125
886.4661255 51081.734375
888.4398804 54320.66015625
889.4606323 24960.162109375
907.4956665 114953.265625
908.5012207 61497.2578125
912.4293823 17429.587890625
944.4707031 24254.25
966.5909424 21824.337890625
1025.523315 23893.314453125
1026.522095 23007.521484375
1036.542847 78802.0625
1037.545654 25653.6484375
1067.573486 48886.4453125
1068.569092 24257.74609375
1133.592163 242158.53125
1134.600586 158251.34375
1135.609741 63230.68359375
1172.582397 16666.3515625
1230.647583 643519.625
1231.651001 481093.4375
1232.646118 168116.0
1233.652954 50324.27734375
1286.669922 16415.90625
