2215.07112209654 3
155.0814819 121322.796875
159.0920258 57934.15234375
167.2462769 38702.6171875
173.1287537 71124.625
175.1188965 679496.375
185.091568 51426.515625
186.0874939 70294.4609375
187.7299347 53147.93359375
198.0874329 132428.359375
201.1233673 828468.1875
205.1007538 49602.93359375
216.0978394 69454.234375
224.1034088 43491.4140625
229.1186371 359980.65625
233.0967102 47483.25
235.1091003 80591.2734375
245.1364136 46552.16015625
267.1169128 59408.45703125
268.165802 196122.703125
269.1234436 115404.7890625
285.1187744 70912.25
294.1816101 62736.421875
314.6747437 356533.8125
315.1710815 77653.1796875
316.1297913 58556.125
341.9763489 53030.484375
347.1611938 81230.2421875
349.1534729 87196.7421875
361.1837158 73406.3984375
392.1823425 235043.484375
432.1924133 70083.359375
454.2302551 92720.2890625
474.2709045 82914.03125
488.928833 62393.10546875
531.2922974 567837.0
568.3076782 85631.328125
611.3222656 221580.3125
612.3234253 91421.9375
628.3416138 2450928.5
629.343689 620841.0625
630.3461914 109491.5859375
678.3143921 109987.390625
732.3751831 94576.75
759.3665771 82307.3203125
760.3615112 126964.171875
774.3861694 74814.046875
791.4076538 889658.9375
792.4106445 308305.75
793.4038086 102390.59375
922.4442139 577703.25
923.4526367 277310.28125
995.5564575 88308.796875
1016.512207 74839.8984375
1023.491455 104859.75
1024.505371 92925.5703125
1169.793579 87667.96875
1239.60437 74440.0
1307.605957 121085.109375
1703.62085 80443.828125
