1768.93838070371 2
129.1017456 109034.625
136.0752716 186143.78125
141.065567 149195.4375
141.1022644 117519.328125
169.096405 323629.59375
175.1187286 263898.3125
204.0802765 204519.84375
212.1030884 971049.375
215.0488739 259587.015625
232.0752258 1209599.5
232.4156342 111100.265625
283.1051941 268849.09375
283.13974 159906.34375
288.2007446 127763.25
303.1122131 305958.375
338.4530334 123655.7421875
346.1195374 499252.4375
373.6478882 138134.546875
386.9700623 130370.3515625
389.1582642 143756.09375
402.2472229 282447.03125
417.1564026 203833.140625
531.2900391 212389.890625
540.2160034 137679.03125
568.2235107 224963.359375
569.6333618 151624.75
613.2510986 156917.734375
644.3720093 509722.625
757.4549561 243801.125
758.456543 254303.0
870.5445557 876688.25
871.5476074 201533.1875
1056.643066 639399.6875
1057.645142 188867.96875
1113.669312 2212339.0
1114.66626 1464550.25
1115.650757 205938.453125
1184.696533 1794278.375
1185.711426 792413.0
1255.737427 526106.0
1256.730347 244356.453125
1352.796631 3193688.5
1353.786865 1913250.625
1354.803955 798525.375
1373.712891 180434.296875
1451.325562 169717.28125
1466.828247 234374.359375
