1109.5097902415 2
80.50508881 3958.904296875
83.06116486 11330.64453125
84.04511261 75323.734375
84.08155823 90233.28125
86.09716797 161913.546875
87.05615997 7880.0913085938
87.10021973 6466.375
88.02191925 5071.69140625
88.04007721 6311.3149414063
90.00126648 5702.1860351563
92.0290451 6909.029296875
97.6756134 4895.4350585938
100.0763474 60610.9921875
101.0714417 27721.494140625
102.0554962 117039.0
104.0535355 86055.234375
110.0605469 26831.701171875
110.0717392 80642.9453125
111.0753708 4806.2661132813
112.0875092 8426.978515625
113.0716095 7536.2998046875
115.0872116 8100.0795898438
116.0166397 6684.2114257813
116.071312 10637.39453125
120.0812759 37018.296875
126.0559082 5106.4370117188
127.0501633 5594.1884765625
127.0869217 48295.078125
128.001709 5170.08984375
129.0661316 9414.462890625
129.1024933 106020.0
130.0863342 27791.259765625
133.0432739 34875.58203125
136.0761261 55571.05078125
137.0791168 5332.5283203125
140.0708313 5492.595703125
141.0664368 7127.2231445313
145.0971985 81405.3515625
145.1074066 5242.5727539063
147.113327 32665.97265625
149.0742645 9253.9169921875
152.0709229 8827.5234375
155.0815735 127871.40625
157.1334686 4249.146484375
158.0926361 30234.072265625
159.0765839 5813.3901367188
167.0812531 8497.8134765625
169.0970001 6169.12109375
171.0771027 6363.91796875
171.1128693 7118.3344726563
173.0923767 94914.8984375
173.1283264 8258.185546875
174.0549316 18439.41796875
175.0908813 5082.7661132813
175.1191101 105427.3046875
176.1231232 6496.7124023438
181.0974579 8207.9833984375
183.0769043 17420.6171875
183.1492462 5506.0405273438
185.0920868 8987.84765625
185.1647491 10382.8515625
192.0763245 6432.2666015625
195.0893097 5428.2172851563
197.1292114 6107.2094726563
198.0874939 16659.591796875
199.1080627 8049.6640625
200.1401367 6031.19140625
201.0869141 18891.80859375
201.1236115 10111.4228515625
203.0856323 10187.484375
203.1030731 23760.28515625
209.1054382 14703.701171875
210.0797577 22438.587890625
212.1039734 24577.572265625
213.0869293 20675.015625
213.1594696 7045.9833984375
215.1141357 20571.43359375
215.1395416 6802.078125
216.0982056 6628.1459960938
225.099823 6056.494140625
226.1192169 31437.181640625
229.1181946 4875.40234375
231.097641 25277.962890625
232.1404114 29010.73046875
233.1652069 9362.7216796875
235.1191864 9719.4013671875
240.1339111 6523.5385742188
244.1292419 7087.4682617188
244.1665497 5782.9350585938
249.1612091 8851.6171875
255.1451874 5723.3735351563
256.1287842 5675.4555664063
258.1077576 7100.0346679688
260.1082153 7378.080078125
261.158783 8652.2744140625
266.1134033 22530.72265625
274.12146 9484.1123046875
284.124115 88585.515625
301.1869202 10265.9697265625
302.1347961 43619.2734375
309.1561279 17725.740234375
311.1698303 10710.294921875
325.1888733 7091.173828125
327.1656189 8949.6953125
329.1863708 7206.611328125
346.1550293 26920.0390625
355.1605835 35190.76953125
358.519928 4548.67578125
363.1817017 21815.91015625
375.1690674 7699.931640625
385.1720276 5330.5224609375
434.218811 72654.390625
435.2207947 10688.3115234375
456.2077942 6494.4633789063
469.7805786 9464.7236328125
471.2984009 5087.2114257813
486.2043457 6241.79296875
536.2369385 6653.5249023438
554.3443604 10022.9345703125
555.3280029 24281.490234375
555.7893677 6857.0004882813
560.321228 4971.9848632813
565.2603149 84147.0078125
566.2515259 27827.42578125
569.3052979 10615.6611328125
603.6074829 5689.2553710938
636.2974243 85668.1875
637.3027344 32085.8984375
649.3057861 5756.0205078125
657.3626099 24047.123046875
658.3660278 7861.3857421875
672.3921509 7800.2216796875
682.3879395 7281.8901367188
693.3153687 5512.9438476563
704.3920288 7006.3681640625
737.34198 101926.546875
738.3441162 41870.828125
739.3433838 10505.8017578125
790.3623657 8966.654296875
808.381958 82150.5
809.3846436 33319.16015625
810.3768921 8993.166015625
834.3972168 6818.822265625
884.473877 5206.556640625
891.4298096 10740.6494140625
892.4163208 6158.021484375
901.5272827 6738.474609375
919.395874 7726.9267578125
921.3912964 5389.830078125
937.4266357 54366.3359375
938.4154663 18743.248046875
