1970.99811685388 2
136.0758667 249734.328125
155.0812378 168740.59375
161.2218018 11914.8134765625
175.1186829 136261.421875
183.1495361 182736.46875
195.0771637 16966.458984375
201.1226501 16289.3837890625
204.7835846 12661.0771484375
205.4110107 14693.91015625
207.0769348 15860.068359375
211.1442413 228842.03125
212.1021576 22290.87890625
213.087677 14794.5908203125
223.1074219 32259.888671875
227.102417 70023.078125
230.9411011 13854.6591796875
233.1286621 176953.4375
251.1044312 15974.1201171875
258.1266785 32035.06640625
261.1231384 98835.4921875
264.3916931 15748.408203125
277.7492676 16671.30078125
286.1221619 140189.296875
304.1619263 22520.46484375
318.1461487 41909.23046875
327.1661682 22522.953125
356.1972351 40023.25390625
362.9641724 18572.166015625
369.1599731 104437.2734375
373.1934204 18993.259765625
374.210907 55494.1875
387.1687012 97775.3828125
407.0289001 17695.84375
415.1986694 24761.1640625
438.1838684 24612.052734375
440.1620178 22308.94921875
441.2080383 18489.126953125
456.1917419 31562.62890625
466.1790161 68909.109375
470.2735291 26626.18359375
475.2338562 28697.109375
483.2046204 26731.005859375
484.1903992 87307.671875
501.2131042 115644.6953125
531.2880249 59484.90234375
534.8669434 20361.95703125
549.3054199 31619.05859375
550.2329712 20424.7578125
659.3448486 121024.5078125
680.3562622 21258.701171875
710.2851563 20786.224609375
750.4008179 101002.3671875
751.4121704 24320.712890625
772.4299927 183312.546875
773.4309082 30738.017578125
790.4078979 67196.1171875
799.4042969 310365.1875
799.9017334 201710.796875
800.4064331 94804.171875
871.5003662 185887.71875
872.503479 30749.39453125
874.4046631 24170.376953125
880.9353027 71093.046875
881.4406128 24690.7578125
939.4713745 74638.5234375
986.0159912 26935.6484375
986.5144653 72364.1171875
1000.534912 32717.5625
1001.559143 26396.232421875
1055.97168 21643.568359375
1080.565308 34965.3984375
1097.366333 36614.27734375
1097.595337 1071876.875
1098.594849 481310.4375
1099.60437 95010.6015625
1149.309692 29941.392578125
1194.610352 39103.69140625
1211.63855 221623.671875
1212.651611 127402.265625
1213.640381 29202.39453125
1252.658691 63264.62109375
1253.65979 26162.171875
1312.685059 267145.59375
1313.700439 179893.859375
1443.725586 99498.6796875
1444.739624 29418.072265625
1500.737671 206194.75
1501.74939 155306.390625
1502.746582 29664.38671875
1580.766846 64314.08203125
1581.759888 30093.904296875
1597.804199 631892.9375
1598.805786 408763.78125
1599.804565 183064.953125
1669.86084 62010.1015625
1760.869507 225341.515625
1761.865112 164840.9375
1762.85498 65616.8671875
