1142.65907510766 2
84.04515076 97152.34375
84.08140564 542227.5
84.08524323 35448.69140625
85.08501434 36648.71875
86.09714508 2311647.75
87.10057831 81940.8515625
91.05493927 52556.671875
100.0282288 44684.35546875
101.0713654 51939.6796875
102.0554504 189703.90625
103.054451 46018.9765625
110.0716782 49388.23828125
115.0867386 158730.0
116.5840378 38504.7578125
120.0810852 816842.9375
121.0845642 74446.7265625
127.087738 48502.72265625
128.1067505 55520.74609375
129.1023712 633761.8125
130.086792 70440.8125
132.0812988 36939.4609375
136.075882 576226.875
143.0823059 69262.5
143.1183777 169921.984375
147.1129608 177759.546875
155.0818481 82532.1015625
157.4582825 47797.625
159.0911102 50272.93359375
173.0557251 45127.48046875
173.1290283 95434.53125
175.1186066 272976.1875
181.0962067 51752.05859375
183.1135406 90925.1875
183.1499023 73066.921875
185.164505 42494.23828125
199.1807404 818926.6875
200.1837769 60327.66015625
201.1239471 161622.28125
211.1461639 42839.6796875
215.1362152 50302.6796875
226.1560669 92083.296875
227.1753387 235688.359375
229.1187897 200568.65625
233.1637421 54571.6171875
235.1446991 50071.7109375
240.134201 46092.921875
244.1658783 274190.8125
251.1030579 165343.109375
252.525177 44411.41015625
252.8638 43982.84375
255.1461792 57421.17578125
260.1977844 53969.2578125
272.1238708 41664.92578125
272.1720886 177607.046875
279.0983276 161965.4375
312.1666565 188692.1875
329.1930237 70019.03125
342.2037048 303884.84375
363.202179 48841.390625
378.1678162 65893.2734375
393.2156372 40825.68359375
458.3100586 63464.9375
520.2267456 60398.1796875
522.3033447 72740.5859375
539.3289185 895286.0
540.3339233 275320.375
602.3861084 56286.59765625
638.3943481 153172.015625
801.4594727 325970.21875
802.4588013 172708.8125
916.4890137 716047.5625
917.4916992 382873.375
918.4974365 75992.671875
