840.425655910024 2
60.04521942 8043.6381835938
60.05644608 27732.541015625
66.83461761 4244.6875
69.0705719 9970.26171875
70.06209564 7339.349609375
70.06594086 209379.03125
70.65978241 4279.3876953125
71.04985809 8367.943359375
71.0691452 5596.7651367188
71.36671448 4373.6171875
72.07790375 6336.5048828125
72.08161163 133540.71875
73.08482361 4973.3115234375
74.06072235 8846.2490234375
84.04512787 126865.71875
84.0814743 48095.1484375
86.09712982 1485164.5
87.04491425 6702.8715820313
87.05577087 6712.3159179688
87.10031128 75820.546875
87.15593719 4889.9995117188
88.03979492 5989.6850585938
91.5151062 4128.4028320313
92.01698303 8663.4990234375
101.0713272 7582.8637695313
101.1081619 5875.6352539063
102.0554962 129213.09375
104.0533905 17531.3125
110.0718613 19077.029296875
112.0872879 37779.62109375
113.0715332 9071.0380859375
114.0904236 5303.333984375
114.1029205 4494.69140625
115.0503235 10159.62109375
115.0871277 56725.421875
116.0709381 45252.59375
119.0725861 4291.18359375
120.0810776 681160.375
121.084404 56306.29296875
123.9888458 36808.01171875
127.0866318 5878.6396484375
129.1027832 55689.20703125
130.0866241 31994.294921875
130.0968323 9734.669921875
131.1186523 6287.025390625
132.9793854 4156.8149414063
133.0613708 6121.326171875
136.0758209 98011.65625
143.1182709 21389.494140625
147.1127777 50963.3203125
157.0973358 6685.1870117188
157.1088867 9356.9248046875
157.1336212 9562.220703125
158.092514 139427.796875
159.0935364 8206.041015625
165.1028748 5100.3017578125
169.0970154 8234.9580078125
171.1125488 21720.560546875
173.0935364 4913.5961914063
173.1290436 7745.1196289063
175.1190338 302411.59375
176.1225891 26075.150390625
178.0532532 6939.2817382813
183.1128235 17181.67578125
183.1497192 8450.30859375
185.1287384 9556.4326171875
185.1656036 9715.8818359375
186.0914459 100543.59375
187.093811 6611.7856445313
187.1088409 34097.06640625
188.0699615 6378.6083984375
190.0972443 49605.41796875
192.0151367 7771.4731445313
192.999176 10549.916015625
197.1287384 18151.517578125
199.1809845 30736.265625
201.1237335 29646.306640625
203.1173706 5030.7153320313
204.1022949 18832.919921875
204.1357574 6739.3046875
207.1127319 5187.6870117188
210.0253906 449523.84375
211.0290375 8565.4140625
213.1592255 5310.1303710938
215.1043091 7121.615234375
215.1394043 53204.2890625
219.1499939 5074.2568359375
224.1393433 9649.2646484375
227.1752472 5605.3891601563
229.1186066 6276.3442382813
231.112915 393429.84375
232.1166077 60770.1171875
233.164917 37774.12109375
235.144455 5263.5668945313
243.1333008 64296.9921875
244.1351776 9708.7802734375
249.1235352 234815.640625
249.1613159 19588.1328125
250.1273041 33959.890625
252.134613 10232.4052734375
259.1083984 47667.5390625
260.1975708 18593.3203125
261.1599121 7219.1899414063
262.1565247 8068.7026367188
263.1390381 9739.9677734375
271.1419067 7172.4985351563
271.1751709 6525.3149414063
277.1180115 32234.685546875
278.1228638 5297.8217773438
288.203949 61688.484375
289.2069397 10303.72265625
305.1603394 109558.3203125
306.1640015 10895.314453125
322.1873779 589049.0625
323.1897583 95831.109375
345.1949768 6749.4731445313
373.1868286 6029.908203125
381.177063 20254.873046875
383.1932983 5005.4975585938
416.1934814 21815.958984375
421.1957092 4708.0874023438
433.2207336 108666.4609375
434.2116394 27376.912109375
451.2301331 313236.4375
452.2312012 82761.84375
546.3040771 18504.724609375
547.288147 9286.287109375
564.3141479 204181.65625
565.3162842 79185.8671875
566.3152466 10230.5576171875
711.3979492 20013.830078125
