1652.76645001269 3
115.6854782 15854.45703125
119.0496445 20732.412109375
120.0805969 202139.96875
120.0880356 26566.3984375
129.1019592 174290.71875
129.1079712 15674.640625
129.1097717 17368.14453125
130.0492554 21136.302734375
130.0857239 27766.703125
133.641449 21262.02734375
136.0752869 168128.421875
147.112381 51715.3125
155.4987488 21684.978515625
158.0919342 40634.56640625
171.112854 25402.2421875
173.128418 35057.515625
175.118988 141904.5625
181.344101 26985.609375
183.1130524 36595.4609375
201.1248474 38677.6796875
207.1140289 31656.734375
242.1492157 31309.904296875
329.1936646 416316.125
375.1600037 28045.533203125
410.9429016 31747.5078125
444.2200012 47532.5703125
588.2286377 35370.8671875
607.2873535 173436.03125
691.3526611 42131.43359375
718.3480225 62665.359375
719.3595581 34924.44921875
735.3481445 168296.828125
752.3777466 48776.71875
820.40448 38113.17578125
847.4041748 125830.6171875
848.4133301 61619.89453125
975.4495239 55069.1015625
