2079.11389136767 3
143.081955 5232.8154296875
143.1173248 23655.6953125
145.0602112 4124.2944335938
147.1125488 29996.650390625
155.0812988 6536.4516601563
156.0772247 7523.2241210938
157.0971527 8771.0107421875
157.1091766 4022.2941894531
158.0919189 6827.9736328125
159.0770416 3984.6491699219
159.0909729 11862.7451171875
165.1013489 6200.568359375
169.0969696 9936.978515625
169.1334229 4916.1850585938
171.1128693 11241.0419921875
173.1281433 31516.775390625
175.118927 79232.21875
179.3940582 3885.4311523438
183.1121979 11730.0048828125
183.1483002 10974.54296875
185.0921478 14507.6298828125
185.1290588 4563.7827148438
185.1647644 24613.26953125
186.1235046 37281.68359375
187.1441803 25179.9375
195.0883179 13235.6298828125
196.1452026 4821.6142578125
197.1280975 9112.4326171875
198.0874176 77169.921875
199.0710907 7624.498046875
199.1808624 7744.08203125
200.1386108 22365.927734375
201.1233063 73921.6796875
202.1271973 5182.86328125
211.1074066 5376.7197265625
211.1446686 12376.888671875
213.0863953 46190.16796875
213.1596222 8417.7705078125
214.1191254 13970.5732421875
215.1395874 21263.744140625
216.0979919 29888.748046875
217.0819092 7006.458984375
217.1357422 7261.5024414063
221.8173981 5144.3764648438
226.1184235 31710.81640625
227.1750641 8574.583984375
228.1343994 54098.5859375
229.0970459 4565.1982421875
229.1182861 36181.98828125
233.1288452 39026.87109375
233.3223572 4805.2651367188
234.1294708 4957.4868164063
235.1451721 6778.2368164063
240.1338959 24197.369140625
242.0792236 5092.4741210938
242.151001 5685.7114257813
243.1089478 14553.6298828125
244.1671906 6584.8911132813
245.0765381 10102.2587890625
245.131073 6326.9736328125
247.1440125 5081.1782226563
254.115036 7566.1333007813
254.1502533 6626.9008789063
255.1450348 12068.2158203125
258.1184387 7626.103515625
258.1449585 101831.5
259.147583 8224.9794921875
261.1235352 29629.505859375
271.1398621 5804.1240234375
271.8138428 4939.9682617188
272.1687012 9122.3134765625
274.1869202 55599.4609375
276.1564026 107118.390625
277.1568604 14351.6484375
278.1516418 8755.9775390625
280.130127 6052.1196289063
282.1805115 9187.267578125
284.1268616 8585.966796875
286.1407776 22592.091796875
287.1719666 34945.578125
288.2034302 30973.220703125
294.1557007 14746.6552734375
296.1973572 7058.3544921875
297.1550598 59384.59765625
299.493866 5404.9990234375
303.2154846 7973.8549804688
308.1710815 10559.48828125
310.1785583 8095.685546875
313.1149902 7318.736328125
315.1665955 136512.296875
316.1694031 12725.30078125
327.2040405 11489.185546875
340.1599731 6746.654296875
342.1291199 69486.625
343.1331787 7874.3388671875
345.6797485 8501.7568359375
351.2047729 6146.2553710938
360.1448364 8627.138671875
360.192749 21172.12890625
367.1745605 6227.501953125
371.2355347 8211.537109375
373.1720886 8069.8662109375
376.1886902 7330.201171875
389.2142944 12532.1123046875
391.1844177 32813.4921875
393.2207031 13896.4189453125
410.2409058 13065.896484375
414.236084 50612.7421875
423.1984253 23629.728515625
439.2194214 5864.5043945313
470.2266846 32366.744140625
471.2295227 7389.271484375
476.7487183 24127.115234375
480.2173462 8658.537109375
483.1821289 9641.2470703125
488.2354736 326053.15625
489.2376099 84764.75
490.2409973 26173.6875
491.2627258 6352.3354492188
508.2947083 10924.2431640625
522.2689209 28200.541015625
526.2816162 11304.42578125
530.2940674 7994.1850585938
534.3041992 11710.99609375
535.3065186 7856.0541992188
536.2860718 32388.3515625
537.1972656 7434.7954101563
537.2849121 11323.14453125
545.2617798 8579.244140625
576.3163452 8845.869140625
579.2929077 29851.322265625
580.2907104 8144.4594726563
587.3218384 8710.3701171875
593.3063965 60103.10546875
594.309082 28071.65625
596.2948608 6592.7065429688
601.3218994 56833.84765625
644.3798218 8613.3310546875
645.3220825 8137.3603515625
647.381958 8897.5859375
664.3803711 55029.6484375
665.375061 24242.64453125
667.350708 7456.2885742188
668.3465576 13119.255859375
671.3848877 9150.935546875
672.4019165 7805.6596679688
674.3554688 8093.7036132813
686.3521118 8946.876953125
686.8694458 7829.5126953125
692.3724365 226413.328125
693.3792114 80476.0390625
694.3737793 31967.921875
695.3783569 20602.359375
702.3690186 110579.796875
703.3682861 35343.20703125
718.3726196 9822.0537109375
725.3825073 9829.337890625
734.3757935 8262.171875
740.2871094 33134.9140625
746.4208984 8672.48828125
762.4138184 23854.67578125
763.4243164 13135.1923828125
782.4171753 8190.412109375
801.4302368 35251.90625
802.4352417 13401.595703125
803.4465332 14076.626953125
810.4165039 12254.265625
811.4088135 19042.203125
819.4169312 14449.4677734375
839.4048462 13852.3671875
847.37854 25970.90234375
850.3997803 24958.181640625
851.4615479 10956.904296875
852.4568481 10448.66015625
853.4437866 9062.2255859375
876.4419556 105736.265625
877.4429321 23726.318359375
898.4469604 10832.1005859375
915.4786987 78801.1875
916.4860229 24460.5
924.5001221 12529.8046875
934.4656372 35112.25390625
935.4677124 8684.8076171875
938.479248 10322.0361328125
952.4880981 109199.515625
953.4871826 64233.43359375
954.4886475 21640.048828125
975.5132446 84042.5078125
976.5373535 30620.70703125
977.5620728 8488.873046875
1004.498535 9867.982421875
1011.533325 12404.5654296875
1023.559326 22535.662109375
1024.529785 10329.0859375
1028.577637 10979.328125
1047.520264 43118.2421875
1051.560913 105723.4140625
1052.5625 68511.0078125
1053.562988 26513.033203125
1074.571045 52834.62109375
1075.578491 12803.96484375
1097.606079 10732.197265625
1165.638062 8520.40234375
