2271.37917326861 3
167.0818787 1781801.25
169.0979462 369879.8125
169.1339111 458773.96875
171.1132355 1120781.875
177.1059418 184191.625
182.0939636 255037.75
183.0761108 463722.90625
183.113327 1489113.625
183.149292 329270.15625
184.1087341 1466182.25
186.0877991 525041.0625
186.1239014 1280141.5
187.1444855 1416445.75
191.3749847 224034.015625
197.1289825 470095.46875
199.1809082 5334183.0
200.103302 2519104.25
200.1393127 444577.1875
200.1836853 448573.65625
201.1247406 320929.34375
209.396698 231881.390625
211.1447449 589468.9375
212.0835876 503029.0625
212.103714 14063355.0
213.0885773 232010.4375
213.1068726 1284857.25
213.1600952 340483.0625
214.1201324 2098320.0
215.1398773 1140589.75
225.1009979 294139.6875
226.0832367 261742.53125
226.1201477 260347.546875
226.1554413 2997581.25
227.1402893 260935.6875
227.1766357 3358953.75
228.1346436 1561274.625
228.1800232 239463.296875
229.130188 269080.3125
239.1766968 405064.5
240.098877 306000.53125
240.13414 488960.8125
242.1503754 1450950.25
243.1096039 459871.0
244.1663208 17866844.0
245.1686554 1875552.5
250.1186523 473119.15625
253.227951 356333.3125
254.1521301 330726.71875
256.132843 254123.046875
257.1252747 357470.15625
258.1473389 255364.703125
268.1659851 704826.8125
269.6852417 239945.8125
280.1665344 1886752.25
281.1652527 275738.78125
282.1811218 1061818.625
284.197113 3576399.5
285.1563721 656960.5
285.1990051 516463.375
296.1989441 392517.53125
297.1242371 430643.59375
297.1569519 3680920.75
297.1932373 1446138.75
298.1586609 363873.875
299.1725464 3290101.5
299.2097778 2495339.75
300.1711121 416326.0625
310.213501 673646.1875
311.172821 1673579.5
313.1882935 2583921.0
314.1489563 369765.75
314.1850586 565556.25
315.1668091 1265205.0
325.1513977 1453915.0
325.1876831 9504655.0
325.2255249 556811.1875
326.1915894 1464532.875
327.2032471 3647559.25
339.1664124 378137.9375
341.219696 1620306.875
342.1793213 548432.25
342.2161255 556186.375
350.1818848 319198.375
353.2187805 449101.65625
355.2353516 290942.28125
356.1944885 723243.0
357.2503052 3789817.75
358.253479 561680.625
363.2339478 664996.0
363.7340698 424021.1875
365.2206421 648350.625
367.2351074 1690345.25
367.2761536 384837.78125
368.1951599 1297568.875
368.2362061 377105.71875
368.7202454 262341.25
371.2310486 336562.1875
378.1770935 335368.96875
382.210022 1197611.0
382.2511292 644338.125
383.2270508 295606.46875
384.2633667 522930.6875
385.2223206 478737.71875
394.2466431 467273.71875
395.22995 568399.8125
396.228302 556761.125
397.2835693 699225.0
398.240509 1104790.875
400.2561951 336721.625
410.2394409 3010208.25
411.2472534 424675.3125
412.2491455 2685267.75
412.3032227 792598.5
413.2124634 416034.8125
424.205658 303608.28125
424.2565002 2288912.0
425.256958 649747.375
426.2701111 2028403.875
427.2327271 1169237.375
427.2824402 409659.5
428.2531433 1836764.25
429.2546082 309470.375
436.2184143 2267946.5
438.236145 401726.9375
440.2876282 2114078.5
441.2947388 477209.28125
442.2687683 667421.0
453.2466736 6196132.0
454.2517395 1723847.25
455.7757263 1203258.375
456.2716064 372791.96875
470.3349609 2756283.75
471.3405457 462314.6875
478.3032227 1518827.5
480.3171082 1066923.875
481.2748718 2353061.75
493.2399292 307815.15625
495.2918396 602056.375
497.3463135 499981.53125
498.3043213 562124.1875
499.2922058 1205775.5
507.258728 3172089.75
507.3264465 469488.1875
508.3236084 400086.4375
509.2719116 492981.90625
510.2712097 1097110.375
513.3401489 642908.1875
514.3406982 440044.1875
523.324707 4263036.0
524.2783203 5270976.5
525.2830811 1400498.125
525.3536377 2573058.75
526.3010254 1683714.25
527.3034058 377919.4375
537.2689209 584461.75
537.3435059 1765674.125
538.3393555 1432473.875
540.3109741 616650.25
541.3329468 2783080.75
542.3425903 574540.1875
546.8432617 3654420.0
547.3442993 3462060.0
547.8475952 594028.6875
551.3395996 545323.1875
566.3267212 444936.46875
567.3468018 461473.875
569.4038086 1588142.125
570.4039307 401182.65625
578.3305664 524798.125
591.3860474 397469.21875
594.3602905 2035509.625
595.3632202 2565459.0
603.8866577 412476.71875
605.3344116 470997.1875
606.3269653 3308026.25
607.3355713 439347.65625
608.3934326 464675.0625
609.3380737 489484.0
610.3309326 369542.0625
612.3712769 1021333.875
618.3916016 338591.875
622.3670654 596205.75
623.3540649 6827797.0
624.3560791 1901120.625
625.3712158 446050.03125
627.3483276 461904.5625
636.4092407 2917503.75
637.3760986 2020180.375
638.4047852 370435.84375
639.3881226 1527501.625
640.4486694 3837320.5
641.4454346 1537230.5
654.4228516 2729935.75
655.4222412 490671.875
684.3693848 656694.875
691.4203491 661629.875
692.4130249 499787.15625
702.3879395 476632.8125
707.4475708 1449303.5
708.4501953 2810160.5
709.449646 1208580.625
718.4259644 559428.0
719.4089355 3627530.25
720.4125366 2052481.625
722.425293 618374.1875
725.46521 542238.375
726.4581299 444683.625
735.4368896 522332.3125
736.4371338 9086276.0
737.4386597 4172572.75
738.4429321 1156566.375
740.4453735 671173.125
741.4049072 625728.875
750.4572144 608102.6875
751.4746704 2279331.5
752.4677734 711212.125
753.4614868 627577.625
768.49823 5524164.5
769.5049438 1937152.625
778.4876099 350841.34375
779.4641724 463433.59375
804.4956665 586670.1875
805.4962158 448794.625
821.5258179 1457863.125
822.4608765 399153.15625
832.4919434 2239682.0
833.4902344 1548551.75
835.5059814 541456.125
836.4693604 669887.9375
837.4798584 432033.4375
840.4675903 379792.1875
849.5234985 4957039.0
850.5202026 3127857.75
851.5046387 373377.9375
852.5001831 476015.1875
853.513916 1523282.25
854.4925537 1371964.0
881.5795898 3347420.25
882.59021 1430889.25
892.5494385 421996.96875
921.5697632 481316.375
935.5366821 1249032.875
949.5470581 2423858.0
950.5455933 477673.0
953.5317993 394339.6875
954.546936 601624.1875
962.6017456 644377.75
967.5647583 2581557.25
968.5661621 1853048.125
995.6308594 2052171.75
996.6314697 1764230.875
997.6268311 539824.4375
1006.592712 502308.53125
1048.615845 1410319.75
1049.623779 1254186.75
1066.626587 1601875.375
1067.630127 1120550.625
1076.653687 550143.4375
1092.680298 13149117.0
1093.467285 410427.90625
1093.683716 8727560.0
1094.694092 3326063.75
1136.689453 1213987.375
1137.207886 679008.3125
1205.775269 1985450.0
1206.757446 489639.15625
1380.70874 600990.0625
