1657.90241569541 3
115.0860214 10419.8935546875
119.0815048 21187.447265625
120.0806198 98664.390625
120.0876999 9379.0712890625
129.0661774 21314.029296875
129.1021423 99214.3046875
130.0863037 31278.865234375
136.0752869 28156.68359375
147.1127777 119610.109375
152.0841522 10568.3642578125
159.0914764 21577.560546875
167.0812683 12488.7333984375
170.059845 14371.662109375
172.1011047 12167.970703125
173.1284027 33905.17578125
175.1199646 25961.869140625
181.0609131 24907.46875
183.1128235 26463.84375
185.0917664 12085.32421875
185.1280975 17167.404296875
185.1646729 35315.75
187.1439514 39653.76953125
191.5554199 12899.9814453125
195.0776825 18913.630859375
197.1277313 37787.39453125
200.1383209 25089.625
201.123291 206074.640625
203.9242401 12768.5390625
209.0929108 14152.646484375
212.1034393 31759.73046875
213.0871887 32875.39453125
213.1598053 26697.126953125
215.1392365 34365.9765625
216.098114 141830.34375
217.2544098 11651.302734375
218.1500092 68017.6328125
225.1224518 14711.2294921875
226.1183777 24526.89453125
228.1352234 16189.1865234375
229.1182251 181606.625
230.1140747 94164.5234375
231.0975342 29446.5234375
233.1286926 22244.595703125
241.0815735 89266.328125
242.1498413 34332.3984375
259.0926514 142684.640625
261.1229858 19477.119140625
284.1963501 22070.7578125
289.1872253 113653.5390625
290.191803 17766.763671875
294.1808167 24912.71484375
308.1599121 21625.005859375
315.1681824 116295.2578125
316.170105 28966.578125
343.2016602 17428.66015625
354.1653137 17204.328125
358.1600952 64979.5234375
370.1256104 27974.38671875
372.177063 18226.78515625
388.1358643 78214.828125
389.1416016 19413.982421875
395.2266846 24527.0
402.2709656 133665.03125
403.2753906 22649.841796875
428.2515869 20019.708984375
430.2443542 63164.34765625
487.203949 132482.3125
499.2868347 20793.92578125
501.3406372 92694.8515625
570.322998 22298.3828125
572.2910767 21505.439453125
579.3557739 23663.447265625
600.2901611 37403.23046875
624.3742676 18735.689453125
629.3973389 28837.771484375
716.4284668 291492.25
717.4325562 130324.203125
811.3773193 21842.61328125
829.5209351 34802.24609375
878.5097656 26039.537109375
910.1973877 18003.21484375
930.5641479 69559.046875
1023.59314 29069.88671875
