1526.73294605858 2
110.0717087 46527.06640625
113.0178833 11528.0791015625
120.081192 104735.1484375
125.4221191 12002.02734375
129.1025238 91698.90625
130.0858917 13631.33203125
135.109314 10336.17578125
136.0758972 273267.25
137.078598 14523.1318359375
147.1132813 48044.35546875
158.0927124 14987.7333984375
159.0921326 17668.306640625
170.0934143 12871.970703125
173.1292419 13474.5107421875
175.1193085 173545.75
183.1127319 13949.3251953125
187.1455383 19759.4921875
189.0866089 14261.6015625
199.0720367 22368.5
199.1083679 25074.533203125
199.1795654 18601.783203125
201.1241455 65979.8671875
202.0858917 24272.291015625
212.1027679 20405.53515625
215.1033478 14076.779296875
215.1396027 24187.1796875
216.0987396 15576.1044921875
217.0820313 82316.3203125
220.0978546 14554.4150390625
227.1024323 99597.015625
229.1180573 22875.9765625
242.1867218 14173.634765625
243.1346741 21140.900390625
244.1658478 18948.05078125
247.1073303 132574.25
261.1261597 11543.599609375
265.1185913 220856.703125
266.1226807 14855.3603515625
266.1480713 12529.5546875
269.1243286 13938.171875
275.1031494 49652.78125
283.1412659 16094.1650390625
293.113678 62141.33203125
299.1340332 17692.9453125
303.1783752 43269.453125
316.1504211 23342.119140625
324.4264832 12347.3193359375
340.1868896 59656.3203125
358.1404114 19506.091796875
362.1348572 16215.75
376.1497803 57874.50390625
386.1683655 13139.30859375
390.1679688 17563.5234375
418.2050781 11648.03125
425.1661072 16427.40625
427.1592407 17753.1484375
433.2103271 17899.556640625
445.1703186 17015.908203125
464.2358093 12977.7998046875
473.1663208 57816.69921875
474.1643982 16522.9375
491.1777954 51551.890625
492.1756287 17449.13671875
503.2486267 20427.05078125
509.1826477 14569.0625
530.329834 88278.71875
569.2727051 12250.4599609375
585.2971802 21097.046875
590.2460938 16425.080078125
617.4730225 14969.791015625
625.2938232 14046.9912109375
633.8208618 92387.921875
634.3242798 139970.484375
634.814209 17042.259765625
659.3619385 17593.361328125
664.8461304 15604.626953125
755.4433594 43384.73828125
756.4257202 371930.5
757.427124 132911.078125
758.4185181 17528.279296875
842.4697266 45900.91796875
919.4901733 250369.421875
920.4923706 118589.1640625
921.4844971 42259.015625
1018.556763 83815.265625
1019.560608 43303.9140625
1133.561646 52565.53515625
1135.587402 15938.18359375
1169.561523 26960.916015625
1170.583008 16225.8564453125
1234.609497 72423.953125
1235.625122 48305.234375
