1190.59876605662 2
84.0450592 42002.03515625
84.08141327 74501.625
85.40126801 5419.669921875
86.09700775 666507.1875
87.05615234 9516.5146484375
87.10006714 15045.87890625
88.03969574 9748.548828125
89.0717392 13462.7119140625
98.02433777 9462.3935546875
99.09178162 7444.7143554688
101.071312 35585.90625
102.0554047 35981.21875
105.0665894 8700.564453125
110.0716019 67003.453125
115.0868073 14255.1416015625
123.8608398 6718.9682617188
127.0869522 28585.146484375
129.1023102 75026.9609375
129.1107178 7131.7802734375
130.0865479 28863.26171875
130.105957 7533.1684570313
133.0607605 8055.5854492188
136.0758362 26843.578125
142.0863037 13221.048828125
143.0814972 9929.4716796875
143.1178894 43397.40234375
147.1125946 58490.38671875
148.7575684 7491.8515625
157.133606 45365.59375
158.0924835 11398.4267578125
159.0762634 70774.234375
169.0966949 15399.9921875
171.1124573 14505.5615234375
173.1285706 10260.841796875
175.1189423 33566.6640625
181.0966644 8060.0908203125
183.0761566 12689.4345703125
183.1130829 12782.6650390625
185.1283264 40893.7109375
186.1255341 10659.712890625
187.0715027 102135.6640625
187.107605 396782.375
188.0754852 9732.0615234375
188.1114044 38675.97265625
198.0866852 24944.498046875
199.0710297 8340.2587890625
200.1030579 16297.4921875
201.1231689 9099.7373046875
204.1340179 42903.15625
209.1042175 15175.189453125
215.1026611 247375.34375
215.1378021 107755.9375
216.103241 34047.0546875
217.0816956 8238.7939453125
218.1493683 10251.2109375
226.0814667 6815.7309570313
226.1182861 8878.2255859375
237.1222076 16175.1015625
240.1347504 10923.720703125
241.1191559 7585.91015625
243.1332092 69247.890625
244.0931244 47374.8671875
245.0785828 8252.3154296875
246.1812439 31814.4921875
273.5942688 9065.37890625
283.1659546 7739.78125
286.1400452 14122.6806640625
289.1595459 10152.3818359375
304.1326904 9698.5166015625
305.1820679 14600.412109375
309.1190796 8426.3740234375
313.1862488 7732.2387695313
314.1714478 14976.130859375
317.1086426 7463.1938476563
328.1862488 69850.1328125
341.2165222 9037.9541015625
344.1921997 10443.9326171875
355.2090454 9899.2021484375
362.2041626 58191.203125
368.1566162 8031.8637695313
387.6915894 28675.62109375
399.2282715 8349.3662109375
418.2303772 8264.6142578125
449.2372131 86283.6953125
450.2390137 13432.1337890625
477.2408752 42168.6953125
560.2665405 30350.990234375
562.282959 32166.951171875
577.2914429 31749.8671875
592.269104 24270.515625
593.2714233 12834.47265625
595.3189087 8638.66015625
643.2815552 8291.677734375
646.3061523 9835.6923828125
647.3193359 8351.095703125
664.3236084 117404.0078125
665.3244629 43560.4609375
691.3226929 13028.859375
721.3019409 12246.3603515625
774.3687134 26945.9921875
775.364502 68683.03125
776.3427124 12234.0517578125
792.3793945 47713.0078125
793.3925781 9271.7412109375
806.3521118 15755.1142578125
807.3533936 10686.8203125
845.3984375 8614.0205078125
846.4032593 13144.947265625
863.2943115 7363.6870117188
863.4227295 132846.296875
864.4233398 85598.0546875
865.4190674 26468.53515625
888.4141235 13232.4228515625
916.430542 8674.4794921875
939.2562256 8566.4111328125
948.4207153 47331.3828125
949.4264526 29338.34375
976.4919434 31805.447265625
977.4990845 25035.845703125
