1351.70468836935 2
101.0716782 53215.75390625
103.0543671 61153.09765625
110.0716858 151191.125
112.4155579 35086.30859375
114.9750748 39935.734375
116.0713806 72172.9140625
120.081192 1639694.0
121.0842514 145969.0
124.1686554 36266.8515625
129.1023254 173013.109375
129.3330841 39640.94921875
130.0864868 53774.53125
136.0760193 163561.171875
147.1126556 150513.390625
157.0978088 49245.46875
159.0396576 37710.87109375
159.0922852 82720.6015625
175.118576 58437.90625
183.1493835 622467.0
186.1240387 47046.0234375
188.9410095 39670.8046875
197.1290436 55629.4140625
200.140274 59906.12890625
204.1347961 211531.984375
210.2208405 47385.875
211.1445618 152764.671875
218.1500854 41458.6953125
228.1340332 166929.265625
258.1086121 380136.75
267.1495361 488668.78125
268.1527405 52552.69921875
274.1194458 39383.70703125
282.1817017 48063.078125
289.1614685 191405.109375
295.1441345 53629.140625
299.2062378 60166.83203125
307.1469421 47555.703125
317.2191162 163440.03125
340.1869812 191815.546875
341.219574 87304.5390625
402.1770325 70831.015625
440.2147522 46121.92578125
445.2785339 55038.0078125
504.3780518 41100.10546875
529.2877197 80297.5
531.2227783 59840.38671875
622.1091309 46735.953125
630.3314209 46029.84765625
665.8184814 43242.75
718.3858032 85500.90625
725.1881714 41931.89453125
725.3225708 81890.7734375
796.350647 188327.546875
847.4279785 268310.25
848.4350586 89834.4375
960.4955444 82983.671875
961.5029297 63622.62109375
982.4523926 61475.421875
995.1762085 47964.74609375
1057.548218 60765.19921875
1058.54834 69425.6796875
1117.668701 51329.75
