1396.56857073532 2
98.25183868 21650.30078125
98.48551941 18129.552734375
102.0553894 29143.365234375
104.0534973 38304.06640625
105.0663681 83663.8046875
107.4646606 20552.193359375
107.5802841 20985.6953125
110.0718002 73772.0546875
119.0495224 226433.6875
119.0818024 33270.8828125
120.0810242 104602.703125
129.1027069 168834.484375
130.0866394 133970.84375
132.0774078 41179.1875
133.0432434 24804.744140625
136.0758514 3812273.25
137.0793304 287080.96875
141.0659943 93342.421875
147.0450287 21702.58203125
147.1128693 207065.234375
159.0774384 23371.6796875
167.0196991 23007.55859375
175.119339 135176.109375
183.1127777 21959.34765625
187.0716705 113600.6328125
196.9558258 20597.62109375
199.072403 20620.06640625
207.1122284 151977.1875
222.0265961 18643.8359375
233.0922852 23126.548828125
235.1075745 116702.4140625
248.0704193 34649.97265625
254.1188049 27713.59765625
258.0538635 27017.0625
258.1068115 29406.056640625
271.0888977 19780.2109375
275.0788269 28767.10546875
277.1181641 23467.296875
278.1535339 199467.921875
284.0879211 19831.529296875
299.1391296 1482921.75
300.1417236 234541.90625
301.1452637 25147.10546875
302.0989075 101139.09375
305.1124268 28562.375
306.145813 88081.046875
327.1335144 262797.15625
338.1824341 92224.140625
349.1896057 216847.9375
350.1348572 115957.9453125
353.1473083 27586.35546875
355.1254883 40159.31640625
373.1343079 93476.265625
381.1422424 24308.861328125
417.1242371 39561.234375
421.1707764 82300.796875
443.1446533 25942.099609375
470.1508484 85453.203125
486.2912292 100811.9765625
488.1642761 130415.9140625
490.1939697 25810.2734375
508.2064514 24825.67578125
512.255127 163909.453125
513.258606 26378.33984375
514.1811523 75631.0625
523.1720581 29901.08203125
536.2011719 38548.95703125
541.1865845 36634.75
559.2003174 31492.01171875
583.28479 131817.296875
606.2025146 36134.5625
607.2295532 25580.7578125
612.2212524 27005.751953125
633.21875 26870.556640625
640.0916748 20729.421875
698.3175049 80380.9140625
699.338501 30131.25390625
699.4476318 122851.7109375
700.4408569 249668.5625
704.2493286 28198.716796875
722.2616577 88248.8046875
793.2920532 26529.017578125
884.383667 168631.8125
885.3840332 46774.63671875
895.421936 83029.1484375
896.4075928 26618.71484375
969.666748 26373.7109375
999.4002686 119028.1640625
1000.409363 79544.4296875
1070.451172 234643.71875
1071.439209 102167.7890625
1072.442993 67252.953125
1233.505493 31296.009765625
