1712.959448 3
120.0811539 103501.3203125
121.0841751 9268.3134765625
122.796524 3413.1555175781
124.2947998 2814.005859375
129.0660858 4081.6176757813
129.1017456 21565.01953125
130.0865631 5922.673828125
131.117981 3123.9865722656
136.0752258 24861.62890625
141.1016998 3962.8984375
141.249588 3127.9125976563
143.1174927 26686.236328125
146.0633698 7433.7919921875
147.112442 21119.05078125
157.0975037 7007.76953125
159.0912628 18263.34765625
159.1122894 3840.4304199219
171.1128235 8990.22265625
174.0259857 3807.4968261719
175.1188049 22522.2734375
185.0910645 6824.1225585938
185.1283112 6209.1396484375
197.1293488 4470.4130859375
201.1237793 11346.4345703125
201.3236237 3708.1906738281
207.1125641 5725.5463867188
212.1031647 5844.2587890625
213.0868378 18499.384765625
215.1383362 4813.2587890625
217.0983887 8314.322265625
225.1225739 4252.0747070313
226.1205597 4224.263671875
229.118576 4710.5634765625
233.1295929 38702.109375
235.1066742 3969.3486328125
240.0979614 19553.361328125
242.149704 20199.724609375
243.1344604 7659.6259765625
261.1229248 35678.61328125
262.1257935 5650.2768554688
263.3395691 4444.8564453125
270.1798096 5103.0302734375
284.1259766 4805.9350585938
312.156189 4633.388671875
313.187439 21401.16796875
321.1265869 4991.6025390625
326.1421814 6966.046875
331.1971741 38375.08203125
346.1375122 5046.5859375
353.1832886 8959.751953125
371.19104 7446.0278320313
390.1483459 9722.779296875
406.2097473 6056.9990234375
424.2216492 6890.154296875
425.2171021 7823.5268554688
445.2420959 9350.0078125
459.2580566 10549.6640625
481.2431946 11166.72265625
504.2789001 23671.83203125
505.2804565 9735.58203125
547.2876587 10678.576171875
552.277771 10388.9765625
558.3299561 9975.3818359375
570.2896729 22938.2578125
571.3209839 32636.55859375
572.3334961 5266.53125
615.3147583 6933.1372070313
618.3243408 9244.4384765625
633.3181763 39088.30859375
634.3270264 18001.86328125
638.3500977 6053.7690429688
657.3955078 26696.458984375
658.3983765 8187.09375
683.3729248 6114.2006835938
732.390686 24294.8984375
733.3963013 8517.8974609375
777.3563843 5900.0576171875
804.4210205 6476.1528320313
819.418335 43229.8125
820.4354858 35265.171875
821.4414063 9745.279296875
917.5111084 28792.783203125
918.5179443 7608.30078125
966.5028076 6946.7646484375
1006.946716 6161.9760742188
1030.541748 6852.8666992188
1157.981689 5815.953125
