1907.96379098275 3
136.0759277 98731.09375
141.0657196 12399.6650390625
142.122467 54903.1796875
143.1179657 55914.23828125
143.1260681 5229.3696289063
147.1128693 109213.71875
148.0052032 6365.8930664063
148.1162872 6125.416015625
153.065033 7195.271484375
155.0808411 11878.98828125
155.1171265 4951.1879882813
157.0967255 39935.05078125
157.1329498 10582.90234375
158.0912781 14262.189453125
159.0762024 31480.802734375
159.0899506 12963.58203125
160.2832184 5496.7109375
166.0606995 5801.1586914063
167.0819397 7606.4384765625
169.132782 36858.85546875
170.0919342 10031.8125
171.0765381 13268.720703125
171.1122437 29998.330078125
172.0710907 9350.548828125
173.1282196 34908.83984375
175.0894623 40768.87890625
175.118927 58474.71875
176.105423 6072.3046875
181.0597687 5496.4287109375
183.1132202 9502.2275390625
183.1492157 15212.0625
185.0919647 7154.9506835938
185.1281433 6901.04296875
185.1646576 11249.4677734375
187.1442566 713780.6875
188.1480103 59186.35546875
195.075943 18321.869140625
197.1278992 31776.869140625
198.0871887 111573.5859375
199.0711365 9756.375
199.0898285 8916.91796875
199.1082001 13311.859375
199.1435242 10737.2734375
199.1802368 10421.119140625
201.1235199 43061.34765625
203.0852509 18631.51171875
203.1022949 38261.22265625
205.0975342 17164.140625
211.1417389 7290.931640625
212.102951 8324.1982421875
212.1385193 7504.244140625
213.0860596 31361.12890625
213.1231384 5509.4296875
213.1590881 11972.8564453125
215.1390076 144406.140625
216.0980072 89109.125
216.1432037 9959.626953125
217.0815582 7407.7651367188
217.1361694 7070.6049804688
221.0917511 5602.5815429688
222.1229553 10399.462890625
226.1187134 15133.4169921875
227.1388702 17106.216796875
228.1349335 7497.4340820313
228.1736145 6633.1220703125
229.1171265 10438.787109375
230.1136017 33805.46875
231.0970154 64080.71484375
233.0946655 10076.4912109375
233.1286469 11610.369140625
233.1644287 39581.84765625
240.1347809 38056.28125
241.0815735 42542.2890625
242.1502228 9762.9169921875
243.1332855 11291.841796875
244.1299133 10860.296875
245.1321716 12276.890625
249.0986786 14040.5810546875
251.1024475 8458.46875
252.1342316 7706.5859375
254.1493835 17889.458984375
255.1464081 8864.3603515625
257.138855 10606.9638671875
258.1447754 82282.8046875
259.0921936 50003.6015625
260.1055298 7043.8525390625
261.1600342 19138.77734375
262.1383667 29013.724609375
267.1085205 39935.3828125
268.108551 13588.0078125
268.1664124 11988.140625
270.1450806 9861.1943359375
270.1802368 11604.63671875
271.140625 10954.8310546875
272.162384 45983.34375
273.1222534 10866.80078125
276.1565247 66002.3828125
277.1546936 8517.1025390625
279.1349792 71732.6640625
281.1234436 8337.103515625
283.1774597 44684.4453125
284.1596375 18647.46484375
285.1347046 44354.90625
286.1215515 12505.765625
286.1755981 7720.3974609375
294.1480713 6391.0639648438
296.1959229 7582.5390625
297.1556091 10276.3837890625
299.1343079 58095.22265625
301.1869507 88927.375
302.190918 15583.171875
304.1341858 10884.833984375
304.1651306 8841.3798828125
311.1711731 33158.7421875
315.1703186 10319.740234375
317.145813 46213.20703125
325.1885376 8688.44921875
326.1716003 10464.845703125
329.1815186 63624.2265625
342.128479 11917.447265625
344.1283264 17223.001953125
348.1624451 8514.90234375
353.2204285 11679.267578125
355.1986084 10485.4150390625
356.232666 7455.6997070313
360.140625 52027.34375
361.1470032 8767.6708984375
362.1805115 8013.5356445313
363.1871948 45300.65234375
367.1994019 10724.7900390625
369.1773376 14167.6435546875
371.2330933 12848.37890625
380.1954041 15275.6474609375
382.2447815 12148.4326171875
384.2252502 13588.7490234375
386.2069397 9562.025390625
387.1883545 115759.515625
388.1355286 12782.2294921875
388.1900635 10993.8671875
394.2094116 17831.91015625
397.1571655 7585.9765625
398.2140503 17192.546875
400.2572937 15899.720703125
401.1841431 9229.603515625
405.1992493 35256.140625
406.2029724 8924.24609375
410.240509 32677.859375
412.2176208 81357.65625
413.2258606 15937.2001953125
414.1784363 34405.89453125
415.1665039 17257.3046875
416.2146912 16544.07421875
424.2001953 8800.99609375
428.2537231 32604.556640625
430.233551 11335.005859375
441.223938 17484.623046875
461.7539978 8438.884765625
467.262085 8693.775390625
471.2642212 10379.681640625
473.1721191 12653.3291015625
473.2376709 16234.01171875
474.2252197 9521.3642578125
477.2394104 10804.4755859375
480.2851868 11354.150390625
484.274353 12741.5478515625
486.2434692 181654.625
486.7433472 12544.54296875
487.7691956 16001.3798828125
489.1869812 15819.021484375
491.1783752 9642.419921875
491.2444458 13359.087890625
497.3093262 15262.1455078125
500.2865601 11060.03125
507.2939148 33535.18359375
511.2904358 41888.3515625
515.3233643 17701.904296875
516.2305908 60247.33203125
525.3034668 81181.359375
526.3118896 10892.7177734375
527.2600708 31561.935546875
529.3015137 16503.955078125
534.2396851 87288.8125
535.237793 16163.640625
536.298645 45455.66015625
536.7980957 30521.53515625
543.3150024 33200.046875
544.2130737 9078.4033203125
550.2958984 10704.1416015625
551.2786255 10877.59765625
553.2434082 17819.31640625
559.7789917 78496.6796875
560.2885742 13041.8046875
562.2183228 15656.0146484375
570.2667236 63602.58984375
592.2976685 64836.93359375
606.3648682 16222.072265625
614.381897 15392.3154296875
615.2925415 10175.330078125
616.3192139 17000.806640625
617.2791748 17059.212890625
624.3702393 68970.2578125
626.3344727 13499.2333984375
629.3188477 39948.40625
635.288147 170590.171875
636.2938232 50013.5546875
637.302124 16201.7490234375
637.8187866 60972.55078125
638.319458 10534.7939453125
642.385437 17839.5625
643.3463135 10584.236328125
664.3880005 10404.763671875
683.3568115 31620.919921875
700.3644409 10160.7568359375
705.37854 108663.8125
723.3817749 14880.6630859375
725.4193115 32084.013671875
726.3839722 17620.154296875
741.3895874 11783.2705078125
743.4390259 16401.150390625
744.3807983 17712.92578125
748.3154297 12890.6328125
766.3237305 207249.921875
767.322937 75727.1796875
768.3352661 17529.431640625
777.3962402 11743.626953125
778.4110718 34484.48828125
801.3703003 31703.72265625
802.3777466 14272.6103515625
803.4254761 12418.7861328125
805.4508667 9842.0595703125
812.449707 10941.9990234375
813.4644165 11584.9013671875
816.4049683 17206.333984375
819.3595581 38002.73046875
820.3529053 11476.41015625
821.4729004 10570.6572265625
825.3795776 11040.4501953125
827.4367676 10579.8779296875
834.4192505 154399.65625
835.4226074 11940.892578125
837.3632202 376296.8125
838.3659058 153549.734375
839.3473511 60560.90625
840.4581299 10675.87890625
857.4734497 10561.548828125
877.4806519 11239.03515625
878.4714966 13105.9248046875
880.4584351 16119.3203125
922.4848022 11822.0673828125
940.5108032 33254.17578125
941.510376 13036.771484375
950.4465942 102893.1953125
951.4492188 43134.6640625
952.4558105 14355.923828125
953.4770508 13259.943359375
958.5178223 33488.60546875
964.4456787 34114.40625
971.4793701 93014.6171875
974.5299072 28984.8671875
975.5447998 13469.7939453125
1016.600342 11111.2236328125
1033.493286 11396.3349609375
1051.504639 41361.4453125
1052.497803 28192.005859375
1118.549927 16740.451171875
1147.523926 36730.31640625
1148.514771 14202.71875
1165.516479 14176.8505859375
1248.554321 27720.435546875
1249.576904 43714.98046875
1250.570801 14170.5703125
1266.595337 14101.177734375
1267.575439 12115.09375
