965.505595945924 2
70.065979 666697.5
71.23230743 42117.91796875
72.08158875 183284.84375
74.06095123 240805.453125
80.22360992 49860.6015625
84.04521942 223910.21875
84.08146667 215981.0
86.09716797 2426787.25
87.05599213 64484.80078125
87.10058594 92649.3203125
88.03992462 79805.15625
101.0715408 73378.03125
105.0666809 80653.2265625
110.071701 307388.5
115.0871658 72635.5234375
116.0709534 47683.1953125
120.0813599 353794.625
120.7137527 49901.875
125.1075363 66944.8046875
129.1028137 263464.0625
130.0870972 48380.64453125
136.0758972 183216.21875
142.1225586 325945.46875
143.1176758 76559.8515625
147.1130371 178397.375
152.1074524 90865.96875
157.1344604 52931.76953125
158.0926056 171602.25
169.1339874 105490.1484375
175.1187744 333474.84375
185.1291504 43144.49609375
187.1443634 441720.28125
197.1290131 219403.703125
201.1236725 244914.0625
215.1388092 105765.1875
217.0816803 57408.61328125
232.1408081 68823.953125
236.977417 47374.9765625
250.7579498 54780.37890625
312.1552124 175216.640625
330.1676636 71132.0625
357.176178 72567.875
395.2043152 220226.375
505.256134 54600.31640625
506.2351379 77335.1640625
523.2600098 337942.125
524.2590332 63891.7890625
542.2490234 71904.5703125
636.34729 345927.78125
637.3444214 98252.3125
742.826416 49971.25
751.3703003 468731.40625
752.3658447 202723.296875
786.7581787 55706.78125
852.4116821 197863.859375
