2083.03864013906 2
147.1129913 5531.5034179688
164.3080597 5351.41796875
173.1281281 6832.1723632813
175.1185913 7755.474609375
186.0868683 14343.150390625
191.5196228 5456.1577148438
199.1801605 9662.15625
200.1399841 4865.759765625
201.1238403 7984.64453125
202.1933746 4760.0356445313
212.1026001 7392.6904296875
213.0857697 8633.529296875
216.0424805 4809.1689453125
222.8113708 4703.58984375
226.1186371 5898.7045898438
227.174942 9270.3447265625
228.1781464 6307.4716796875
229.1190338 6501.9438476563
230.1134949 23609.970703125
243.1348267 6168.98046875
247.0762329 6846.1298828125
253.0931549 6240.1821289063
286.1408691 36334.59765625
329.1810608 8537.6904296875
342.2023315 6552.3837890625
343.1415405 7866.5502929688
355.2004089 7547.3037109375
360.157135 8248.6943359375
399.2265625 7576.9252929688
404.2496948 10636.80078125
506.8132935 6271.0249023438
512.3101807 7068.5610351563
544.342041 5848.1489257813
571.3222656 34656.07421875
733.4155273 10270.7421875
850.4418335 9555.9306640625
850.5997314 7678.265625
975.3754883 7222.0356445313
1042.592896 7791.1318359375
1043.620361 63424.11328125
1096.554932 24167.314453125
1097.545898 12534.40625
1195.613647 8932.4619140625
1296.6521 11900.158203125
1310.710205 10023.498046875
1311.72644 9527.1728515625
1456.678955 25487.4140625
1457.687622 7396.6259765625
1458.655762 8981.5546875
1569.765869 22527.431640625
1570.764038 26499.634765625
1694.832031 9599.2265625
2121.310547 8799.3447265625
