2444.1957120633 2
175.118576 7140.1254882813
185.1647644 3714.3779296875
186.8565063 3665.3142089844
197.164978 4282.8081054688
201.0866699 4921.919921875
201.1227875 9544.6376953125
204.0869446 10180.484375
216.0980988 4148.6865234375
229.0933533 4541.81640625
229.1196136 6699.0571289063
231.0628204 5081.0859375
235.108429 8152.7690429688
240.134964 12013.4580078125
248.1592255 5008.6918945313
263.1027222 9989.1640625
267.1516724 4912.1850585938
268.3292542 5440.9267578125
270.1809387 4802.9321289063
272.1246643 9403.748046875
273.0864868 5396.3818359375
295.1456909 6633.9790039063
296.5610046 4993.2236328125
298.1407471 5805.6953125
302.0977478 5895.4487304688
319.2003784 7098.6118164063
344.1495361 9317.5498046875
353.5391541 5036.3618164063
353.8141479 6155.4575195313
354.425415 5625.33984375
355.1254883 6851.466796875
362.1711731 8176.6044921875
373.1357422 7391.2490234375
387.1524048 27793.73046875
401.1669312 6210.587890625
418.1232605 6293.6079101563
423.2244873 7394.1713867188
433.2092285 21517.650390625
459.1751404 7042.6884765625
482.2620544 7368.9516601563
486.2174377 10551.59375
490.2705078 5505.126953125
579.2653809 6753.9067382813
615.265564 27188.818359375
652.0394897 5980.8276367188
662.364624 6827.1791992188
680.362854 88412.828125
681.3629761 42376.53125
693.3088379 10352.8916015625
716.3224487 7539.958984375
744.3208008 8362.0947265625
761.3297119 6258.9272460938
762.3352051 10467.4384765625
779.3499146 7334.9633789063
808.4596558 22246.193359375
809.461853 20387.21875
811.8925171 9273.1904296875
824.9249878 7095.9047851563
865.3857422 7258.3154296875
937.5028687 21773.912109375
938.5046997 8044.8393554688
1121.609863 7403.3979492188
1198.538818 11938.6953125
1422.713745 64088.6796875
1423.70752 57532.8984375
1535.801758 11981.5205078125
1536.786865 29272.845703125
1620.747314 114665.9921875
1621.734863 95426.1484375
1622.76416 59171.4140625
1623.742798 20460.9609375
1682.841064 10496.3603515625
1683.855713 21491.59375
