2807.37104971106 3
194.5215912 6528.6088867188
197.1279449 15169.5283203125
199.1074982 16221.611328125
199.1799469 14736.986328125
200.1022797 13317.548828125
201.0867767 144623.453125
201.1227722 9233.298828125
212.1025543 9494.232421875
213.0872345 99374.8125
213.1593933 11613.4326171875
215.139328 17028.291015625
216.0985718 8680.5341796875
216.1332855 8413.6748046875
226.1193542 17549.78125
229.1184998 10937.32421875
234.1443481 48289.3828125
240.0980225 15775.6591796875
240.1337433 9434.23828125
242.113678 14277.240234375
243.1333466 13174.205078125
244.0917664 8202.74609375
253.2275848 7344.4560546875
254.1501312 9412.841796875
258.1092529 16290.0810546875
264.1339722 8831.1201171875
268.1656799 9171.7880859375
269.5865479 7684.8247070313
272.1247253 109338.125
273.1269226 16568.744140625
276.1359863 7614.9326171875
277.2152405 8248.8369140625
282.1433411 9590.03125
283.1407166 13945.96484375
286.140625 18641.837890625
287.1367493 11678.1962890625
294.1809692 8878.29296875
299.0904846 7094.0595703125
300.1550293 37492.21484375
302.1326294 9742.3740234375
312.1556091 72308.890625
329.1481934 11786.533203125
333.2139893 48905.73046875
341.14505 17128.45703125
343.1970215 15917.2060546875
364.5206299 10442.5380859375
366.1207275 8674.6826171875
371.1949463 20061.74609375
377.1826477 8679.6591796875
381.1750488 10597.0302734375
398.1719055 8757.8388671875
399.1890259 13110.8173828125
404.2164001 9573.22265625
408.2249756 9924.78125
412.1837463 16535.39453125
429.2019348 14889.130859375
449.1991882 8496.5732421875
512.2526855 9928.322265625
525.3068237 10581.2314453125
541.2266846 18431.712890625
545.293457 381390.0
546.2971191 103748.0078125
559.2371216 19056.818359375
577.2511597 9643.767578125
606.293396 11316.68359375
619.3231812 11855.544921875
630.3951416 12176.76171875
644.3624268 94233.984375
645.368103 38819.62890625
654.3540039 16057.94140625
655.3477173 17067.17578125
659.3143311 10396.0078125
675.3339844 11287.3193359375
686.7960205 42042.5234375
687.2955322 33685.09375
725.3898315 21496.369140625
726.3830566 12729.0087890625
743.4302368 86586.390625
744.4346924 36755.33984375
769.3687744 11444.9169921875
787.4075928 51882.96875
788.4241333 14520.412109375
838.4732666 18216.5859375
856.5153198 73310.90625
857.5145264 38549.62890625
919.4542847 20675.908203125
935.5067749 47869.73828125
936.5080566 70963.9375
937.5081787 53606.6484375
969.6046753 14172.650390625
984.5747681 190068.640625
985.5778809 141672.6875
986.5764771 16195.62890625
1148.516968 14628.4931640625
1186.571289 12864.890625
1199.688843 78341.515625
1200.680176 38565.55078125
1208.631226 17400.974609375
1272.681274 35073.984375
1295.766479 116993.203125
1296.765503 118674.1875
1297.770874 42993.2734375
1345.610229 14381.1279296875
1396.816528 19305.19921875
1397.808228 16527.740234375
