1628.78309656082 2
127.0864105 56771.19921875
129.1021271 55200.0234375
136.07547 55673.734375
155.0820007 107759.9609375
155.0922241 10199.990234375
162.9454651 9569.3505859375
172.1081848 17500.009765625
175.1190491 57658.54296875
214.0828857 30782.091796875
232.0934448 15530.4423828125
233.1293488 159764.890625
240.0991974 12368.984375
255.1444244 20689.5234375
257.1083984 10337.04296875
258.109314 30131.8671875
261.1228027 26915.1796875
265.1196899 14576.5341796875
272.1723938 195896.171875
273.1729431 14982.7041015625
284.1236572 15229.6220703125
290.1479187 16787.173828125
293.1139221 12133.93359375
294.1107788 12180.1494140625
318.145874 28822.26953125
329.1451416 14520.751953125
355.2345886 31055.748046875
360.2126465 13435.00390625
371.191925 27464.59765625
400.266571 73775.6953125
401.2708435 16438.658203125
424.2133179 13608.513671875
464.215271 28110.2890625
471.3039551 81994.890625
475.1963501 14419.443359375
484.2799072 55209.90625
485.2791748 25804.72265625
569.2904663 22917.7265625
569.7938232 25514.970703125
588.3359375 16319.0927734375
618.3712158 66152.421875
619.3743896 25543.728515625
647.875061 14708.638671875
699.3536377 134063.296875
699.8574829 87194.84375
700.3557129 60425.05859375
727.8684692 94508.828125
728.3707886 22864.3671875
728.8627319 25893.947265625
781.446228 99731.3046875
782.4434204 30453.271484375
814.5054932 117703.0390625
814.9025879 60085.9765625
815.414978 73700.3515625
815.5170898 44298.68359375
815.9099121 25593.294921875
816.4387817 106568.640625
965.750061 16188.20703125
966.5197754 55440.5234375
967.52771 27955.64453125
1023.535583 139786.796875
1024.54126 85678.4921875
1025.542725 20784.6484375
1080.559692 219373.234375
1081.568115 116273.96875
1120.559326 28487.615234375
1121.555786 23275.40234375
1137.581421 516660.5625
1138.583496 266915.21875
1139.575073 97559.3984375
1300.641113 161496.84375
1301.648193 112199.9296875
1302.647217 53718.99609375
1374.054077 17989.2421875
