1469.694524 2
102.0550308 36072.40234375
104.0538635 11349.53125
110.0715561 19321.443359375
111.1047668 10779.9345703125
115.0872269 100610.8984375
120.0811462 192978.046875
127.2156296 11039.5498046875
129.0661011 20153.384765625
129.1025391 98844.9453125
130.0866394 43080.40234375
136.0758209 77924.9765625
143.1182251 19860.451171875
147.1130524 68662.7109375
155.0816498 44653.1640625
157.0614014 19504.2265625
158.0926361 26387.666015625
159.0923004 14079.6884765625
167.0815887 11097.3564453125
167.6028137 10420.58203125
169.0967865 13630.8017578125
175.1192017 100212.328125
183.1132965 23583.123046875
185.0919647 18135.890625
197.1290894 42177.09765625
198.0889282 13085.6513671875
198.1242676 45995.32421875
199.1807709 192146.046875
201.1234894 60526.26953125
212.1031647 84147.90625
213.0884247 11175.2958984375
214.0822754 53985.0390625
214.1550903 14314.54296875
215.1387024 36198.41015625
217.0815125 12782.638671875
217.1347961 60388.79296875
225.1235199 13306.6669921875
226.1188507 241583.625
227.0664825 45572.23828125
227.1195831 15988.40234375
227.1752167 122776.03125
228.1346436 155937.3125
228.1799164 13590.5830078125
229.1192017 16341.3759765625
230.0764313 20900.41015625
243.1342773 44448.72265625
244.1652832 13787.0400390625
245.0770416 15200.6513671875
245.1291046 18928.36328125
258.0897217 24462.16796875
262.1510925 14897.9765625
263.1401978 68622.796875
266.1498413 13533.6689453125
277.1185303 13525.6904296875
281.2815552 11910.4072265625
288.1193237 20419.337890625
315.1677551 11948.5888671875
316.1151123 130661.8125
317.1145325 18129.2265625
325.1526184 34412.29296875
325.1872559 14855.9052734375
339.2035828 22932.69921875
342.1763306 152301.953125
343.1758118 11167.5810546875
349.2096252 16741.748046875
356.2173767 64309.140625
359.1696777 14898.296875
373.1883545 26333.83984375
387.1526184 26809.212890625
388.9685364 12875.5595703125
397.2139587 25041.3359375
417.2445679 15506.6806640625
447.2294922 16538.166015625
454.2269897 13784.408203125
457.1722107 14108.4658203125
499.2315979 22419.3359375
570.2678833 13165.205078125
584.2557373 13115.9228515625
594.3009644 19181.447265625
604.7855835 15003.31640625
614.3469849 14932.2236328125
631.0567627 12049.0517578125
634.27948 11863.7353515625
636.2892456 15174.8876953125
653.3171387 12287.1953125
681.3235474 64005.87890625
689.3548584 12879.912109375
734.3606567 50593.88671875
735.388855 11908.779296875
760.1100464 13117.943359375
782.3796387 25952.59765625
786.4174194 42491.54296875
787.4181519 115095.203125
788.4121094 25624.95703125
800.4644165 91181.34375
801.4590454 16726.44140625
857.437439 15740.7802734375
869.4135132 149854.34375
870.409729 48379.6875
898.4452515 48865.8125
941.3778687 26062.09765625
966.425415 12068.580078125
984.4436035 162077.75
985.4320679 70792.1328125
1004.511841 25831.873046875
1014.534973 15288.9443359375
1040.456055 16447.013671875
1097.530151 162865.203125
1098.515259 80005.671875
1124.639404 41984.65625
1125.632324 50613.4296875
1127.482056 47378.96484375
1208.557739 49113.92578125
1225.575684 64700.953125
1226.571289 48734.41796875
