1134.49912839514 2
84.04523468 169762.9375
84.08163452 425934.96875
86.09719849 421230.34375
87.05609131 94599.609375
92.03490448 98605.3515625
101.0715714 286489.625
102.0555954 61658.94140625
103.0552979 50755.890625
110.0721664 41588.83203125
115.0509186 174743.125
120.0812225 1913380.625
121.0849152 86275.65625
129.0665894 57901.5390625
129.1026764 495394.96875
130.0865173 161909.34375
136.0759125 63518.578125
143.1177826 68540.5390625
147.1125488 324674.78125
167.3934174 42063.8828125
175.1192169 66839.796875
177.1025391 1836247.375
178.1054077 104583.296875
186.0872803 73182.25
187.1446533 56537.515625
205.0974731 395344.6875
216.0420227 53674.078125
240.1349487 80171.953125
243.1100006 73785.109375
257.161438 196530.265625
258.1447449 371351.0625
262.1171875 63837.39453125
274.1179504 49534.1015625
275.1715393 186388.1875
310.2509766 47420.46484375
365.8874817 47959.0703125
386.1463928 53330.53125
400.1759033 60646.8203125
412.0883789 65038.62109375
412.1616211 51062.71875
414.1365662 50762.234375
429.118042 54025.98046875
445.27771 173267.875
469.1167297 61987.02734375
688.3085327 316698.5
873.3814087 50563.58984375
930.4147339 324401.34375
931.4030762 178222.515625
