1952.93859561105 3
136.0681458 8969.814453125
136.0760193 160495.671875
143.11763 17763.537109375
147.1127319 25796.59375
153.861969 7557.4765625
157.1340027 18630.869140625
158.0920715 22398.087890625
159.0758362 14572.25
167.0926056 56295.4609375
168.065567 9602.404296875
169.1333771 14839.47265625
171.1126404 85104.7265625
173.1284485 9547.50390625
175.1191254 177927.96875
178.0603943 9538.525390625
183.1128387 14666.0263671875
183.1487274 13648.640625
185.0916138 10854.376953125
185.1651917 281254.78125
186.1677856 16219.1826171875
187.0708771 47442.24609375
187.1087952 10274.279296875
187.1442719 24343.53125
189.0861359 13366.8974609375
189.2781982 9020.1083984375
195.0875549 48116.75
197.1284637 50070.953125
199.1078949 56129.140625
199.1807098 129359.90625
201.0870361 17139.43359375
201.123764 15197.3779296875
203.1024475 62077.5546875
204.1352234 8162.0029296875
213.0870819 16583.962890625
213.1597443 95902.9140625
214.1583252 15660.5244140625
215.1400146 132640.671875
217.1357117 23277.220703125
219.1136322 9861.0625
222.6821289 10547.275390625
226.118927 22132.765625
227.066803 14262.9150390625
227.1024323 95839.1640625
227.1763458 95153.0703125
229.1286926 13620.6865234375
231.0966644 46743.9140625
232.1395721 12369.0712890625
233.1646729 11518.9306640625
242.1494904 23125.919921875
243.1341553 191091.75
244.0927124 21978.685546875
244.1373138 13121.9404296875
244.1658478 46455.87109375
245.076889 134751.9375
245.1310883 46463.484375
246.1569977 20067.0703125
249.1600189 173919.28125
253.7657013 10364.060546875
256.1668396 16271.30078125
258.145813 19948.955078125
261.1587219 27400.3828125
262.117981 19921.478515625
263.0899353 23179.12890625
272.171814 20733.6796875
274.1878662 62650.71484375
275.1919861 11735.5576171875
276.1658936 17557.216796875
277.1549072 244130.296875
294.1824036 21623.47265625
296.1973877 12478.0576171875
298.103363 10857.3515625
298.1361694 9882.330078125
300.1557922 198675.671875
301.1577454 21234.91796875
314.1707458 14445.2802734375
317.12854 14475.0244140625
326.1306458 18872.306640625
326.1706543 15716.6826171875
328.1160889 11741.736328125
328.1513367 28474.14453125
338.2080078 12287.50390625
340.1885986 15024.3408203125
341.2193604 113261.921875
342.207489 19229.408203125
346.1227417 46705.01953125
353.1842957 13958.787109375
357.1775513 15821.8798828125
358.164917 15908.3876953125
358.2152405 22689.494140625
359.1696777 15069.8828125
385.2459412 20249.865234375
390.2368164 18000.623046875
409.1668396 15473.041015625
413.2398071 23357.474609375
428.2634277 124229.125
429.2667847 16574.0234375
430.277771 234494.40625
431.2816467 63826.7890625
455.1732788 15350.3232421875
462.2688293 74352.6015625
471.2547913 21096.734375
473.2827148 25185.783203125
481.3052979 13905.7763671875
487.1564026 12702.2236328125
512.2377319 14769.412109375
530.2073364 12551.1103515625
530.7816162 46353.1484375
533.3039551 59737.44140625
539.7869263 51068.5390625
542.2056885 41824.7109375
568.3029175 13765.966796875
570.2002563 23698.28515625
575.3297729 98686.1640625
576.3331909 14144.2529296875
602.3269653 85015.1171875
603.3311768 21107.1484375
607.3520508 21247.84375
608.3362427 15274.6845703125
634.3230591 50410.85546875
643.8341675 15287.5341796875
644.3426514 13610.0615234375
651.3650513 78325.234375
652.3743896 19056.865234375
661.3632202 180801.421875
662.3652344 46715.8828125
663.5443115 12756.787109375
676.3240967 18755.365234375
689.8380127 18942.712890625
692.3182983 19535.228515625
693.3363037 26553.6328125
698.3464355 15740.87890625
699.3796387 50539.9765625
703.3925171 25295.3515625
715.4127808 133538.0
716.371521 108367.4609375
717.3753052 67131.578125
718.369873 16823.712890625
755.8494873 26528.486328125
756.359375 17007.421875
756.8578491 24472.921875
763.3614502 66549.8671875
764.3668823 17634.859375
772.2924194 63731.23828125
773.3029785 16110.529296875
776.388916 255687.625
777.3920898 115513.1953125
778.395813 27483.234375
800.2974243 27848.64453125
820.3733521 25983.64453125
820.8797607 26123.95703125
821.3774414 16406.91015625
829.4445801 21786.7578125
839.395813 16749.94140625
844.4571533 66310.828125
845.4540405 25504.568359375
867.401062 17577.328125
870.8933716 83056.3671875
871.4128418 62824.18359375
871.9092407 17940.80078125
876.4293823 27042.400390625
889.4754639 209388.671875
890.473999 97489.1328125
891.4830933 16828.201171875
922.4891968 19403.0546875
931.4577637 16084.7421875
941.5053101 788333.875
942.5082397 441886.0
943.5081787 124001.25
944.5228882 69133.4921875
947.4822388 18296.98046875
959.5094604 23159.697265625
963.4890137 21575.27734375
1002.555054 62078.59765625
1003.572998 20896.509765625
1063.515259 20765.662109375
1073.526245 20240.041015625
1074.530029 71367.453125
1075.558716 22934.501953125
1077.531616 27121.880859375
1135.585938 94563.953125
1136.591064 42326.77734375
1137.595947 20608.419921875
1188.626099 102874.4609375
1189.620605 75515.0546875
1190.606812 44638.921875
1266.634155 17120.0234375
1267.619995 19935.40625
