1215.58741190266 2
84.04527283 140614.40625
84.08150482 432360.6875
85.01139832 82350.4765625
86.09719849 851193.3125
86.10240173 43166.55078125
87.05635071 34216.234375
87.10031891 37186.82421875
88.04011536 99390.8046875
91.05496216 40889.83984375
92.01702118 41399.3984375
101.0716629 102098.0390625
102.0555573 137561.421875
103.0546036 24466.091796875
110.0719376 125090.8125
112.0876007 24509.23046875
115.0867844 27526.857421875
116.0710068 24257.98828125
117.066185 32010.7421875
119.5316238 24582.6484375
120.0812454 954392.1875
121.0844574 20690.94921875
127.0867157 37008.78125
129.1024017 756392.25
129.1115265 46249.6015625
130.0653839 110006.90625
130.0864716 183615.75
130.1056976 36214.96484375
132.0812988 54910.62109375
136.0758514 776894.625
136.0855713 45981.59765625
137.0794983 54704.40625
141.1030731 21228.576171875
143.1186066 51435.78125
145.0606689 38634.6015625
147.1128387 369315.375
155.0818024 39700.55859375
158.0931396 195641.203125
159.0921478 140353.546875
163.8124237 24978.568359375
169.060379 37986.671875
169.0974884 98983.5546875
171.1133728 35646.3671875
173.1291351 132168.421875
175.0857544 37120.265625
175.1190796 219296.125
176.0204163 109364.0546875
182.0629883 25394.12109375
183.1134644 27524.6875
184.1081543 25431.654296875
185.1285095 41595.5078125
186.0895996 241857.109375
187.0709534 26356.478515625
187.1443481 37250.65625
193.097702 58795.84375
197.1277466 25769.703125
200.1396179 36942.41796875
201.1234283 99227.7578125
204.1023102 47891.31640625
207.1131592 47447.8203125
209.0921478 95289.21875
214.1564331 26710.091796875
217.0993347 28482.177734375
221.0926514 30234.5625
226.1190948 229188.5625
229.118927 60704.21484375
231.1131287 488053.53125
232.1163177 39753.01171875
234.1242676 92172.234375
234.1453857 33503.62890625
235.1074066 28416.724609375
235.1451263 88529.734375
242.1491241 37473.6875
243.1099091 102303.2578125
244.1090393 47494.99609375
244.1302795 90038.265625
244.1661224 45796.86328125
245.0930939 38496.55078125
249.1235962 727637.3125
250.1266785 60181.41015625
258.1445923 118183.390625
259.1078796 203357.125
260.1978455 89296.8984375
262.1188965 136636.5625
277.118927 38773.72265625
283.1412659 51125.2265625
302.1156616 35574.23046875
308.1246643 125771.390625
313.0347595 26814.833984375
317.2182922 160386.09375
319.1400757 43651.734375
328.1292114 251394.015625
329.1335144 30692.466796875
346.1409607 92511.9296875
357.1559753 108820.5390625
359.1964722 41430.77734375
363.1427612 31334.6640625
369.1749878 33324.73046875
373.1709595 25116.09375
385.1484375 174954.171875
387.1880493 26873.66796875
403.1630554 102742.375
404.2509766 357107.6875
405.2542114 56789.31640625
410.2406616 32354.982421875
430.2085571 53074.796875
431.2104492 42479.0625
458.2638245 39865.6171875
496.8974304 26594.83984375
515.2838135 97191.828125
518.2382202 32171.43359375
533.2953491 274631.4375
632.3618774 373230.59375
633.3598022 136255.59375
657.3494263 27165.111328125
680.40802 32765.2109375
697.4396973 268160.625
698.4378662 136093.1875
742.355835 114870.6640625
745.4442749 38053.7890625
784.4663696 280334.625
785.4579468 114425.90625
795.4182129 120844.0234375
796.4188232 38101.12109375
803.4170532 32182.58203125
852.4445801 159958.453125
853.4480591 55149.40234375
904.4632568 30900.953125
937.0778809 29361.283203125
939.4799194 197688.046875
940.4663696 104530.4296875
941.4865112 31585.177734375
955.517395 50317.546875
970.5477905 212987.25
971.552002 202411.703125
972.5491943 42264.81640625
