2544.34610488756 2
175.1196289 60778.3125
183.076767 338175.0625
183.1136169 94647.3046875
185.0921021 82486.359375
187.0717468 190944.296875
190.1183014 109858.1796875
197.1286774 166510.921875
198.0875244 70420.7109375
199.069931 64056.94140625
199.1806793 199821.953125
200.1032562 909040.75
201.1239777 143578.09375
202.0829163 82245.0546875
202.3492889 63151.609375
203.2469177 82585.6171875
214.1186523 93471.2734375
215.1389313 153672.40625
226.0829315 111983.2578125
226.1189423 363908.5
227.0673676 387033.5
227.1394196 171545.765625
227.1762848 311863.09375
228.1343384 300458.3125
229.1194916 93628.734375
230.9043884 68917.234375
241.1575012 83842.90625
242.1856384 109590.9453125
243.1348267 152870.875
244.0935669 784526.25
254.151062 1236897.625
260.1968689 1071135.125
261.1564331 130126.65625
261.2000122 93714.2421875
272.1607056 1251696.125
273.1629333 111520.890625
274.1596985 77862.453125
283.1405334 375910.5
284.1977539 125679.0625
285.1185913 66545.125
297.1933594 343647.90625
298.104187 140419.6875
299.1722412 207140.40625
300.1560669 2040081.625
301.1512756 1060141.25
302.1548157 74578.9375
315.1306458 528474.5
315.2041016 124379.625
325.1872559 1194123.125
326.1912842 134304.75
326.2451477 104978.640625
327.1670837 162698.234375
327.2027588 179550.125
341.1102905 518483.6875
342.0942078 367741.75
342.2120972 108213.453125
343.1987 546500.75
344.145752 199332.578125
344.1960449 77690.1171875
354.1774902 89795.1015625
359.120575 1494007.125
360.1256409 184922.5
360.2256165 166781.78125
365.184082 159141.75
372.1424561 89787.4453125
372.1881409 358554.28125
373.2816162 889076.0625
374.289093 87430.6015625
382.1697693 94752.1640625
383.1957092 110923.453125
385.1397705 131414.5
385.2469482 498915.65625
400.2223511 143434.375
401.1678467 85860.203125
412.1454773 112580.4921875
413.1308594 204596.3125
413.240509 1110451.5
414.1642761 135752.578125
414.2411804 670012.3125
415.1845398 103029.828125
416.1792297 691204.3125
417.1838684 86957.7421875
426.2401733 127454.234375
427.1806641 483004.78125
428.1883545 85687.71875
430.1571655 1012991.8125
431.1618958 365739.9375
436.2210083 173348.9375
437.2337341 104386.6484375
443.2154846 125067.2890625
444.2098389 99967.6640625
445.1980591 175148.09375
448.017395 88088.546875
453.2481079 376404.8125
455.1781006 159545.71875
465.4493713 95758.7265625
469.2082214 99725.2421875
471.2579956 591060.375
472.2048645 299912.375
472.2629089 121433.9921875
480.2104797 116854.5546875
485.2115173 106240.3984375
487.2185974 347741.0
496.16922 307006.9375
498.2230225 160193.375
498.3316345 352302.6875
502.3258362 492036.46875
503.3367004 94595.40625
513.1987305 472141.3125
514.1833496 200099.15625
526.2559204 113936.25
526.3231201 654841.5625
527.3253174 468168.0
531.2064819 1122015.125
532.2080078 160427.34375
538.2203369 417548.90625
542.2610474 149409.015625
543.2481689 400049.8125
555.2436523 116407.609375
556.2221069 272600.71875
557.2283936 119233.3828125
559.3464966 4339217.5
560.2700806 230044.46875
560.3509521 1293849.25
566.2293091 98711.203125
568.276062 453867.4375
584.2367554 335818.71875
586.2868652 368900.3125
587.2821655 105638.65625
602.2481689 477166.96875
608.2714844 161324.859375
609.260437 99486.90625
626.2830811 438560.8125
637.3207397 108109.234375
638.3117676 98533.625
639.4085083 368461.4375
644.2891235 344022.84375
648.2653198 104763.8125
655.3266602 142062.546875
657.3011475 107615.859375
664.8042603 124328.1953125
665.2922363 342026.0
666.2791138 158536.5
668.3330688 145429.40625
670.3007813 119342.6796875
672.430542 4071072.5
673.3436279 142933.375
673.437439 1464842.625
675.289856 105859.84375
681.3033447 101904.0
683.3005371 770593.875
684.2994385 199221.0625
687.3228149 145743.359375
697.3043213 155066.640625
698.3141479 187412.75
701.3076782 1100727.25
702.3139038 424763.6875
714.3170166 132656.359375
715.3220215 418777.0625
716.3000488 207009.5
725.3482666 334273.78125
726.3323364 115275.3203125
732.3150024 130349.5859375
743.3388672 110728.7109375
745.3125 128317.265625
751.3898926 100413.53125
753.3439331 97022.0859375
768.4121704 157489.546875
769.3934326 170057.46875
770.3682251 118537.9296875
784.3538208 157216.296875
785.5148926 2092322.625
786.52771 713206.125
788.3656616 121401.3515625
789.3492432 119482.859375
796.3847046 465557.40625
797.3712158 184139.3125
798.3618164 407474.625
799.3594971 132959.625
800.382019 127666.890625
802.3781128 121979.4609375
814.3989258 202346.4375
815.3612061 581423.8125
816.3530273 440503.15625
817.3634644 124103.828125
823.8938599 157371.828125
824.381897 197815.484375
827.3873291 183062.4375
828.3823242 133958.828125
833.3685303 705023.625
834.3662109 344334.4375
845.4036865 109220.5390625
875.3918457 105183.9921875
880.4212646 117983.0625
898.4358521 207182.65625
898.5991821 1977380.375
899.6063843 1176428.125
900.6099243 151749.3125
902.4328003 145438.09375
910.4281616 145852.28125
928.4403076 469583.21875
929.4373169 157906.109375
946.4522095 473246.1875
947.4602661 138745.59375
958.4844971 198541.90625
997.6760254 725318.8125
998.6707153 160105.9375
1020.398438 114546.3671875
1024.503052 124943.34375
1041.542725 270796.5
1042.52063 165446.71875
1059.536011 486959.71875
1087.505127 145127.140625
1088.511475 109782.8359375
1111.710693 518480.0
1112.720093 159460.578125
1126.552734 136843.1875
1154.61731 159069.984375
1155.61145 180013.15625
1172.604004 186965.953125
1173.611572 150362.53125
1176.524292 137168.234375
1198.738281 780691.875
1199.747314 572509.4375
1227.570557 125814.8125
1299.798828 925365.25
1300.803955 630231.5
1338.026367 118467.90625
1400.835815 391925.0625
1401.833374 159058.953125
1457.865479 1808037.5
1458.865601 1458406.5
1459.856079 498201.5625
1476.638306 143308.625
1487.877075 178232.71875
1572.891602 527961.0625
1573.869263 517680.3125
1611.834473 143234.0
1612.906982 276153.25
1629.916748 2125472.75
1630.912231 1944595.875
1631.935181 924615.75
1632.875732 143258.765625
1712.946411 169300.453125
1713.968384 189079.03125
1730.953735 2336265.5
1731.960938 3238559.0
1732.463501 163060.859375
1732.944214 1271244.0
1844.034546 470723.5625
1845.037109 144428.25
1959.070313 310847.34375
1960.059448 327570.78125
2074.051758 380400.90625
2075.090576 544472.3125
2076.048096 193491.875
