2365.32767765311 2
175.1187592 7106.275390625
182.5967865 2671.5505371094
183.1490479 19365.14453125
197.1641693 4152.265625
209.1288452 5946.5434570313
211.1442108 41497.96484375
226.1184235 3224.4462890625
226.155426 25278.103515625
289.1600952 4486.0786132813
304.2027283 7066.1743164063
310.2124329 51356.19921875
311.212616 4901.8735351563
321.2293701 40267.234375
325.1904297 4483.2612304688
325.2253418 3836.7907714844
326.2416077 3954.4252929688
339.2409058 27494.478515625
340.2444458 4921.7802734375
395.3019714 7117.2578125
402.2462769 15753.7578125
410.3145752 7868.6572265625
423.2945862 30279.03125
424.3026123 4305.5205078125
438.3101196 33512.87109375
439.3119507 6397.2153320313
482.3352966 4302.4072265625
512.0595093 4166.3642578125
523.4005127 7921.9526367188
527.1858521 4367.900390625
533.3793945 5114.8388671875
536.2872925 4238.9921875
537.3076172 3598.7585449219
543.2980347 5099.6279296875
551.3921509 40357.41015625
552.3981323 13412.7392578125
630.9954834 4239.7866210938
664.4790649 21762.216796875
665.4733887 5988.056640625
685.2518311 4387.3930664063
735.5114136 17595.744140625
765.3508301 4343.1127929688
797.5241089 6560.6118164063
802.4761963 7826.8803710938
864.5458984 6991.7763671875
915.5698242 6783.77734375
926.5697632 7866.6240234375
979.5934448 7037.6689453125
986.6000977 13629.177734375
987.6110229 7844.5517578125
1083.864258 5343.6411132813
1131.428711 4576.7739257813
1172.663696 69351.96875
1173.663208 42429.15234375
1174.159058 7072.8461914063
1174.65918 33026.04296875
1175.140869 5986.1616210938
1183.170532 17435.529296875
1183.685913 39415.37890625
1184.17334 22564.5234375
1184.597168 149610.53125
1287.686157 28026.216796875
1288.678101 16353.3662109375
1386.76355 21721.958984375
1387.781616 13107.81640625
1501.78772 28359.9453125
1502.797119 30027.4296875
1503.803711 14594.5849609375
1630.81897 30715.0234375
1631.820923 33052.0625
1632.845337 6808.3061523438
1701.867798 72331.8359375
1702.864746 54336.9453125
1703.854492 29572.59765625
1814.961182 45282.07421875
1815.949707 50004.08984375
1816.953125 26038.892578125
1928.053955 35351.578125
1929.026367 38936.890625
1930.060303 15101.4638671875
2027.155273 8082.603515625
2028.089844 18667.40625
2140.098633 5469.7758789063
