1519.701724 2
110.0718536 49810.89453125
112.0876617 12734.1328125
115.0871582 17181.40234375
116.0712051 18100.14453125
116.7286758 10017.294921875
120.0808716 86643.578125
127.0866699 11894.1337890625
129.1024933 93208.2890625
130.0656128 40585.140625
130.0864563 13933.2705078125
130.7425385 10681.6103515625
133.0431671 14846.3564453125
136.0759277 94469.6484375
147.112793 22217.7578125
151.4917297 10015.357421875
155.0818176 54775.0546875
157.097702 106490.4921875
157.1342316 12392.2626953125
158.0917816 15161.13671875
159.0781097 20613.4140625
159.0920105 110868.921875
160.0951843 12167.1357421875
167.0819244 12779.171875
173.0923767 16258.33984375
175.0879974 41880.44140625
175.1193085 161230.421875
183.1137238 13207.1171875
185.092041 101990.375
197.1293335 18080.12890625
199.1072235 13120.8466796875
201.1234741 23697.546875
204.1351166 13075.4853515625
211.144516 17814.62109375
212.1035461 39758.4453125
213.088028 153961.109375
213.1095886 13744.0263671875
215.1390533 198642.703125
216.0980988 38350.69140625
225.1236725 48491.8828125
226.1186829 73107.5546875
227.1032715 19569.302734375
228.1347656 13996.41015625
230.1136627 22768.50390625
233.1287994 11845.5361328125
235.1082916 45101.49609375
243.1337891 255099.34375
243.1562805 11511.9765625
244.1367035 14623.7666015625
249.1236115 12234.4228515625
258.1110535 30442.55859375
271.1771851 16941.3359375
272.1397095 19730.376953125
272.1719055 15995.3486328125
276.1671448 136312.953125
277.1695862 14432.740234375
282.1093445 64255.63671875
300.1183167 187406.03125
301.1231384 19872.3046875
315.1681824 10782.544921875
325.1903381 16342.51953125
328.1976318 13014.4326171875
333.3785706 12793.1689453125
342.2034607 66967.71875
405.2107849 22077.783203125
416.1914368 41196.58203125
419.1924438 52203.9765625
420.1949768 12381.359375
430.229126 58632.28515625
442.3641052 13438.794921875
443.1932373 13812.970703125
447.1828003 12408.515625
508.7380066 57568.1953125
509.2376099 25014.94140625
530.2220459 11400.2255859375
531.289856 18933.310546875
532.3260498 59538.19921875
533.1470337 13696.34375
538.2384644 11634.3916015625
570.2194824 21597.23046875
587.2425537 51311.02734375
598.317749 22475.111328125
615.3469238 158463.34375
616.3475342 55757.08203125
675.7918091 13864.51953125
676.2888184 12319.5654296875
692.4403076 15326.3701171875
707.3359375 21635.673828125
712.3657837 15688.947265625
717.4106445 73356.796875
729.3865356 109083.28125
730.3892822 16167.2626953125
743.3770752 17415.109375
744.37854 15149.0751953125
752.4263916 13694.787109375
760.4152222 365451.0
761.4157715 145832.4375
770.4169922 12672.103515625
786.9380493 23359.73828125
787.4460449 12391.0498046875
804.3845215 18661.87890625
807.3587036 23098.8203125
840.4003906 13443.650390625
845.4197388 13779.6787109375
858.4249878 63259.1484375
870.3508911 22678.666015625
901.0048218 17436.275390625
919.4107666 68822.0625
939.4313965 20859.08984375
949.034729 15460.1279296875
949.5394897 16240.38671875
964.4077148 16217.60546875
972.4779053 132613.640625
973.4624023 43750.99609375
974.4821777 13462.7587890625
1016.468262 203802.21875
1017.465393 66791.9296875
1049.453491 21799.494140625
1050.453613 19708.703125
1051.457764 90519.7890625
1052.434692 25023.25390625
1073.529175 135256.28125
1074.512207 74539.2109375
1086.504517 14566.265625
1179.52771 15201.46875
1212.128662 12030.419921875
1220.568848 49177.76171875
1221.568848 57081.1875
1254.517212 13819.8505859375
1335.593872 23300.701171875
1336.603516 50435.68359375
