2088.95871877668 2
145.5566101 5474.087890625
153.1020508 6939.3881835938
157.1335297 14773.72265625
158.0920868 9420.80078125
159.0913849 7152.611328125
161.0365753 6507.814453125
175.1189575 76199.8125
183.1126251 6989.3139648438
185.1284943 9092.875
186.0874329 7815.8110351563
187.1436462 21243.865234375
188.0708923 14922.9921875
197.6996765 6179.3520507813
200.1020203 13198.1923828125
204.0786896 10998.2412109375
205.0965881 12018.984375
217.0814819 6989.2807617188
225.6809692 7880.7666015625
226.1189728 7246.7646484375
227.1394196 10504.3779296875
228.5976715 7645.65625
229.1010132 16308.2783203125
230.3356018 6528.1977539063
232.0745697 35477.4921875
233.0914154 10919.38671875
241.0861053 7428.2026367188
244.1664886 8774.9931640625
245.0777283 10473.6630859375
250.0235138 8587.4794921875
251.0846558 12043.056640625
260.1026611 7434.1596679688
268.1646118 9511.1689453125
279.079071 18285.39453125
284.1973572 13769.5732421875
296.1071167 184774.375
297.1069946 12771.9609375
300.1365662 51721.25
304.1282959 8334.0087890625
305.3030701 8526.37109375
307.0730896 9284.775390625
324.1010742 90363.40625
325.1025391 8192.744140625
325.1873779 8237.9150390625
341.1298218 10269.283203125
347.1030273 117236.671875
348.1049194 9355.7685546875
364.1682434 11373.173828125
375.1962585 14489.962890625
375.2374573 13754.4228515625
383.1913147 15561.560546875
386.5522461 8002.7055664063
393.1228027 49050.57421875
395.1408691 10303.990234375
399.2058716 37801.640625
400.2072754 10400.9619140625
418.1769104 10880.5263671875
446.1699524 39659.34765625
464.1554871 19396.158203125
465.1487427 11648.564453125
476.2476196 32370.029296875
484.1312256 123702.625
485.137146 35320.7734375
498.2775879 13608.482421875
510.1671448 39943.76171875
513.2467651 10369.28125
513.3133545 11624.158203125
514.3154297 11147.7783203125
522.3047485 15439.615234375
538.1858521 9702.732421875
547.2803955 34243.984375
555.1696167 17230.900390625
559.2591553 9955.66015625
562.2756348 14577.68359375
564.208313 11597.779296875
576.1782227 11642.912109375
609.2288208 10596.84375
617.274231 8941.8271484375
624.18927 12240.962890625
635.3893433 35952.49609375
646.3562012 34647.5703125
652.1776733 12129.2890625
653.1815186 13171.3955078125
670.1983032 72710.1640625
671.1983032 14652.3955078125
731.3974609 13519.0595703125
741.2788696 14497.4248046875
745.4170532 19268.654296875
751.2774048 11232.0390625
769.2619629 34150.60546875
816.4666748 11677.060546875
837.4485474 33808.234375
966.4905396 34906.7109375
972.4614258 34790.578125
1000.54364 14098.7451171875
1027.524902 15740.794921875
1037.519653 20438.876953125
1044.550293 442157.0
1045.554199 237238.4375
1046.560791 84145.5703125
1158.539185 11896.119140625
1166.562744 20480.30859375
1189.592163 13392.5634765625
1207.614868 400520.28125
1208.61438 236509.578125
1209.612183 63211.13671875
1281.589355 35054.92578125
1320.696655 256358.03125
1321.704468 218334.890625
1322.70166 61704.171875
1323.706177 11351.7041015625
1410.633057 15138.7197265625
1419.766602 69102.59375
1420.760254 58201.21875
1421.782471 28854.96875
1442.625366 14852.5263671875
1534.773071 79398.921875
1535.787354 62249.9140625
1536.78418 11955.625
1605.819702 54620.0078125
1606.82373 53030.61328125
1607.832764 14549.4921875
1765.853149 20014.12890625
1766.86145 31762.275390625
1769.700073 10984.94921875
2002.6073 12527.421875
