1252.63496353342 2
87.05582428 45824.2421875
87.10063934 19713.962890625
98.06110382 13367.8115234375
101.0716553 28146.68359375
103.0552139 19180.099609375
104.0533981 125863.296875
105.06633 17771.6796875
110.0718689 79268.1796875
112.087265 21143.671875
114.0666046 15963.0830078125
116.0711975 24448.751953125
119.0636902 13639.1220703125
120.0812073 652726.75
121.0847855 45588.3125
123.6338348 11608.8583984375
125.1077118 14466.7275390625
127.0869827 49221.13671875
129.0660706 18514.71484375
129.1025696 702368.4375
130.0865631 57995.10546875
130.0967407 14296.626953125
130.1059875 57188.93359375
133.0434265 19474.84375
136.0758972 176247.15625
137.0790405 15720.7646484375
137.990387 11657.537109375
141.0662231 11887.8056640625
143.1180878 15546.14453125
146.063858 12956.7041015625
147.1026154 11194.6728515625
147.11203 88147.3515625
155.082077 19744.1484375
157.0978394 110162.3046875
157.1083832 18461.712890625
157.1338959 25395.033203125
158.0922852 52174.40625
159.0775452 15875.0556640625
159.0921631 14984.3388671875
167.0820618 13177.203125
169.133606 19859.33203125
170.1373291 17887.521484375
171.07724 21356.51953125
173.1287079 142386.703125
175.1192474 268211.53125
181.0976105 28814.96484375
183.1132507 17438.349609375
186.1238708 57506.328125
195.8435669 12361.7783203125
198.1246033 16920.603515625
199.1808472 16144.564453125
200.138855 16501.357421875
201.1232605 132841.609375
203.0859375 16039.4697265625
207.1130066 235752.484375
208.1138916 20137.0546875
209.0922394 59275.734375
211.1443329 18632.548828125
212.1029816 50770.50390625
216.0986786 26969.087890625
217.098114 24715.828125
217.1351318 20484.54296875
226.1184082 135726.296875
229.1299591 18625.0625
234.2207489 12312.240234375
235.1070404 104885.78125
240.0964355 16551.197265625
244.1301117 79306.515625
246.1560211 72061.4375
263.1034851 42705.74609375
280.1705933 22374.9765625
283.1767578 64330.52734375
284.1811523 15111.953125
288.1391907 22147.578125
302.152832 30528.490234375
316.1266479 14683.7607421875
318.112854 57564.21484375
322.1890259 20859.5546875
328.1974487 20193.568359375
330.1828308 22308.41796875
332.227356 12816.830078125
338.4902954 12393.5791015625
345.223877 62815.51953125
346.1374512 15554.779296875
350.134552 28787.99609375
395.7140808 53412.9140625
396.2171936 56671.08203125
429.2833557 161978.984375
430.284668 74876.046875
431.2863464 13955.244140625
453.2382813 61925.1171875
453.7390442 28541.568359375
476.2639465 76434.8046875
477.2673035 19767.56640625
481.2562561 18893.638671875
483.7386169 22461.564453125
506.2303467 14631.646484375
526.7617188 54790.32421875
527.2600708 26329.9765625
530.3294067 20887.248046875
531.3305054 15713.5341796875
547.3028564 348086.8125
548.3046265 109867.578125
561.7730103 16515.19921875
570.2764282 88739.6875
570.7781372 83923.875
571.2827148 61392.9765625
575.2590332 15562.9287109375
596.2595215 27289.318359375
617.2841797 16687.783203125
626.8895874 127812.359375
627.3007202 34709.9765625
627.8935547 17223.595703125
662.329895 421111.46875
663.3343506 142014.609375
664.338501 29465.666015625
709.3403931 17900.67578125
745.3984375 16138.30078125
787.4335938 19079.41796875
790.4233398 252125.03125
791.4171753 63092.40625
792.4170532 18528.05078125
808.4138794 20760.93359375
905.4539185 213539.3125
906.4484253 128786.0546875
962.5263062 22405.806640625
964.5177002 14341.4990234375
1036.497559 14548.576171875
1052.509155 79386.0546875
1053.51416 27024.37109375
1054.500488 21779.115234375
1139.551025 51726.5546875
1140.542358 22221.857421875
