2394.15789452137 2
165.1021576 43211.37109375
171.0776367 26832.064453125
175.090744 31220.55859375
175.1193848 184097.59375
182.0191803 26518.298828125
183.1113892 33844.48828125
196.1448975 32944.48046875
197.1291351 26423.845703125
200.1401367 42676.79296875
201.1239014 78003.328125
210.1256561 25343.58984375
214.1555786 49124.0078125
219.1489716 43655.9921875
224.1414948 26463.248046875
226.1193848 37481.2890625
228.1348419 43680.90625
229.1187592 173344.828125
233.1651764 59304.0390625
240.0986938 156075.234375
242.149353 123483.2578125
247.1452942 30742.66015625
258.1087341 185264.859375
259.1084595 31148.388671875
261.1607361 61258.58203125
276.1342773 241808.6875
277.1382751 44620.5
298.1043396 39163.69140625
303.1135254 31849.373046875
303.1783142 71723.28125
330.1819763 53718.69921875
353.1827087 148442.71875
357.1781311 654940.875
358.1787109 71767.34375
360.233429 34952.578125
371.1947327 75409.1875
372.1916504 59865.86328125
375.1982117 102150.65625
389.2189941 343196.0625
390.213562 205183.03125
425.2388916 42246.50390625
426.2859497 33607.11328125
442.269928 39380.625
443.269104 36601.5078125
459.2283325 42839.96484375
470.2640686 258587.5
471.2651062 73837.8828125
488.2882996 68483.7421875
500.2529907 193827.9375
504.2462463 45560.140625
517.2825928 55800.265625
518.2615356 47337.5234375
550.2416382 166771.734375
571.3234863 35810.0
572.3187256 49653.828125
582.2944946 36095.2421875
589.3371582 42138.4453125
599.3179321 154007.90625
600.3190308 44386.25
617.3331909 134250.0
618.3412476 47619.53515625
621.2780762 139868.171875
691.2941895 48745.8046875
708.3115234 965540.6875
709.3152466 332421.8125
710.3202515 77777.546875
727.3763428 47601.64453125
745.3907471 164327.359375
746.3942871 40556.00390625
823.3403931 279927.65625
824.3392944 140839.40625
833.366333 46610.3125
844.4611206 147648.609375
845.4550171 69195.6796875
934.3689575 63161.1484375
951.3932495 279908.40625
952.3972168 66276.0546875
962.4603271 48414.9453125
1005.403259 56457.3671875
1022.43634 727977.6875
1023.433899 327860.5625
1024.438843 125476.8359375
1135.517456 754900.8125
1136.52771 510189.5
1137.52063 193747.109375
1146.547485 137484.28125
1207.661987 42811.19921875
1249.589844 74604.015625
1305.618408 595401.6875
1306.639648 387931.8125
1307.617188 139355.15625
1403.645996 71634.4453125
1419.664673 555652.8125
1420.663452 509294.15625
1421.667114 72530.9296875
1533.662598 139747.59375
1534.691406 54651.58203125
1550.705933 870904.625
1551.708984 745983.375
1552.716064 270399.15625
1632.746094 49858.5
1633.773682 142198.765625
1649.782715 378032.71875
1650.77771 422557.0625
1651.733032 217743.640625
1760.819458 126966.28125
1761.829468 147193.890625
1777.838501 258221.96875
1778.858398 289290.84375
1779.831665 203018.359375
1924.89502 183330.21875
1925.896362 251107.28125
1926.891968 75127.3359375
