1941.89789084566 3
136.0762329 98829.6015625
137.0794067 5814.03515625
141.1027222 4571.7387695313
142.0864105 7974.1704101563
145.0607452 3975.0766601563
147.1132202 5164.12109375
158.0925751 4308.0751953125
159.0798645 3009.7243652344
159.0923309 23434.61328125
169.0971527 8795.591796875
169.1340637 8716.6630859375
171.0761871 7607.7626953125
171.149826 4492.0908203125
173.0446625 3041.8850097656
173.0564575 43846.73828125
173.1281586 3151.615234375
175.0878754 4571.7778320313
175.1195374 33817.43359375
181.0972748 19776.84765625
183.1509705 4343.8276367188
184.8651428 3408.2409667969
185.0924377 9353.8505859375
185.1654053 34558.0390625
187.108551 80635.78125
188.1128693 4026.94921875
197.1296082 7604.888671875
199.1083984 25796.0390625
199.1442108 6506.3481445313
207.1131134 18057.837890625
213.1602783 28737.85546875
214.1628113 3978.5476074219
215.1390381 3972.9343261719
219.1492157 7182.076171875
227.1027374 36362.8125
231.1716614 3809.6530761719
235.1075287 35751.48828125
236.149353 4434.8642578125
243.1350403 5565.2993164063
256.1288757 8826.662109375
262.119751 6017.9086914063
269.1251831 5847.099609375
272.1360168 9781.470703125
272.177063 5361.92578125
274.1192017 4295.8588867188
275.1043396 8015.9194335938
280.0977478 8176.1645507813
286.1419373 28356.6328125
287.1474915 5995.6430664063
289.1622314 23206.388671875
292.1289978 32166.298828125
296.1252441 18660.314453125
304.1684265 6027.2416992188
314.1358948 29768.330078125
318.1454163 4730.3603515625
320.1248474 78367.4375
373.1878967 8520.5283203125
374.1742554 6317.5102539063
385.2149658 4872.9916992188
388.2019653 5545.5380859375
391.1988831 36037.62890625
402.2467346 39131.2890625
419.1924744 49234.1484375
424.5480042 4605.859375
433.2128296 5781.4462890625
443.3856201 4573.1899414063
461.2029724 8008.78515625
490.265686 19058.05859375
500.1513977 4949.8623046875
501.2965088 4881.9697265625
512.2531128 7493.150390625
518.2662964 9281.658203125
544.2409058 7685.7954101563
562.2512817 5406.6948242188
563.2542114 5031.712890625
588.3269653 96584.6015625
589.3323364 33925.3359375
648.3815918 17667.92578125
699.3621216 33470.265625
700.4075928 7388.5122070313
704.4384766 7704.4091796875
716.3874512 55309.03125
717.3887939 22130.32421875
760.3145142 5736.3540039063
849.3748169 17290.07421875
879.4577026 29725.8125
880.4577026 19529.80078125
896.5361328 78497.2578125
897.5385132 38880.3125
898.5337524 10186.5576171875
921.5127563 9251.697265625
950.4863281 25433.41796875
1166.580933 14545.4599609375
