1381.75514259494 3
101.0713577 17525.619140625
109.3573914 15061.86328125
115.0872574 20751.3125
129.0660095 14383.40625
129.1024475 37247.48828125
143.081955 28950.94921875
147.112915 57704.4609375
149.0448914 29718.9296875
167.0547485 54685.59375
171.1494904 319586.125
172.0717163 124560.203125
172.1534729 28754.0625
175.1188202 103648.4140625
181.0600128 19073.7109375
184.0714417 18484.419921875
198.0866547 21628.67578125
199.1441498 65807.875
200.1033783 24460.0390625
214.118927 18047.6484375
225.0433655 37343.0625
225.0993195 21409.37109375
226.0440521 17247.171875
226.0819244 28183.669921875
239.0952759 30206.412109375
240.0966339 31746.140625
241.09198 19058.478515625
243.1088867 114383.90625
243.4596558 15537.994140625
248.161499 27283.095703125
260.1977844 21949.65625
269.1266174 19906.009765625
271.1385498 22995.0703125
274.1401062 78636.6015625
291.1668701 77581.7109375
292.6796265 74752.59375
297.1202698 26813.294921875
299.0611572 19711.12890625
300.0652161 18940.716796875
301.0582581 18070.15625
344.2056274 17393.39453125
368.1585388 26332.4609375
460.3121948 25976.42578125
487.2988281 69087.9765625
567.3239746 29776.048828125
568.3178711 18544.02734375
584.3540649 372046.8125
585.3546753 123574.640625
592.3093872 24561.580078125
640.3355713 17520.5859375
762.390625 19145.267578125
799.4345703 105728.7734375
800.4354248 32530.90234375
806.3806763 20178.74609375
841.3625488 16236.0634765625
870.4702148 81542.4453125
871.4821777 22457.494140625
941.5057983 77649.015625
942.5231934 27888.966796875
