1024.54756662735 2
71.06928253 11377.263671875
72.081604 155202.0
74.0608902 11042.396484375
84.04508209 28028.7578125
84.07666779 6332.052734375
84.08148193 59454.05859375
86.09711456 530067.0625
87.05604553 12366.58203125
87.1006012 13784.3203125
88.04016113 8374.2705078125
91.05506897 14137.6083984375
101.0714035 27740.70703125
102.0555267 16210.3095703125
103.3110962 6402.3159179688
103.4035721 6617.6376953125
104.0533676 32013.306640625
110.071579 30983.56640625
112.0869064 11674.060546875
115.0869598 8935.2216796875
116.0710297 15447.5068359375
119.0500946 9960.9677734375
120.0810547 176450.734375
121.0845032 8434.3291015625
127.0870743 9739.4619140625
129.1026001 67488.203125
129.111084 8444.234375
130.0865021 26949.20703125
133.0599213 7227.3286132813
136.0758667 302773.09375
137.0789795 24454.744140625
141.1018677 11214.125
143.117981 24180.49609375
147.0765839 14697.3544921875
147.1131134 48357.23828125
155.0814972 10459.07421875
155.1183624 24846.91015625
157.097641 12448.3046875
158.0929871 29546.96484375
159.0765991 28647.693359375
159.0920258 35168.22265625
166.0867462 36267.96484375
171.112915 12285.8349609375
173.128479 37296.92578125
175.0874939 10514.7119140625
175.1190186 130522.53125
176.1233826 7004.33203125
178.0867462 75907.828125
183.1493683 176820.15625
184.1537018 7742.1284179688
185.09198 15206.603515625
185.1647186 12550.4365234375
187.1448059 41556.04296875
199.1811829 34422.33203125
200.1399384 10373.78125
201.1236572 27761.677734375
203.1210632 10336.7802734375
211.1440582 95132.8984375
213.1604767 9381.3466796875
215.138916 9423.8896484375
223.108139 107121.796875
227.1755066 27378.154296875
233.164978 72498.1875
235.1082458 39130.50390625
243.1089935 9743.2626953125
243.1346588 8868.5830078125
251.1027832 17033.8515625
253.1186829 30510.689453125
258.1457214 9065.93359375
261.1593018 24594.203125
271.1772766 26377.90234375
280.1651306 7912.7475585938
284.1972046 47764.91015625
288.2025757 14061.77734375
331.2006531 8886.1015625
340.1873169 16856.205078125
348.7763977 7358.7075195313
356.1928406 8325.79296875
357.2137756 14945.185546875
369.2902222 8064.4780273438
387.7292175 53344.19921875
388.2307434 12627.763671875
390.2036438 8912.95703125
435.2735901 51737.40625
436.2711182 9016.087890625
487.2590942 8445.9912109375
546.2991943 14272.3837890625
550.2859497 11249.0546875
562.2841187 10441.57421875
564.3144531 142192.640625
565.3198853 47415.90625
677.3973389 128067.546875
678.4017944 52118.4453125
685.3983154 16658.73828125
774.4519653 121418.890625
775.4541626 64855.6796875
856.4924316 10566.8056640625
912.5151367 8291.7861328125
