2036.00881095166 3
140.0699463 7001.7666015625
141.0656586 19956.056640625
141.1024628 83962.171875
147.1130371 76336.125
147.1222534 8696.970703125
155.0810242 43584.84375
155.1174774 7041.5048828125
157.1333313 11650.810546875
158.0929871 10232.3251953125
159.0766449 21869.40625
159.0912628 60485.140625
159.1123505 38423.26171875
167.0815582 12080.5009765625
169.0962982 14039.9990234375
169.1340332 7162.5874023438
170.0440674 8769.435546875
170.0580597 6482.078125
171.0763397 8390.5673828125
171.1126709 15464.744140625
173.1285553 18477.7578125
174.9965668 6489.9204101563
175.1186676 62608.86328125
181.0602112 8641.6083984375
183.1129303 10730.376953125
183.1491394 10449.6728515625
185.0917053 15087.3251953125
185.1288147 11755.859375
185.1643829 9618.166015625
187.071228 50647.3359375
187.0866699 33362.16015625
187.1076813 39921.7109375
187.1443176 22393.71484375
190.0601501 10249.4716796875
191.1177979 63514.45703125
195.0765991 22020.013671875
197.1281128 36306.6953125
198.0871277 10420.2451171875
198.1244354 19789.36328125
199.070816 17418.7890625
199.1074982 17300.875
199.1808167 11590.91796875
200.1397705 10796.7880859375
201.1235352 39090.58203125
203.101944 37290.02734375
205.0973511 38995.609375
209.0919647 42804.1953125
212.1026154 10363.2099609375
213.0870514 67028.15625
213.1594086 9849.173828125
215.1391907 49354.4375
216.0983582 37468.3671875
217.1353149 11852.9677734375
219.1131287 64995.36328125
219.149231 39516.23828125
225.0989685 10212.287109375
226.0839996 10931.470703125
226.1189575 158879.421875
227.1016998 13482.6337890625
227.1217499 20176.19921875
228.0978851 79552.8359375
229.1179352 13152.2001953125
231.0975342 41660.28515625
235.0827026 88322.5703125
235.1213837 9475.1806640625
236.0863037 9364.9033203125
239.1155243 13324.4580078125
240.0966339 10298.474609375
242.1495056 17013.208984375
243.1337128 14072.8017578125
244.1297913 73943.515625
246.1079559 8018.2446289063
246.1307526 11562.021484375
246.1820221 10723.57421875
247.1449432 17097.302734375
252.109375 227675.859375
253.0905151 9993.3486328125
253.1133728 15814.9873046875
261.1557007 195185.328125
262.1592407 18722.638671875
263.1404419 8805.90625
268.1654663 22934.470703125
272.1755371 58012.2734375
273.119812 10678.3037109375
276.1346436 15517.1650390625
286.1762085 15052.4853515625
291.1203003 11144.42578125
296.0982666 38402.33203125
297.1552429 11479.7265625
299.1723022 15196.322265625
300.1705322 40437.01171875
301.1148682 16519.111328125
314.1350403 46307.94921875
318.1159058 14692.9052734375
319.1824951 10000.337890625
320.1604004 39464.12109375
321.1593323 10558.3369140625
327.1681519 12495.828125
330.1289673 12912.7421875
334.1407776 57544.00390625
334.1766357 12976.9462890625
335.1445618 76697.90625
336.1322327 49287.7578125
338.1526794 11956.10546875
339.1287842 19146.951171875
345.2148743 39353.67578125
353.1533508 73402.6953125
354.1686096 13579.23046875
356.1549072 10857.9453125
366.1853333 15997.5673828125
367.2027283 40422.76953125
372.1880798 60175.2734375
373.1784058 18097.607421875
375.2373352 15441.44921875
377.1803589 13890.6953125
390.1974792 12184.0078125
391.2006531 11261.826171875
405.1788025 14406.9052734375
414.2700806 93774.28125
415.2779846 11287.857421875
418.2256775 17340.759765625
419.2270508 10679.28515625
422.2149963 19635.8046875
425.2201233 10459.4052734375
430.1966858 18089.33203125
431.7257996 62239.875
438.2495422 10502.3359375
447.2190247 179983.671875
448.2312927 90710.5078125
449.1654663 16719.89453125
449.223175 44061.3671875
451.2304077 43873.8515625
458.308136 14099.2021484375
466.2403259 103621.5859375
467.2439575 48268.8671875
473.2537231 15054.3583984375
475.2318115 11717.2900390625
482.252655 18554.080078125
491.2574768 13966.4365234375
492.2473755 20293.427734375
496.7619934 12345.572265625
502.2473755 17284.38671875
503.2239075 11950.38671875
509.2793884 13976.08984375
510.763092 38652.09765625
519.2669678 54699.22265625
520.2548828 86282.3359375
522.276001 11742.7392578125
527.2573853 13649.2890625
527.3554688 12062.37109375
530.7902832 54683.55078125
531.2846069 12921.283203125
537.2785034 314366.15625
538.2818604 81490.0625
545.2686768 46096.546875
546.2774658 10053.3212890625
554.2723389 21546.650390625
564.307312 10953.3671875
571.3948975 19476.70703125
577.2660522 22153.21484375
590.3126221 13892.0810546875
594.2888794 280049.15625
595.2936401 88317.7578125
596.2938843 16625.529296875
604.3035889 14049.0537109375
605.3339233 40064.734375
606.3294067 15824.0673828125
615.3254395 16340.1435546875
619.3225098 18311.42578125
620.3158569 19311.017578125
632.3581543 36903.234375
633.3430786 21861.453125
647.3081665 56768.76953125
648.3047485 17760.7109375
650.3621216 224443.515625
651.3667603 80437.8984375
652.3651123 13625.4375
660.2991943 11583.4130859375
665.3256226 203223.9375
666.3295288 81411.6953125
671.3098755 11305.517578125
678.4066162 17515.3515625
679.3258667 16227.2451171875
680.3458862 22547.244140625
687.3138428 12654.662109375
709.3302612 39444.60546875
715.3894043 12210.6083984375
717.3114624 14176.515625
718.4052734 49661.25390625
719.4035645 21721.2109375
732.364502 23098.421875
733.3982544 161450.875
734.3972168 68080.78125
735.3948975 19069.015625
743.4318848 14803.2431640625
744.3076782 12400.0888671875
751.4072876 65183.6015625
752.4154053 22382.4765625
777.3768311 12763.6796875
786.3764648 14522.458984375
795.3788452 15087.8671875
812.3939819 357877.6875
813.3953247 129933.1640625
814.5003052 16063.8251953125
815.3834229 40448.02734375
829.4281006 19797.73828125
843.3828125 11706.533203125
845.4342651 47571.484375
847.4639893 14377.6494140625
861.4327393 16711.93359375
862.4417114 63318.05859375
863.4460449 39714.78515625
864.380127 13419.9580078125
880.4473267 87025.4765625
881.456543 21166.595703125
890.4658813 11982.1630859375
893.4561157 15857.6884765625
906.4938965 14922.087890625
911.4644775 42225.546875
912.4657593 15106.552734375
914.4338379 16168.9951171875
915.4296875 33468.8984375
926.5046997 15081.2021484375
943.520874 43397.0078125
944.5080566 44665.8515625
945.512085 50469.54296875
963.5182495 72865.234375
964.5111084 19418.662109375
974.5124512 38459.51953125
981.4970703 16483.33203125
998.5032349 49859.89453125
999.5003662 16866.197265625
1002.505859 53703.63671875
1003.501465 36906.90625
1031.533813 16430.26953125
1032.524902 14647.513671875
1037.504028 13936.3564453125
1055.517944 79984.5546875
1056.521118 21521.8046875
1060.572144 147838.25
1061.575195 19749.025390625
1089.531982 13906.4267578125
1091.520142 21723.36328125
1107.54834 93123.6953125
1108.53894 53041.23046875
1109.55896 19322.7421875
1114.588135 13372.8349609375
1125.570557 13042.625
1156.590576 31290.701171875
1157.564331 19732.03515625
1516.297241 14648.9521484375
