19714
2
871.523406
# +15.9949|* +79.9663|
C=160.030649
871.52472	0.0000	26.23	0.921	5	12	R.LLEIVER.Q	F
871.52472	0.2284	20.24	0.337	6	14	K.LIELQAGK.K	F
871.52472	0.4807	13.62	-0.322	4	12	R.LLEELVR.K	F
871.52472	0.4807	13.62	-0.322	4	12	K.LLEVIER.K	F
871.52472	0.4979	13.17	-0.362	4	12	R.IILEEVR.E	F
871.52472	0.4979	13.17	-0.362	4	12	K.IILELDR.K	F
871.52472	0.4979	13.17	-0.362	4	12	K.LLLEIDR.K	R
871.52472	0.5151	12.72	-0.415	4	12	R.LELLDLR.G	F
871.52472	0.6931	8.05	-0.881	3	12	K.LIERLID.-	R
871.52470	0.6931	8.05	-0.881	3	14	K.LLENLAAK.S	R
