1291.7241910786 3
101.0338974 19564.6328125
101.0717239 86495.609375
102.055687 104711.6796875
104.0535202 44395.6953125
110.0716171 363025.75
112.0875015 51104.7265625
115.0869522 107855.78125
116.0167313 23053.162109375
116.0707932 141498.921875
118.57267 25050.396484375
120.0810699 752625.375
121.0845261 37872.328125
129.0658417 27312.9296875
129.102478 256451.15625
129.3087463 25725.26171875
130.0658722 37836.12890625
130.0860138 183177.109375
130.0957489 23775.83203125
132.08078 107950.3125
136.0759277 224483.609375
141.1023865 35921.6796875
143.1182251 92935.1484375
147.1127777 239707.234375
157.09758 38033.2890625
157.1337738 114026.8125
158.0923767 217636.203125
159.0915527 483419.875
160.0948792 37092.46484375
166.061615 148577.28125
169.0974579 147065.84375
169.1330719 36997.4296875
171.1132813 24587.95703125
173.128418 50494.5625
175.1190491 878153.5
176.1228333 30191.466796875
177.1025848 49904.6328125
178.0531921 23382.759765625
183.1127014 24848.6484375
185.0924072 38886.984375
185.127182 28063.6796875
186.123642 32455.935546875
187.0719299 26531.744140625
187.0873871 35371.30859375
187.1081543 169389.25
187.1443024 31713.515625
193.0974121 93126.6953125
195.4881134 23247.361328125
197.1292877 31696.056640625
199.1808777 119596.6328125
201.1238251 161835.40625
212.1036072 23347.0390625
215.1035614 135619.609375
215.1391296 400240.0
216.1136627 117969.3828125
217.1362152 38973.83203125
224.6378937 43552.97265625
226.1187286 265283.09375
227.175354 32215.22265625
228.1345825 24556.2265625
229.1311188 24816.150390625
230.1134186 24898.25
234.122879 169035.953125
234.6380615 88436.75
235.1195068 43833.171875
243.1330109 388638.71875
244.1085052 166696.65625
244.1357269 41996.2109375
245.1306152 28178.455078125
246.1266632 41115.01953125
251.1504517 403906.78125
252.1523132 36499.71484375
255.1456146 41103.39453125
260.1973572 129129.1171875
263.1156006 23496.056640625
266.1551819 53690.31640625
269.6419067 36767.140625
272.1747437 82063.1328125
274.1197205 38911.171875
275.1602783 32525.00390625
280.1531982 40823.77734375
282.1507263 25027.689453125
283.1394958 27659.3203125
285.1347961 35176.1640625
292.2770691 23726.2421875
299.1435242 36322.2890625
299.1748352 35321.59765625
301.1679688 25663.22265625
308.1725159 44144.21484375
309.1554565 448837.46875
310.1591797 93771.1953125
314.1861877 33536.96875
322.6973572 27760.251953125
327.1677856 349656.6875
331.2097778 148146.328125
342.177124 138255.828125
344.1717834 142511.078125
345.1720886 44191.18359375
359.2039795 205940.90625
360.2084351 31187.994140625
361.1986084 43474.90625
363.1977234 39341.65234375
371.2402344 30449.265625
383.1828918 39199.18359375
392.1682739 31090.61328125
394.2438354 28111.55078125
396.1708069 32752.7109375
396.2213745 37163.3203125
401.1931763 109919.421875
418.2212524 281258.1875
419.2208557 116242.9375
422.237854 111130.0625
440.2496643 41620.83203125
448.2295837 91543.3125
453.1890259 45645.76171875
468.2661743 126187.3515625
472.2290955 120292.2421875
473.1694946 25663.693359375
476.2728577 114147.6484375
489.2570801 869357.0625
490.2608948 285508.625
506.2705383 243866.203125
507.2707214 53181.33203125
525.260437 45251.51171875
526.2662964 36629.84765625
535.2611694 287066.46875
536.2655029 38810.09765625
559.2932129 162587.09375
560.3026123 106931.328125
577.3079224 206654.703125
578.3172607 25089.107421875
588.3120728 36423.78125
602.3405151 614151.9375
603.34198 236369.875
604.3497925 44457.6640625
615.3313599 49668.49609375
619.3566284 475013.28125
620.3600464 183431.15625
638.3499756 27418.6171875
648.3458862 435658.9375
649.3447266 37425.6796875
672.3783569 35870.6171875
678.3584595 79145.75
690.3876953 51513.46484375
715.4121094 37023.25
748.3942261 204985.296875
749.4035645 171766.359375
750.4091797 35399.71484375
763.3707275 317278.46875
764.3773804 114675.734375
