2215.06935487667 2
155.0812073 15329.328125
158.0917053 15668.8193359375
173.1273651 13071.1279296875
175.1191254 323270.21875
188.4438782 10819.94921875
198.0873718 32793.703125
201.1231537 126396.9921875
207.1118469 15551.6826171875
216.097641 70698.9453125
229.1184235 154311.90625
235.1075134 68455.0078125
249.1614227 13636.2861328125
262.1177368 13761.484375
268.1657104 29053.88671875
269.1246338 58524.73828125
269.1590576 23126.6953125
283.1664734 14205.5400390625
287.1348267 60241.19140625
297.1565552 65631.765625
315.1663513 25021.53125
319.1699219 15378.7412109375
339.2042847 22275.689453125
341.1824036 27213.328125
347.1607361 19444.046875
349.1498413 19364.6015625
361.1827087 122941.71875
368.1940002 20557.333984375
376.1870117 21678.494140625
392.1804504 147565.0625
432.1877747 56423.4921875
450.1989746 17594.486328125
454.2285767 25644.298828125
463.221344 89443.2265625
500.2634583 14656.4306640625
531.2839355 22322.306640625
568.3043213 20619.99609375
611.3184204 89153.9609375
628.3417358 700741.25
629.3451538 150291.984375
643.2753906 21551.140625
645.329895 19903.791015625
660.2991333 147995.625
661.2943726 80525.5625
678.310791 78348.8125
731.3740845 19779.857421875
759.3684082 80558.90625
760.3614502 63962.88671875
761.3494263 16928.755859375
774.3811035 63373.69921875
777.3814697 22578.42578125
791.4042358 224003.609375
792.4069214 70292.765625
873.4332886 31593.8359375
922.4421387 122206.21875
923.4501953 34349.88671875
1023.490173 111750.9921875
1024.497925 81453.5234375
1124.534546 73784.1015625
1125.547974 24466.15234375
1181.572876 146291.09375
1182.564453 86480.890625
1238.584473 427155.78125
1239.580811 225684.515625
1240.576172 32515.97265625
1307.616211 56245.00390625
1325.614502 723454.125
1326.623779 314712.90625
1327.615112 92535.7578125
1420.705322 56968.2421875
1421.682739 25540.36328125
1438.69751 658875.375
1439.704346 394325.9375
1440.688965 146946.203125
1537.781128 185320.953125
1538.778931 136777.859375
1539.78418 25077.8671875
1638.796387 30048.01953125
1639.819702 32366.3046875
1752.859375 59974.109375
1753.866821 51044.84375
