1354.5988260527 2
98.06039429 12164.259765625
101.0714111 79112.2265625
102.0556259 46702.66796875
104.0532532 85506.3203125
110.0718918 116863.7421875
112.0876923 19542.955078125
113.0719147 11145.4541015625
115.0868073 17140.296875
116.0713348 15722.4501953125
119.0493774 54604.375
119.0821533 15031.0966796875
120.0811768 217546.28125
121.0847168 11878.3212890625
126.0548859 9853.4140625
129.0664063 13541.85546875
129.1025696 238309.78125
130.0652008 11456.513671875
130.0864868 77093.546875
130.0961304 9682.7041015625
133.0431061 36018.65234375
136.0758667 908885.6875
137.0791779 57129.0859375
141.0653992 13479.2197265625
141.1024323 10750.1123046875
143.118042 22301.94921875
147.1130524 94765.4609375
155.0815582 14554.1337890625
157.0975647 10843.55859375
157.1337891 21881.873046875
158.0922394 56697.609375
159.0923309 21404.173828125
159.113678 9578.8828125
163.0866089 18538.33984375
167.0821228 14698.806640625
169.0592499 10160.16015625
169.1342163 15837.55859375
171.0763855 14002.501953125
171.1131897 18300.83984375
173.1284637 16737.634765625
175.1191101 216788.15625
183.1131134 34324.40625
183.1496124 49507.22265625
184.1074371 13500.44921875
185.0923157 19194.279296875
185.1283264 11573.046875
187.1446228 36476.25390625
189.0872498 11776.2958984375
195.075943 98463.4609375
197.1287994 55156.5859375
198.1257172 13573.9599609375
199.1073608 36122.6875
199.1807709 75593.84375
200.1398315 62728.01953125
201.1236267 47377.48046875
207.1112976 10594.751953125
208.1090546 9658.794921875
211.107193 12476.5576171875
211.1435242 25865.16796875
212.1030579 114390.765625
213.0865936 15282.6162109375
215.1388855 75734.0703125
216.0982666 11998.3759765625
219.1139069 16325.4345703125
219.1497955 10648.8076171875
226.1188965 56168.32421875
227.1027222 47098.0625
227.1761017 68865.4296875
228.1347504 19136.734375
230.1141968 46245.5625
242.1507874 35616.87109375
243.13414 61772.85546875
244.093277 11226.91015625
246.1269379 12990.2158203125
249.1603088 63381.2890625
253.0950317 11578.455078125
254.1151428 38373.42578125
254.1498108 12372.1474609375
256.1303711 13363.5615234375
260.1977234 37902.390625
261.0907288 9591.9755859375
261.1557922 39219.78515625
265.1186218 40149.2578125
272.1073608 15859.435546875
274.1227722 10981.0166015625
277.1542053 13576.521484375
277.5388184 9794.3369140625
278.1562805 12220.3232421875
279.098114 18277.705078125
282.1820068 37123.484375
283.1422729 11620.1865234375
288.2026062 12034.462890625
293.1134033 10090.5546875
295.1099243 11221.7001953125
296.1243591 21688.201171875
299.1393738 423185.75
299.1702271 16573.275390625
300.1433716 59258.77734375
304.1647339 11351.720703125
310.2172852 12454.0078125
313.1507263 43122.47265625
327.1340027 135440.546875
328.1380005 22074.14453125
343.1435547 11768.3388671875
346.1735229 15569.7158203125
363.1976929 66635.4375
369.8763123 9441.541015625
387.131958 17664.712890625
392.7047424 12769.9287109375
406.1988525 12161.654296875
440.1970215 16802.86328125
446.2590332 18603.49609375
471.2559204 14566.2607421875
484.2440491 11523.8505859375
492.2390442 50340.07421875
500.2865295 36486.6328125
501.2826843 15691.439453125
521.7944336 11290.58203125
531.2223511 11438.1806640625
559.342041 10335.423828125
603.3069458 12134.3134765625
606.2540894 11583.21875
623.2860107 66210.171875
624.2786865 18806.798828125
630.3764038 15469.77734375
635.3500366 13169.826171875
671.3378906 15499.2587890625
676.3414307 17370.970703125
678.3592529 22369.7890625
687.3453369 11940.603515625
734.3740845 13684.3203125
737.3674927 11509.2587890625
766.3939819 10854.49609375
784.4036865 91366.4375
785.3937378 19413.419921875
786.3452148 142958.609375
787.3424683 64824.0234375
788.3515015 11070.8828125
794.310791 13902.1357421875
801.4147949 22288.458984375
801.9179077 43339.984375
816.4743042 20282.435546875
827.906189 15020.0830078125
849.9421997 21381.37890625
850.4422607 48502.5859375
850.9411621 35766.7578125
871.4646606 12292.0029296875
891.4435425 12771.94921875
897.3811646 20833.76171875
899.4675903 21912.470703125
902.4710083 18879.2734375
915.3850708 156194.828125
916.3865356 84957.8125
917.3890381 16149.5048828125
927.4544067 14097.4609375
928.4917603 11879.712890625
968.4532471 15060.30078125
975.4979858 19538.689453125
1002.494202 13520.8056640625
1028.471191 181487.640625
1029.469604 104571.8984375
1030.46814 46622.52734375
1042.572266 57584.546875
1043.571167 17669.119140625
1046.525269 18856.23046875
1127.590332 17505.322265625
1191.531494 12612.7744140625
1192.516357 15110.8955078125
