2366.10754365254 2
173.1285706 30329.359375
175.1188965 32915.875
180.0777435 3743.2846679688
183.1122437 4647.44921875
183.8681335 4297.0102539063
189.5902557 3468.7043457031
201.1231384 19574.2578125
202.127533 4425.2641601563
209.1033783 4189.91015625
216.0964661 4784.35546875
217.0829773 5703.2719726563
230.113678 5576.7915039063
272.1347961 5813.9990234375
278.1179199 4153.0834960938
319.1717834 5907.9135742188
344.1740723 6629.78515625
358.1365051 8069.8530273438
360.1988525 9928.296875
367.6284485 5102.400390625
375.0382996 5172.9780273438
386.1644592 7209.4765625
387.2086792 5574.17578125
390.1848145 5332.2221679688
418.2412415 20650.421875
444.2484436 28090.748046875
473.2836304 11187.314453125
505.2802124 5572.0390625
508.269989 48825.953125
509.2737427 22234.654296875
601.3457642 10821.005859375
623.2918091 18657.43359375
624.2993774 9730.7333984375
628.2963257 6121.890625
702.3911133 52868.26171875
703.3919678 21890.689453125
801.4587402 50667.47265625
832.4267578 9929.9599609375
872.4950562 83021.3359375
873.4996338 27632.51953125
973.9555664 9725.302734375
992.5214844 7614.7563476563
1001.957031 9384.8974609375
1002.459961 18540.451171875
1002.968079 7700.9829101563
1009.5578 95362.0234375
1010.554749 54851.16015625
1011.58197 8205.0712890625
1018.449768 7234.3837890625
1042.400269 7693.1435546875
1067.482544 11819.4609375
1068.489624 8434.0712890625
1080.595947 85340.171875
1081.600586 45907.1328125
1083.494141 7390.7573242188
1084.006714 29668.474609375
1150.611206 7299.419921875
1182.498291 124496.546875
1183.513428 202998.703125
1184.061157 31318.15625
1184.504395 81598.1171875
1211.637451 69365.546875
1212.639404 53003.640625
1213.654907 19527.1640625
1324.707153 52950.6796875
1325.705566 22471.572265625
1326.713501 11397.6787109375
1455.7323 42287.7421875
1456.758789 26649.3359375
1494.631226 7176.7939453125
1546.779907 11736.10546875
1547.764404 25518.0546875
1548.76709 26262.314453125
1585.786255 19211.30859375
1671.840088 10590.1357421875
1672.823975 24831.8359375
1673.826782 20034.37109375
2002.928345 12133.6240234375
2003.90564 26162.974609375
2004.91272 7937.56640625
