1565.81839503145 3
110.0714035 26523.349609375
112.0868378 5046.33203125
115.0864944 6168.947265625
116.0705185 8374.7275390625
117.1016846 6554.7138671875
120.0739059 4009.3615722656
120.0810394 76107.734375
126.0551453 5038.1176757813
129.0654755 25661.7109375
129.1024933 122006.34375
130.0861664 26076.787109375
136.06604 3746.4262695313
136.0754852 28051.083984375
141.1026001 5723.1000976563
143.1176453 13892.8828125
145.096817 3978.9301757813
147.1132202 47445.08203125
156.0771637 4723.8110351563
157.0605621 4468.47265625
158.0918579 14003.9951171875
160.0433807 4975.125
169.0973053 61463.84375
173.0559692 4853.2846679688
173.0919189 8724.41796875
173.1287689 10316.0498046875
175.1191864 93194.8359375
177.8112183 4955.2182617188
181.0614624 7093.9516601563
181.0974426 23361.25
183.1127472 32938.03125
185.056366 6501.6801757813
185.0920868 24988.6953125
187.1076813 59959.8671875
187.1441345 12766.9609375
197.1286926 12792.75
199.0712891 6145.7739257813
199.1077728 5309.7856445313
200.1387024 5453.9780273438
201.0885925 6244.462890625
201.1234283 40016.77734375
202.0822906 5882.0864257813
204.1335602 6064.1684570313
205.740387 4506.16796875
207.1142578 6122.5209960938
211.1071625 6764.4775390625
213.0874023 42040.38671875
215.1027374 95170.6328125
215.1371002 7373.7905273438
217.0820007 39867.421875
223.0719452 4706.7607421875
226.1190643 8448.330078125
227.0652771 4780.6762695313
228.134552 5405.80078125
229.1171875 5229.7231445313
234.1448975 23456.82421875
235.1069489 22591.400390625
236.0399475 5017.578125
238.1199493 7355.4174804688
240.097702 22941.08984375
241.0815735 6109.7124023438
244.0935211 30900.63671875
244.1306763 5573.01171875
245.0769958 100113.7734375
246.1235199 10670.1826171875
247.1069641 10499.9716796875
258.1097717 6398.8032226563
261.156189 25525.287109375
262.1191101 5471.7895507813
262.1528015 25812.490234375
264.1352844 7165.7202148438
267.2153931 5757.0234375
270.1095581 33981.91015625
274.1196899 5864.6572265625
286.151886 7201.6860351563
295.1407166 13442.1494140625
297.1572876 5345.0024414063
298.1381836 8733.4296875
305.1601868 12180.595703125
313.1512451 21512.306640625
316.1533813 6950.3696289063
323.1343079 9031.0107421875
341.1460571 73747.390625
342.1453857 10713.9736328125
343.1602783 7945.703125
344.1462402 48872.5390625
367.2005005 8668.5634765625
375.2361755 28185.08984375
377.2228088 14309.939453125
379.714386 7405.15234375
405.2114868 8956.771484375
411.1914673 7224.4296875
412.2210388 13160.8505859375
428.2156067 46164.7109375
440.2154846 30851.9765625
456.2701111 12920.1806640625
459.2597656 27605.69140625
480.2818909 24383.572265625
488.3200073 31954.125
489.3166809 6792.6259765625
490.2520752 9236.7333984375
504.2417908 12455.04296875
505.285675 7560.7573242188
513.7854614 7618.146484375
522.3045044 223729.046875
523.3093872 68697.390625
534.2637939 14280.3994140625
538.3056641 10503.3046875
539.2874146 28325.58203125
545.300415 7675.1264648438
550.7418213 10882.654296875
553.8063965 10179.9775390625
554.2928467 26616.759765625
556.3091431 208216.46875
557.3118896 61855.484375
562.3106689 88500.15625
562.80896 51250.16796875
563.3077393 11625.517578125
563.8139648 7900.2563476563
591.3153076 8040.3110351563
599.3465576 10787.263671875
603.3062134 11038.3759765625
605.291687 14412.72265625
616.3803711 45095.46484375
617.3789673 8954.267578125
632.319458 9846.1875
665.3477173 7593.7001953125
666.3798828 9974.787109375
669.3129883 9463.599609375
674.3475342 13004.8857421875
684.4033813 52154.359375
685.4049683 7737.2021484375
714.3421021 10805.341796875
731.3604126 9206.21875
735.3323364 24216.3203125
737.2563477 7588.7451171875
739.2670288 7617.5844726563
752.3594971 45599.87109375
753.4420776 33909.203125
758.4040527 8471.2421875
783.4782715 14438.5419921875
787.4308472 13542.521484375
831.414856 7791.1201171875
850.1168823 7741.3647460938
862.4077759 7541.5932617188
865.2225342 8569.98828125
882.4863892 6904.2680664063
911.5333252 39987.90234375
912.5359497 14489.5615234375
915.428894 6938.9926757813
934.0906372 7649.7680664063
968.8538208 6798.9609375
973.4231567 6959.5073242188
996.5147095 24780.576171875
1026.555908 27893.267578125
1027.559448 27876.380859375
1123.605957 27930.55859375
1124.609863 11120.513671875
1125.593018 9247.96875
