1308.68464136182 3
91.05476379 85587.5859375
101.0716248 114102.7265625
102.0555038 19471.560546875
103.0549164 10509.85546875
104.0533829 13673.8408203125
107.0496292 11326.3076171875
110.0718002 190996.296875
111.0755463 8217.4765625
112.0874786 9489.119140625
115.0867157 15950.5751953125
116.071022 20586.412109375
119.0491409 60445.38671875
120.0812149 320440.125
121.0842056 9719.9423828125
129.0663757 18490.35546875
129.1025391 94302.1328125
130.0863495 21165.876953125
136.075882 613773.25
137.0790863 53713.71875
138.0917816 10445.203125
143.118103 49001.14453125
147.1127167 61487.8671875
156.1135712 17147.392578125
157.1340637 13819.46875
158.092392 80556.5546875
159.1327209 8339.24609375
169.1339417 12625.595703125
173.0566406 12543.1669921875
173.0909576 9014.6171875
173.1292114 18669.306640625
175.1192627 335698.46875
176.121933 10487.9140625
177.1022644 10926.74609375
183.1131744 16916.29296875
185.1643219 60907.3984375
186.1227264 13959.0771484375
187.1443329 330072.0625
197.1289063 45483.96875
199.1807098 53523.34375
201.1235657 187331.546875
204.1344147 91731.4140625
208.1201935 8983.71484375
209.1040039 50609.39453125
213.1599426 67124.984375
215.1391296 122716.2421875
224.1389313 12751.216796875
225.1230621 10677.375
227.1755981 48692.11328125
228.135437 14182.9912109375
229.1182556 20047.873046875
230.1238251 10322.4384765625
234.1456299 15849.9794921875
242.1509094 18131.14453125
256.1708984 12601.5302734375
267.1239014 31757.97265625
268.1061707 10788.220703125
271.1765442 68380.546875
285.1348267 40962.11328125
288.203186 133836.84375
289.2060242 13745.2900390625
291.1936035 12476.1328125
293.1410522 12559.4912109375
295.1176758 17117.326171875
300.1560669 16116.3427734375
317.2216797 10060.4482421875
326.243988 63828.29296875
331.2048645 11003.392578125
335.1740417 88468.546875
336.1757813 10295.21875
338.1632385 20461.11328125
340.1400452 15321.5556640625
354.1644897 10399.46484375
356.1716614 32894.17578125
364.1419983 9529.8505859375
365.1266479 67082.1640625
366.1566772 52504.3203125
366.2539673 9974.07421875
381.1656189 51700.265625
382.1578064 13151.978515625
384.1672058 17444.484375
399.1774597 69836.2578125
400.178894 8889.4091796875
401.2872009 196456.25
402.2904358 53626.22265625
411.1774292 17101.43359375
436.1635132 16210.607421875
448.2594604 58843.86328125
453.1891479 17268.34375
470.2145386 106908.40625
471.2163391 16876.22265625
472.2815247 10197.111328125
485.2325439 12654.6455078125
505.2532349 10494.7978515625
511.3271179 13397.37890625
512.321167 206366.203125
513.2282715 11262.9365234375
513.3207397 48822.9921875
514.312561 10627.97265625
529.3466187 106300.578125
530.3463135 33200.48046875
531.3203735 11846.2294921875
533.295105 16650.5234375
561.3422852 49320.12890625
572.2587891 11653.685546875
588.2523804 12232.609375
617.2819824 58517.4296875
645.3932495 31090.080078125
646.3794556 36605.6796875
660.4088745 91537.0078125
692.4095459 16528.17578125
752.3450317 12639.4970703125
882.2221069 11325.2197265625
910.510498 17166.02734375
