2144.13798235481 3
152.5405121 22841.90234375
158.0924683 21903.50390625
159.0912476 138251.59375
169.0974884 30020.787109375
171.1120148 64546.2734375
173.1286621 30638.337890625
175.1187134 176218.640625
185.1645813 37157.2734375
187.1075134 52042.04296875
187.1441345 56859.2890625
198.8771362 25843.197265625
200.1389771 28188.55859375
201.1236267 49266.25
215.1026459 26905.87109375
215.1383514 32904.32421875
228.134201 47746.63671875
235.4258575 26166.767578125
240.09729 73708.703125
244.1353302 25222.62890625
257.1246338 50733.1328125
258.1090698 31542.66015625
278.1149292 39049.7734375
282.1833191 41984.48828125
286.1394958 182621.59375
287.337616 27601.94140625
339.1672668 41951.46484375
343.164093 33632.1640625
356.1930237 39455.4921875
373.1865234 34182.34765625
413.8781738 32838.53515625
456.6365662 35640.15625
470.2369995 118598.6796875
472.2325745 38166.671875
487.262207 419597.0625
488.2655945 154936.734375
489.2680359 41818.38671875
530.3326416 40718.5703125
530.4174194 31322.318359375
570.2957153 40247.125
600.3464355 465289.5625
601.352417 134900.671875
659.3760376 74310.0859375
715.3713989 212532.484375
716.380127 151748.296875
772.456665 53472.58984375
810.4174805 42923.0390625
873.5093994 208176.671875
878.4416504 65413.27734375
879.4380493 45656.76171875
975.460144 63604.82421875
988.5393677 206795.609375
989.5373535 42647.8984375
992.479187 294112.25
993.4835205 111198.125
1085.376099 42551.453125
1105.562134 50479.75390625
1174.613159 245177.671875
1175.615845 134894.90625
1177.097168 43142.6875
2010.031372 47345.84375
