1668.75544335523 2
119.0491028 3811.2209472656
119.3843002 3347.1853027344
120.0741348 5430.6611328125
120.0811691 97220.5703125
121.0840149 8540.068359375
123.1160812 3629.9985351563
123.4371414 3046.6103515625
126.0548325 7551.5756835938
129.0656433 8632.611328125
129.1025238 43366.19140625
129.1097412 4184.2138671875
130.065155 8470.6474609375
130.0858307 27066.1953125
130.1055145 3576.9997558594
131.1169739 4516.5224609375
132.0805817 5931.5649414063
132.8251343 4050.2072753906
133.0426331 12159.326171875
136.0759583 80332.25
137.0795746 8411.6513671875
138.0907745 3598.2570800781
138.3507385 4260.4301757813
138.8754272 3321.9035644531
141.1024475 7601.6235351563
143.1176758 7373.3530273438
146.0633392 4248.923828125
147.1124878 36057.42578125
147.1213837 3168.5349121094
147.6543274 3770.0402832031
154.0496368 10278.2412109375
155.0814667 7281.3896484375
157.0973816 6253.0024414063
158.0914917 7462.9653320313
159.0917816 70226.5625
160.0238953 3928.4362792969
160.0948486 11660.744140625
167.0808716 4973.71484375
169.0975494 5225.2607421875
169.1335449 5356.9750976563
170.0609283 7594.3701171875
171.0762787 22991.8515625
171.1128082 10382.396484375
172.0715332 4756.1005859375
175.1189728 54534.40625
181.0605469 6073.0068359375
183.1129608 25859.44140625
183.1493378 105514.203125
184.1516724 8456.0380859375
185.0921021 5639.5375976563
185.1648254 8383.3115234375
187.0710144 8767.8662109375
187.0873871 8509.1630859375
187.1079559 5564.54296875
187.1443939 11656.91796875
189.0873108 75198.6484375
191.1201172 6283.3784179688
197.1289978 55092.4140625
198.1311798 9857.71484375
199.0712891 10129.447265625
200.1041412 5056.8969726563
201.0859375 5462.46484375
201.1240997 54788.38671875
210.079895 8483.7236328125
211.1083069 9423.595703125
211.1444092 81524.8515625
212.1482239 12797.5205078125
213.0871887 13638.4638671875
215.1388092 31684.58203125
216.114624 7014.5927734375
217.0820923 196547.953125
217.1019897 10854.1318359375
221.1281891 14434.078125
225.1231079 10245.5517578125
226.1188049 27651.556640625
228.1342468 13140.197265625
229.1187286 63961.4921875
230.1143036 5882.7866210938
231.0967865 9809.6376953125
233.1653595 9874.2822265625
234.1271667 6939.3647460938
235.1084747 8537.107421875
240.1344147 5894.9501953125
241.0818939 8735.015625
242.1504364 27445.970703125
243.1335754 12339.6025390625
244.1088867 11890.4501953125
244.1310425 6129.080078125
245.1308136 6724.513671875
246.1269379 5180.2641601563
247.1454315 5847.0424804688
249.121994 6508.8095703125
258.1452332 8440.65625
259.092804 34161.60546875
263.1036072 6776.6572265625
265.1184692 5671.626953125
268.1648254 7637.7587890625
274.1239624 7786.6826171875
276.135437 5601.3452148438
280.1104126 22119.748046875
282.1475525 7296.8505859375
282.1803894 11396.2724609375
283.1438599 71935.5703125
284.1213379 5957.7236328125
284.149231 14581.1943359375
288.2033997 25207.646484375
289.1333008 8205.9541015625
293.1139832 10039.12890625
294.1480713 7387.3901367188
296.1969604 9829.9853515625
298.1408691 13959.1328125
298.1760864 10473.8720703125
303.1040649 7811.677734375
307.1437988 93411.3828125
308.1064758 8282.38671875
308.1434937 9049.0439453125
310.2135315 14073.1064453125
311.1403198 50904.30859375
311.2131348 8974.802734375
312.1467285 6983.146484375
315.1451721 11031.4033203125
316.1504211 47537.15625
323.9452515 6480.1396484375
325.1904602 10762.29296875
326.1337891 8485.5869140625
326.1722412 40325.5234375
327.1695557 10424.2275390625
328.1153259 9803.3291015625
334.1417542 8827.630859375
340.1528625 8947.9267578125
358.1578674 41113.8046875
391.1592407 8248.6337890625
397.2459412 11341.4111328125
419.2268677 10479.138671875
420.2264709 50782.05859375
421.233429 11604.6318359375
427.1836853 12393.0380859375
434.2179871 7759.7060546875
440.1831055 23325.8671875
441.1895142 9809.82421875
442.2365417 6117.2045898438
445.1966858 10330.82421875
455.1802979 9159.5625
487.3015747 26583.919921875
488.3119202 7222.35546875
547.3063354 11351.06640625
553.2854614 6513.4189453125
556.2250977 8460.017578125
558.2908325 10192.7529296875
559.2797241 10803.0712890625
572.2787476 7930.912109375
574.2341309 9125.951171875
600.3852539 8194.09765625
601.3919678 7153.7583007813
606.3076172 24468.37109375
617.3199463 8652.935546875
639.3161621 14234.529296875
663.3279419 44812.65234375
664.3362427 13788.734375
682.3460693 26636.75390625
691.3442383 8221.697265625
728.4464111 13258.95703125
729.4440918 14784.984375
734.3671875 38608.09765625
735.3613281 11367.716796875
738.3813477 8635.912109375
747.374939 6946.7495117188
751.3859863 7941.826171875
827.5131226 33517.4765625
828.513855 40929.39453125
829.5155029 9288.12890625
834.4145508 64602.671875
835.4252319 38615.2421875
836.4437256 26026.705078125
881.4398193 42361.9765625
882.4344482 13858.7158203125
883.4290771 9060.1630859375
957.5726318 21663.474609375
978.4575806 10397.8515625
981.479248 9870.4345703125
995.5186157 34104.203125
996.4657593 82990.6171875
997.4735107 29716.970703125
998.4751587 12761.6923828125
1040.452393 9119.4501953125
1041.453247 8719.330078125
1043.588867 57655.4921875
1044.588257 109174.8984375
1045.594971 50136.7421875
1095.535645 46151.4375
1096.549683 25554.13671875
1115.588135 106992.0234375
1116.591797 69933.265625
1117.594727 28998.435546875
1141.630493 9030.955078125
1142.649292 35583.1484375
1143.654175 77282.2578125
1144.664307 31657.701171875
1145.661377 9395.9814453125
1152.608521 10428.2451171875
1181.579346 8273.1923828125
1200.654175 14445.90625
1209.603027 8683.1572265625
1224.572632 23826.0859375
1225.57312 25217.435546875
1256.752563 12835.8701171875
1257.755737 8647.21875
1352.7771 25831.08984375
1353.833374 82319.71875
1354.815674 68588.90625
1355.788574 9970.2021484375
