908.49215035398 2
70.06600952 370905.53125
72.0816803 450637.40625
74.43599701 53139.5859375
84.08152008 704411.9375
86.09210968 91939.765625
86.09716797 2133282.0
87.10044098 130889.2421875
93.19529724 53878.734375
101.0714111 60581.3046875
104.0532913 211475.9375
110.0712585 61212.6015625
120.0812073 4702887.0
121.0845413 326469.28125
127.0870667 219329.609375
129.1025543 735269.75
130.0865173 327111.4375
130.105484 72531.828125
136.0758057 296778.09375
147.1130219 500401.53125
155.0819397 81445.2578125
173.130249 59067.65234375
175.0902405 287426.46875
175.1187897 95949.6484375
191.1180725 2615732.5
192.12146 238007.046875
199.1820984 134230.90625
202.8766022 57031.15625
203.0851746 686522.375
217.1372375 236808.765625
219.113205 942606.0
220.0817261 55524.04296875
226.1199799 72812.734375
244.0935669 68944.59375
245.1317596 257929.5
248.1611023 99523.4609375
262.1403809 885997.9375
263.1425171 123889.4140625
286.265686 66779.109375
290.150177 224354.53125
316.1678162 461092.5
317.1742249 88262.375
375.2242737 613311.6875
376.2275085 67271.1015625
488.3068848 310358.5625
619.3460083 122947.7734375
620.3517456 76384.4140625
690.3814087 353245.5
691.3921509 108918.359375
704.6847534 70105.328125
