1139.5863419701 2
84.0453186 233217.0
84.08140564 305104.4375
86.09716797 907719.4375
87.0559082 76363.0703125
88.04009247 54129.9453125
91.05516815 68243.3203125
101.0712662 45329.58203125
102.0556412 71264.578125
104.0532074 50102.02734375
110.0718994 434537.84375
111.0555801 47687.515625
113.2784729 29715.61328125
116.0710144 53352.48046875
120.0811615 431496.0625
126.0548477 103553.421875
127.0867157 32833.06640625
127.4852448 31384.947265625
129.0662842 160648.765625
129.1024017 302556.28125
130.0863495 117328.34375
133.0429688 133695.828125
136.0759125 890002.625
136.0855865 58077.9375
143.0816803 249884.78125
147.1133118 210885.625
158.0930481 36987.83203125
164.1184235 66307.5078125
169.0975037 179178.234375
169.1335449 38254.19921875
171.0764923 334326.28125
173.1281128 42010.6015625
175.1190948 409215.875
177.1013947 33047.98828125
181.0613251 47404.31640625
185.1653442 347680.125
188.1033325 340160.8125
189.0874634 40766.37890625
198.0882111 76342.7109375
199.0714264 171816.375
207.1131744 140716.296875
209.13974 287426.65625
210.1433868 37088.49609375
211.144989 148985.53125
212.1049652 42952.4453125
213.1600342 191713.21875
216.0980835 356798.9375
218.1507874 72098.734375
223.1078644 41911.12890625
228.6475067 41309.40625
235.1079407 119774.7265625
237.1348114 181839.375
243.1334076 43315.12890625
244.1647644 44918.2890625
249.1595459 43057.71875
263.1394958 37065.6953125
267.1085815 149337.046875
271.1764526 126535.4921875
282.1815796 43942.8828125
285.118927 125644.8046875
288.2036133 611545.625
289.2081604 35856.921875
306.1454468 59731.02734375
310.1767273 121037.4609375
332.1585693 52984.5
336.2014771 44280.625
431.1572876 36621.390625
439.2647095 209677.296875
440.2700806 36176.5
456.2929382 395084.4375
457.2938232 66691.0
515.3251953 35556.17578125
516.3128662 160382.75
517.3162842 64890.046875
527.3521118 67101.1875
586.3630981 38883.3984375
612.3496094 76033.875
619.3548584 179729.625
620.3568115 43531.32421875
629.4019165 34233.8203125
668.3702393 36823.60546875
690.3928223 348721.96875
691.3909302 201741.0
714.6772461 33585.26953125
837.4562378 191563.59375
838.4663086 246165.578125
924.4992065 267568.9375
925.4867554 160794.703125
