3388.59658053305 3
233.0952911 68093.9296875
233.1080322 26508.822265625
233.1291656 424349.09375
234.1321564 39841.72265625
237.1243134 57354.58984375
242.1137085 74515.328125
242.1509857 54667.21875
246.1237488 40044.2734375
247.108551 429275.09375
249.1601563 79913.1015625
258.8508301 28316.712890625
261.1242065 196893.28125
264.1358032 58913.1484375
265.1193237 216222.296875
266.2542114 32891.0234375
274.1011963 35186.203125
277.1561584 135635.546875
282.182373 37754.0703125
284.4178772 28261.52734375
292.1298523 175813.203125
292.1607666 35620.7890625
295.1420898 36733.8203125
299.2059937 36223.1484375
311.209259 35145.65625
314.2085266 123556.203125
318.1479187 41782.953125
320.1640625 31691.103515625
322.1881104 124840.6875
331.1593628 33773.5546875
339.2034912 1649705.375
340.2064209 264817.90625
345.1417847 51992.69921875
346.1798706 181608.34375
348.1564636 63718.83203125
350.135376 46463.1015625
353.2187805 51914.31640625
360.1924744 781647.625
361.1955261 160151.765625
364.1893311 74323.9453125
378.2030945 282239.90625
387.1686401 59202.88671875
388.1876831 58340.83203125
402.2433777 34573.2578125
405.1752014 123961.8046875
405.2203674 99067.453125
410.242157 116545.84375
413.2780762 53959.83984375
416.182251 38519.7578125
428.1795654 36795.82421875
435.1912537 39041.73828125
445.2491455 63845.66015625
449.27948 206401.609375
450.2786255 41964.734375
457.2497559 43037.0078125
459.2662964 68124.5078125
474.2739868 120834.6875
475.276825 59239.2421875
477.2737122 454648.3125
481.2051086 40070.12109375
485.2501221 480051.5625
486.2530823 156726.234375
488.2101135 47489.92578125
499.2144165 72362.015625
500.2515564 164367.375
502.2676697 506984.03125
503.2735901 78745.28125
506.2226563 49819.1640625
518.2617188 57796.6328125
532.2608032 40036.50390625
546.2966919 43392.11328125
548.3494263 42015.22265625
556.2774048 45819.2265625
558.3330078 177544.5625
571.3375244 39146.7265625
573.3096924 72363.625
576.342041 185104.34375
586.2485962 61107.39453125
587.3574829 55842.6171875
604.2589111 49944.06640625
615.3518066 189791.53125
617.331604 168099.109375
618.3406372 57862.359375
627.3456421 38776.08203125
628.3389893 127175.96875
641.3694458 39832.4609375
642.3808594 55063.6328125
645.3582764 50741.95703125
652.2407227 40930.0703125
657.2868042 169428.828125
658.2816772 67252.234375
658.3913574 53308.46875
663.380127 47045.3203125
669.3502197 39979.14453125
671.315918 478704.875
672.3240967 148408.96875
675.302063 157212.1875
676.3001099 41938.7890625
686.3881226 211238.421875
687.3952026 138118.453125
703.305542 60615.8984375
713.3503418 42335.76953125
716.3935547 201910.859375
718.2826538 63442.35546875
727.2940674 402318.84375
727.7976685 234069.671875
728.2958374 70403.140625
730.4082031 57304.6484375
734.4089966 52935.046875
741.6724243 35349.76171875
756.3549805 61936.515625
757.3875122 48901.0390625
762.8156738 64477.21875
763.3168335 52920.09375
774.3602905 73208.6171875
787.4363403 48861.91796875
802.3483887 301551.4375
803.3658447 135247.109375
817.4470825 146583.5625
839.3577271 43477.69140625
855.4296265 139159.078125
856.4205322 41220.9609375
870.4715576 56959.703125
888.4849854 131602.375
889.3775024 287728.53125
890.3980103 161290.578125
891.4017944 46085.4453125
906.5126953 42477.45703125
914.4825439 41199.28515625
917.434021 45718.69921875
970.3358765 56833.65625
975.5092773 63012.69921875
1018.479675 64520.30859375
1019.520996 45205.890625
1049.411377 232572.65625
1050.432251 73190.6640625
1089.412231 54959.6640625
1106.442383 654756.0625
1107.439453 399675.6875
1108.445923 50876.5703125
1115.513428 49295.953125
1119.541016 42706.78125
1161.557129 57590.28515625
1176.535522 78710.34375
1179.595093 126733.21875
1193.47522 936605.0
1194.473389 673632.625
1195.472168 265545.75
1196.47644 55463.09375
1232.622925 257344.015625
1233.631592 129296.1640625
1250.623901 199361.78125
1356.517944 311530.03125
1357.552734 277087.78125
1358.545044 77064.6796875
1359.571411 61901.53515625
1435.580566 162169.25
1436.562988 233411.34375
1437.563721 149737.15625
1453.591919 4426331.5
1454.591431 3648756.5
1455.593262 1862517.125
1456.594116 560469.1875
1457.586304 50928.125
1506.630371 69644.90625
1507.623901 59003.1796875
1508.59436 67595.2265625
1524.631104 1301024.25
1525.624634 1094685.625
1526.637573 556198.625
1527.636597 218293.859375
1543.735718 318404.03125
1544.747681 276731.875
1545.753662 58102.390625
1614.768188 140482.484375
1615.773682 156321.828125
1637.72168 393591.59375
1638.731445 384823.28125
1639.715942 254342.953125
1800.785522 294484.8125
1801.783447 322339.6875
1802.784912 167552.484375
1929.813477 59764.515625
2138.958008 151224.15625
2139.953125 140249.015625
2140.996094 75610.6015625
