1479.85291671378 2
120.0811081 58575.68359375
121.0836792 16696.529296875
129.1026306 140382.453125
130.0862122 74986.3125
136.0760651 59205.6015625
140.0702209 18750.046875
141.102951 18066.857421875
143.1179962 61005.4140625
147.1131134 77279.125
149.1325226 15348.046875
167.0816193 19225.939453125
168.578949 14296.58203125
169.0979156 26375.091796875
169.1337891 469724.53125
170.1371002 27501.083984375
171.1130981 73635.3046875
173.1282501 17745.978515625
175.1189117 61000.7109375
181.0982666 18311.92578125
185.0922699 21111.478515625
187.1078644 22624.599609375
187.1438599 18955.72265625
195.0761566 59528.671875
197.1286011 407638.875
198.1320953 19699.193359375
199.1074829 28013.970703125
199.1797943 22953.0703125
202.0828552 29533.16796875
203.10289 20224.869140625
204.1344147 148018.65625
212.1025848 16021.75390625
213.0871887 150451.375
215.1399384 31975.0703125
216.1346893 15413.1318359375
227.1765594 17289.630859375
228.1340179 61733.28515625
231.0977173 36649.70703125
234.1441193 32274.20703125
244.1663666 21159.0625
246.1285553 22878.732421875
248.1617279 23970.384765625
255.144043 16934.95703125
268.1651917 107090.578125
280.1648254 22762.529296875
294.1808777 23828.673828125
308.1602478 18251.48828125
310.2130432 82823.015625
312.1922302 28256.62890625
315.1651917 18023.740234375
317.2188416 136588.46875
325.1533813 18312.0078125
326.1706238 154805.515625
339.2377319 27097.73046875
341.1796265 23235.078125
345.1419983 17636.294921875
348.1885986 31057.42578125
367.2384949 17098.11328125
409.2813416 17359.009765625
430.3011475 24490.318359375
441.4542542 16882.82421875
461.2692261 20971.431640625
548.3017578 31507.7421875
628.4058838 162814.6875
629.4033203 33156.91015625
655.378418 33649.62109375
655.8694458 28188.15625
656.3789673 29237.85546875
683.3498535 19500.642578125
698.8721313 17611.6953125
715.4362183 20056.197265625
739.385498 17796.64453125
739.8810425 19046.005859375
740.3561401 80481.2265625
740.604126 15916.197265625
741.3870239 21154.203125
750.3961182 78762.7734375
772.4552002 29984.025390625
821.4412231 42252.109375
840.3024902 19153.05859375
841.2910767 20552.7421875
842.2896729 17560.896484375
862.4277954 24057.388671875
886.4926758 61600.6953125
908.4574585 84146.46875
972.3306274 31123.576171875
994.4713745 21917.4765625
1000.536682 120622.3671875
1001.543152 58421.67578125
1005.46875 29851.291015625
1022.493591 71439.625
1023.504272 35208.53125
1113.609619 74102.5390625
1114.620972 80249.15625
1135.596558 27510.7734375
1194.4729 21301.201171875
