2085.84623493518 2
175.1186523 6023.1220703125
201.1233521 8536.2841796875
229.1173706 5554.5166015625
246.6064606 3882.1469726563
253.0939484 25968.681640625
307.2658081 4741.6923828125
330.3693848 4385.0229492188
340.3172607 4851.2709960938
346.8569641 4939.1127929688
360.1993103 8955.88671875
366.1789246 4883.9873046875
455.227356 6662.275390625
479.2675781 5735.6484375
618.2860107 7241.5971679688
747.3329468 10772.001953125
872.8374023 22233.935546875
873.3412476 8198.181640625
934.8796387 5711.1372070313
964.5883789 6511.2885742188
1005.412537 8843.123046875
1042.58606 9384.6640625
1043.580688 20713.896484375
1043.924561 18254.66796875
1044.580933 16849.703125
1469.764282 7476.1293945313
1475.550049 21757.45703125
1476.548096 8248.923828125
1492.58728 8247.84765625
1579.102173 6957.4326171875
1607.60083 26563.482421875
1608.594727 23774.859375
1744.641479 9643.6474609375
1745.63147 9762.779296875
