913.56167743868 2
69.13769531 27667.900390625
70.0661087 283536.96875
72.08169556 281090.96875
84.04515076 30250.41796875
86.09712982 907149.75
87.1005249 34035.7734375
94.17917633 28660.712890625
118.0658493 40283.28125
120.0809479 139023.03125
129.1025543 59285.671875
130.0651245 250240.53125
132.0808563 410652.125
133.4932404 29585.71484375
136.0761566 112260.0625
141.102417 57533.71484375
143.1174927 29130.95703125
144.0814972 29842.04296875
158.0932922 41254.8671875
159.0796051 60890.19921875
159.0918427 968046.5625
160.0757904 38714.0390625
160.0950928 57876.19140625
170.0602264 1002499.25
171.063736 113864.28125
175.1190186 454856.90625
184.1121979 49594.5390625
185.1655273 179893.125
187.0868225 336584.0
192.0748444 33293.76171875
197.1262512 29615.06640625
198.1283264 46247.0546875
200.1428986 283310.15625
213.1597748 64655.05078125
214.1181488 219929.328125
215.1215363 36400.55078125
227.1540222 207492.265625
227.1751709 46736.64453125
228.1338806 109403.1953125
234.1247101 36562.5
255.1495514 671199.5625
256.15271 110196.390625
271.1769714 112232.96875
272.1757813 883629.3125
273.1785889 151283.453125
283.14505 54017.80859375
288.2037964 282871.625
300.1716614 55913.2265625
326.2192688 30826.0
327.2009888 246158.546875
401.2882996 50840.49609375
498.3092346 33373.4453125
502.8067627 32712.380859375
515.3297119 308319.03125
589.3179321 44713.6953125
614.3991089 1190123.875
615.4022827 382727.75
616.3935547 49345.46875
727.4849854 421182.4375
728.4837646 137417.03125
729.4727173 37566.55859375
