1435.60428886571 2
115.0507278 1470.8500976563
115.0872726 7987.4692382813
129.0662842 2269.966796875
141.0669861 1642.4553222656
143.0813904 4901.9326171875
155.0819855 1937.4289550781
158.091629 1580.7611083984
161.2379608 1356.6846923828
172.0718842 1507.7810058594
175.119339 1694.4736328125
186.0868835 2276.6123046875
198.0874939 2675.0063476563
201.6172638 1352.7601318359
215.114212 5100.2080078125
243.1088257 2929.5546875
255.1099854 1358.9730224609
257.1237793 1492.0665283203
262.1504822 2983.7756347656
269.124939 5454.4599609375
286.1510925 2340.3876953125
296.1366882 1658.9866943359
314.1463623 7030.173828125
340.1620178 2879.0251464844
357.1901855 1385.0004882813
389.0718079 1217.8223876953
439.1242371 1273.2874755859
461.2476501 14164.1943359375
576.2723389 5830.9829101563
691.2963867 5249.3286132813
692.3119507 1670.30859375
718.3725586 1515.0966796875
719.3811646 2064.9455566406
820.3394165 4823.8159179688
907.3743896 10971.0400390625
908.3684082 5110.8212890625
914.6646118 1690.5063476563
994.3989868 8340.3037109375
995.418335 2363.9997558594
1051.432495 22473.4140625
1052.431152 9032.83984375
1053.432617 4944.0205078125
1122.450928 5718.2397460938
1179.464844 2213.7104492188
1293.527344 2153.5373535156
