1434.64386634982 2
101.0714493 29385.029296875
102.0554047 14445.22265625
103.054924 2690.9533691406
104.0533218 10734.529296875
110.0718155 16769.560546875
112.0871201 2807.7126464844
115.0871124 12454.236328125
115.0946732 2288.0444335938
116.07061 4327.3247070313
119.0733032 2765.9128417969
119.0818329 88181.0
120.0809021 89714.59375
121.0845032 12703.751953125
126.0552521 4457.2841796875
129.102478 39119.8984375
130.0500488 2244.755859375
130.065506 9206.888671875
130.0865631 12464.1435546875
131.0449677 4098.123046875
132.0808411 3961.4367675781
133.043457 8302.857421875
136.0758057 31961.8828125
141.0659027 3490.4926757813
141.1023254 2298.4501953125
143.1180115 9970.203125
145.0600433 2185.8037109375
145.0974426 15519.0791015625
147.1131439 26343.1640625
153.103241 3502.9252929688
155.0812378 3969.9921875
156.0756836 2101.482421875
157.0973206 7979.5517578125
157.1342163 4157.9091796875
158.0927124 9681.7822265625
159.0917206 55548.4765625
160.0957031 4455.810546875
166.0861816 13385.0068359375
167.0819855 11663.68359375
168.8766479 2273.572265625
169.1338348 24394.08203125
170.1364594 2300.0041503906
171.0772095 2685.4423828125
171.113205 4770.64453125
173.092514 2943.5085449219
173.1287689 9235.9697265625
175.1189423 27166.662109375
181.0970917 3553.3271484375
183.1130676 8242.529296875
183.1490936 41744.6796875
184.1082764 2256.8657226563
184.1531067 8711.1953125
185.0926514 4083.3564453125
185.128891 3696.7536621094
185.1651917 17246.9609375
186.1239471 3460.5673828125
187.0865479 3735.7365722656
187.1079407 4199.8813476563
187.1450195 14180.7978515625
195.0773621 10016.990234375
197.1282349 24263.412109375
199.0713806 3568.8547363281
199.1085052 17504.10546875
199.1803894 3268.0231933594
200.1046753 2660.2844238281
200.1390686 3278.1394042969
201.0309143 2264.9379882813
201.0876007 9380.646484375
201.105484 3289.8088378906
201.1227875 14332.08203125
205.0975342 2929.4274902344
207.1129608 2681.3371582031
209.0928192 3144.8564453125
210.0223541 10573.6650390625
211.1444092 51910.76953125
212.1029968 22219.78515625
212.1464996 9430.75
213.0869293 7366.2114257813
213.1596985 12216.0771484375
214.1182098 2091.3439941406
214.1573029 2016.0443115234
215.1396332 19046.62890625
216.0987549 8079.1411132813
217.0810852 4295.15234375
217.133667 63202.07421875
218.1352539 6860.6821289063
218.1533508 2278.8601074219
225.1030121 1983.087890625
226.1190033 8847.3955078125
226.1551666 2987.6611328125
227.0489655 15404.533203125
227.1025848 34330.01953125
227.1760406 3561.5561523438
228.1054535 2430.5395507813
228.1349487 4884.3129882813
229.0997162 3560.2468261719
232.1396484 2760.3376464844
233.1294403 7571.9375
234.0904846 10074.80859375
234.1454315 2391.7788085938
235.1072083 18471.107421875
236.1104126 8968.19140625
241.0828247 4050.9997558594
242.1501465 3786.1701660156
243.1334229 2462.9716796875
244.0917358 2575.6767578125
244.1651764 21283.17578125
245.1285553 61005.484375
246.1307678 9415.9541015625
253.1189117 3883.3466796875
254.1498413 3885.6040039063
255.1179657 2251.3813476563
255.1456909 2664.5622558594
258.1462402 3339.5263671875
259.1399841 4984.8369140625
260.0864868 4857.5869140625
260.1966553 2900.9299316406
261.1251831 2919.4223632813
262.0854492 26120.62890625
266.151001 3125.3896484375
267.1492004 9114.357421875
272.1277161 2720.1379394531
276.1668396 113972.4375
277.1695557 11678.0771484375
279.0975037 3828.7282714844
280.1654358 8674.140625
283.1438293 11803.708984375
283.1758423 4635.5478515625
284.1958618 4446.703125
285.1547241 2196.4421386719
288.2017517 3341.5876464844
289.1341553 2743.5952148438
294.1830444 11637.779296875
295.1438904 3741.2592773438
296.125946 4059.4721679688
296.195282 8068.35546875
303.0930176 10106.2255859375
306.2165527 4461.3032226563
308.1629639 2558.5932617188
310.2135315 2259.5939941406
311.1381531 10965.4404296875
312.192749 14477.1513671875
313.1149597 2188.0668945313
313.1947021 7927.5122070313
314.1351624 2678.8757324219
316.1141357 3351.0512695313
324.1188354 4547.6494140625
324.2272644 8388.6904296875
325.1865845 8208.58984375
326.1721497 9300.0888671875
327.2035217 2685.2373046875
331.1259766 2725.173828125
334.1384583 2589.6245117188
339.1668396 4925.037109375
340.1872864 10021.787109375
341.1459656 4912.23046875
341.182373 2580.2482910156
341.2196045 8126.982421875
342.1800537 2479.3195800781
342.2199707 2767.6130371094
344.1274109 3937.087890625
346.1395569 3863.404296875
355.1624451 3096.5146484375
360.1546326 10657.2431640625
364.1990662 2517.6020507813
374.1289978 16419.0
381.2131348 7574.1396484375
387.2032471 2438.1608886719
389.1366882 8829.5078125
390.2089233 2929.3293457031
391.1957092 2891.4291992188
392.197052 25394.763671875
393.198822 4129.8544921875
405.1681519 2956.3637695313
427.1559753 2289.5078125
442.19104 8358.2587890625
445.1673584 17232.3671875
453.244812 2909.7233886719
488.202179 3690.3132324219
496.2393188 3460.1254882813
501.2605286 3826.9306640625
503.2833557 2686.6328125
511.2690125 10857.8642578125
535.3215332 7837.7631835938
536.3264771 3362.4809570313
541.2608643 9003.6279296875
546.8012085 3979.9086914063
575.2846069 2856.9311523438
576.8171997 2911.7145996094
578.3048706 2861.9750976563
580.309082 3497.2404785156
597.2843018 2461.1127929688
601.3674927 4501.8637695313
618.2961426 13680.3056640625
619.2998047 3523.44140625
625.2783813 3712.1345214844
631.8104858 2678.4858398438
635.2255249 2741.66796875
635.3151245 45864.015625
636.3144531 12199.33203125
637.3117065 3173.4733886719
654.3533936 2900.015625
678.9124146 2656.4951171875
696.3106689 3703.3366699219
699.8898315 4280.8168945313
700.3857422 3221.4108886719
717.4025879 4863.9106445313
726.3724976 4274.1474609375
727.3717651 14046.810546875
728.3826904 4656.5390625
734.4109497 2416.9045410156
765.4102783 3873.2609863281
766.4138184 2455.9086914063
767.3464966 4190.8364257813
782.3840942 34648.23046875
783.3803101 9414.015625
786.4407349 2884.7004394531
811.4261475 3369.0485839844
812.4348145 4374.6220703125
813.4415894 3349.1000976563
822.520874 14238.166015625
823.5134277 8023.3798828125
844.4730225 2413.2534179688
845.4606934 4774.7270507813
846.4353638 2767.5769042969
847.4535522 3016.7097167969
864.4727173 10882.986328125
865.4794312 7392.2856445313
897.4586792 3551.107421875
898.4770508 3155.2265625
899.3977051 2504.8288574219
900.4798584 24528.400390625
901.4851074 7655.4672851563
929.4481812 38394.359375
930.4581299 20205.921875
931.4610596 8731.7197265625
959.5544434 3705.9013671875
984.4849243 4758.9213867188
985.5043945 8398.48828125
986.5144043 3971.4663085938
988.5355835 3872.978515625
1008.559631 17435.359375
1009.549561 10749.4697265625
1025.439819 2856.0612792969
1026.44104 2402.1530761719
1047.546875 3428.306640625
1055.569336 2890.5756835938
1076.516846 15731.1640625
1077.509521 4880.9536132813
1082.567749 7035.8540039063
1083.565063 4474.6591796875
1092.674683 3720.1853027344
1093.675537 2824.2395019531
1109.595581 3278.5563964844
1151.517212 3266.7856445313
1173.571777 60808.1796875
1174.576294 39206.83203125
1175.576416 20466.85546875
1221.554565 4758.4770507813
