2012.92644107661 3
145.699173 2043.259765625
147.112381 17219.048828125
174.6151123 1912.5725097656
175.117981 4273.2954101563
186.1235352 4983.1333007813
197.1280975 2854.1101074219
204.1348114 24454.94140625
208.0961914 14850.1748046875
213.0857544 5968.8828125
218.1495819 11611.8583984375
225.1228943 18538.802734375
226.08255 2595.0578613281
239.113739 10703.09765625
240.0977936 12608.806640625
242.1500397 37636.40625
244.0936432 4185.19140625
244.1659088 10478.419921875
245.7612762 2554.4782714844
253.1670227 3053.7336425781
254.1611481 2885.4548339844
257.1234436 11986.6494140625
259.1741943 2356.0595703125
261.1557007 23790.90234375
268.1397095 2675.5485839844
293.3899231 2617.7468261719
301.1159668 3049.9873046875
301.1482849 3931.7854003906
318.1774292 71173.3359375
319.1814575 3380.8950195313
329.1470032 5800.5913085938
332.9378357 2876.7878417969
342.1294861 5258.1411132813
351.1334229 3068.5498046875
367.1723633 3046.8215332031
368.1549377 5170.0424804688
394.2106934 2711.0046386719
413.227478 2969.4099121094
429.2102966 13237.2724609375
430.2259827 3769.509765625
434.3187561 3134.1965332031
445.2731323 4157.826171875
447.2208252 22290.564453125
448.226593 4218.2075195313
518.2585449 3450.1484375
541.2782593 5778.603515625
553.3319092 3010.0209960938
575.2794189 44970.1640625
576.2816772 14320.88671875
611.3187256 6552.607421875
622.2765503 12924.25
626.3034668 3403.8520507813
627.9509277 13159.39453125
628.2852173 16389.431640625
628.6237793 5541.2465820313
654.7784424 4376.75390625
660.305542 5679.5327148438
663.3175659 6079.142578125
670.824646 19241.4921875
671.3762207 14914.017578125
671.8314209 18064.505859375
672.3863525 12404.0068359375
672.8289795 3196.3303222656
673.3980103 91853.8671875
690.3057861 25208.140625
691.3068848 6323.9365234375
694.31073 15180.5146484375
694.8123169 6623.1909179688
750.3361816 10597.3759765625
754.3508301 5477.2822265625
758.3383179 16312.7255859375
758.8415527 13741.71875
783.3620605 17669.513671875
785.3671265 6383.4775390625
801.3417969 5653.8305664063
813.3566895 6069.984375
813.8649292 10835.767578125
814.3606567 5630.248046875
814.8613281 4196.685546875
819.3511353 3801.3662109375
822.367981 16732.41015625
822.87323 18432.349609375
823.3665771 4292.0087890625
865.380249 11796.3876953125
869.8728638 4903.4028320313
877.3890381 14097.62109375
877.8842163 31018.986328125
878.3870239 31277.623046875
878.8864746 22711.3125
882.4122314 13962.419921875
883.4138184 5681.4848632813
886.3965454 50597.88671875
886.8961792 46989.62109375
887.3901978 22464.779296875
887.8968506 13736.6455078125
888.4020996 5509.5532226563
890.383728 23368.08984375
891.3826294 6740.9213867188
911.4152222 6559.9853515625
919.4118042 4216.7021484375
933.9127808 3962.9377441406
941.9187622 15158.7373046875
942.4078979 17337.529296875
942.9212036 5801.9750976563
950.9202881 3927.6765136719
993.4365234 11543.5791015625
994.456665 4161.0625
1006.417725 4798.162109375
1070.447266 5029.5986328125
1083.50415 4060.39453125
1123.50769 10971.7587890625
1124.508911 13125.662109375
1180.504517 4280.7788085938
1197.521851 12478.70703125
1198.513672 13034.9384765625
1231.517456 8308.37109375
1232.507446 6043.0185546875
1308.549561 10009.1318359375
1454.617798 3868.5649414063
1921.113525 3972.8898925781
