1749.89020020733 2
129.0657196 5575.7666015625
129.1018982 46847.66796875
130.0646667 5369.4536132813
130.0861969 18191.609375
136.0757751 86533.765625
141.065567 14301.2236328125
141.2270203 6443.7958984375
143.1176147 10713.7626953125
147.1125183 59125.5
152.1066437 8044.556640625
155.0812683 10316.3271484375
155.117981 7916.455078125
156.0755768 7043.0146484375
157.0606537 7943.0278320313
157.1330261 7379.0844726563
158.0924377 8053.5024414063
169.0967102 11444.40234375
173.1285095 15747.8837890625
175.1184082 41020.91015625
181.0968933 16973.615234375
183.1130524 39568.84375
183.1493225 7444.908203125
184.0713806 11402.517578125
185.1651154 9534.6337890625
186.1238098 13878.4033203125
187.1069641 8244.6953125
187.1449127 9037.9541015625
197.1284485 95339.7421875
199.0715027 16947.69921875
199.107605 8851.0986328125
199.1805725 9958.9755859375
200.1372375 8813.6220703125
201.1231384 59420.7578125
202.081955 58414.44140625
203.0862427 8067.310546875
213.1596832 14243.9169921875
214.1191559 12545.240234375
215.1053925 10493.65234375
215.1391907 407818.21875
216.1421509 38620.10546875
217.0816193 11087.2890625
224.1404877 10017.943359375
225.1230011 84398.7734375
226.1212311 10637.1787109375
227.1759644 8072.08984375
229.117569 12124.2001953125
232.140564 9866.04296875
235.1079254 9575.0986328125
240.1342163 13251.328125
242.1491699 21417.609375
243.1338806 265504.40625
244.0942993 13110.1455078125
244.1370087 36004.77734375
244.1641235 7012.9907226563
245.0761871 18493.63671875
249.1589508 9941.166015625
256.1296997 10069.0205078125
258.144989 56344.78515625
272.1600037 9303.654296875
276.156189 40503.546875
277.1582336 12633.0791015625
284.1242371 9143.1865234375
292.129303 105994.265625
295.1291809 19317.30859375
300.1567078 9708.59375
301.1528625 34387.85546875
302.098938 75796.1171875
310.2130432 33455.3359375
312.1565857 11455.7275390625
313.1143799 8888.0205078125
315.1673889 17408.048828125
338.2090149 48459.9921875
353.1799316 7758.4282226563
356.2184448 19415.896484375
371.1923828 14150.6083984375
382.1767578 8146.7666015625
386.2398987 10275.443359375
387.188324 21124.037109375
389.2390747 85598.796875
399.151825 13587.607421875
401.1669617 11261.966796875
405.2137756 42056.43359375
409.1715698 13741.6181640625
414.2363892 12044.6845703125
415.1820984 45022.83984375
416.1821594 19019.138671875
418.2128906 8630.28125
425.2411804 17026.84375
442.2794495 21751.43359375
445.2125549 13968.158203125
499.286499 36513.83984375
500.2729492 61117.0
517.2979736 75237.40625
518.2994995 18105.8671875
522.2576904 13561.560546875
523.2607422 10330.546875
534.2576904 34396.7265625
573.2558594 11358.677734375
612.3380737 11003.6396484375
638.3589478 17000.7109375
639.3465576 14774.0224609375
640.369751 17518.396484375
680.3641968 184293.8125
681.3660278 72945.0
698.314209 11045.126953125
704.362915 15035.552734375
706.3034668 16398.962890625
715.321167 14308.9921875
804.4155884 11146.734375
850.4732056 116728.1640625
851.4776611 50718.6796875
857.4467773 11272.33984375
874.5250244 59734.53125
875.5209961 38322.546875
961.5023804 17919.822265625
962.5158081 12290.791015625
979.5167236 97791.375
980.5167847 45602.83984375
1004.458252 18077.212890625
1005.482544 13886.701171875
1076.529175 15723.22265625
1094.531494 180910.0625
1095.532837 123585.8984375
1096.546021 41900.34375
1119.524048 20196.2578125
1193.606445 75621.4140625
1194.606812 59639.32421875
1195.605957 31433.3203125
1199.631958 13836.029296875
1200.641479 37555.78125
1263.59021 14110.05078125
1307.647949 48508.86328125
1308.64563 20325.43359375
1309.651245 15986.2626953125
1394.685059 79890.21875
1395.683228 58003.1640625
