1075.53963286745 2
82.22612 18074.42578125
84.04497528 23515.638671875
86.09709167 88206.796875
87.05601501 26884.748046875
124.6650009 20242.55078125
129.1026917 25980.63671875
130.0858154 20883.54296875
131.1225281 20694.857421875
136.0761108 26356.984375
154.8473206 20808.267578125
169.0978394 28842.9921875
173.1287994 26235.705078125
175.1189575 121473.703125
197.0915527 19764.138671875
198.5136261 18377.384765625
214.1185303 106262.890625
283.1403503 85595.3046875
369.214447 19841.80078125
387.6772766 17929.5703125
476.2467346 30204.767578125
528.7731323 21201.14453125
542.9864502 25353.798828125
583.401001 19935.796875
605.2848511 25272.095703125
662.3051758 251477.234375
663.305481 38275.80078125
775.3866577 24789.439453125
776.387207 30206.767578125
862.4285889 136349.375
863.4219971 32821.92578125
