833.428781594258 2
59.22017288 43609.22265625
60.0567627 60111.2890625
60.99715042 40070.42578125
61.01176071 67705.3984375
67.8560791 48417.33984375
70.06591034 287263.125
72.08159637 362556.40625
74.06092834 96780.34375
82.06584167 110692.5625
84.04503632 400807.25
84.081604 99067.34375
86.09716034 804470.875
92.03451538 92314.4453125
98.67485809 45957.5625
101.0715485 724178.375
102.0921783 63854.92578125
104.0533295 441538.6875
110.0715027 94443.2265625
127.0869522 1964025.25
129.1025238 94823.8203125
136.0757599 86485.65625
147.4058228 51040.4375
149.074173 57787.359375
154.9364166 51355.78515625
156.5106964 57783.7109375
158.0923309 263804.90625
171.1120758 56067.1484375
172.1087494 63778.0
173.0912628 57854.83203125
175.09021 973312.25
175.1191254 342225.8125
176.0930481 55423.56640625
190.1190338 105301.8671875
199.1811371 176361.078125
201.1260529 58672.91796875
203.0854187 215997.0
215.1147156 80586.484375
220.1112061 86361.2890625
227.1764984 82332.25
232.1408539 371111.625
254.1514282 86201.9296875
267.9278259 54740.0390625
307.175415 537489.25
307.6737671 240073.328125
316.163269 74716.359375
333.1883545 386763.9375
446.2703247 185887.390625
503.2939148 1022132.5625
504.2959595 104376.953125
505.2860107 51008.62890625
613.3378296 91550.1796875
614.3273315 112983.0703125
631.3496704 517874.59375
632.3496094 77763.8828125
786.7987061 55417.43359375
