949.433289919768 2
70.06591034 152174.984375
72.0814743 199660.421875
80.91506195 97926.5078125
84.5036087 93514.40625
86.09693909 876141.1875
115.0866318 410035.3125
117.0815353 93521.859375
118.5000305 86242.6015625
120.0811539 674339.3125
128.9777527 88318.8515625
129.1022339 187563.53125
133.0434875 223723.421875
141.4021759 100657.8984375
199.1789398 122296.484375
254.6850433 118005.828125
303.1105957 116275.7265625
303.1766357 137353.546875
374.214447 434654.0625
483.0733337 111450.7734375
487.3006592 151739.578125
516.3837891 107484.1328125
647.3213501 420709.5
768.8324585 112399.1875
