850.430151898204 2
60.04524231 62746.9921875
60.05670547 18710.314453125
61.01168442 7761.28125
69.07078552 35972.51171875
70.06601715 308829.1875
72.08165741 574771.8125
72.08578491 18243.796875
73.08508301 18667.583984375
74.06089783 122977.8515625
75.06421661 8559.376953125
83.06123352 14031.146484375
84.04524231 221816.359375
84.08149719 234738.4375
85.08485413 9893.8701171875
86.0607605 35325.09375
86.09719086 1270919.0
87.05631256 19205.330078125
87.07998657 13576.7060546875
87.10054779 64031.6640625
88.04008484 34257.26171875
89.07164764 40276.2109375
99.05612946 13421.734375
100.0761414 15895.4501953125
101.0716934 98584.6640625
101.108017 17564.908203125
102.0556107 92490.125
102.0741577 9513.783203125
104.0534973 14194.701171875
110.0717926 228783.046875
112.0878525 20104.6015625
113.0716629 57520.11328125
115.0870743 13833.5380859375
116.0711746 39163.03515625
120.0812225 287144.125
121.0849915 14012.115234375
125.350235 8841.048828125
128.0555878 10230.544921875
129.0662994 117700.75
129.1025848 354385.09375
130.0863953 122957.96875
130.1066132 11954.5537109375
131.081604 71830.328125
132.0807953 9512.8408203125
133.0430145 10633.84375
136.075882 244763.453125
140.0707245 43224.0
141.0662079 14076.611328125
141.102356 17210.486328125
143.1183929 99001.609375
144.1216583 12426.4345703125
145.060791 16555.478515625
145.098053 9447.998046875
146.0602722 14035.5439453125
147.0758667 12950.3564453125
147.1130829 190139.796875
148.116394 11043.9560546875
152.0712738 21091.32421875
155.0816956 19983.482421875
156.0781708 11848.8701171875
157.0967255 14200.7900390625
157.1341095 55106.578125
158.0926819 45674.22265625
159.0767365 36247.00390625
159.0919952 53594.625
162.0555878 11634.380859375
167.0820313 10005.7236328125
168.0660553 19419.443359375
169.1337128 11418.259765625
171.1132202 54114.8984375
171.1487579 34286.953125
173.0932007 20491.017578125
173.1284332 92272.09375
175.0866547 72955.25
175.1192017 219150.59375
176.1234131 13957.0205078125
181.0609436 13347.849609375
183.0766602 16013.12890625
183.112915 17887.271484375
185.0923767 41418.265625
185.1289978 15305.5126953125
185.16539 111149.578125
186.1239166 21610.64453125
187.1081848 16007.5244140625
187.1446991 37268.91015625
197.1288757 213581.046875
198.1313629 13750.39453125
199.0722504 12696.6435546875
199.1084595 13246.8623046875
200.1031342 41087.87109375
201.1238861 57292.109375
203.0858154 11426.935546875
203.1033478 102108.1484375
204.1349182 73555.484375
207.1131744 52183.81640625
212.103302 12236.9931640625
215.1395111 139107.0625
217.0817566 16895.203125
221.0895844 9791.9287109375
225.1244812 32649.05859375
228.1350403 39674.078125
229.1177063 11683.294921875
231.0970764 20493.951171875
233.1654358 17142.123046875
235.1082611 19505.833984375
240.0976715 11387.0185546875
244.0950012 11608.6123046875
249.1618347 11387.873046875
257.1388855 10465.677734375
265.6727295 12646.9013671875
270.1454773 15674.3330078125
271.1769104 9206.1875
276.1715698 12516.3857421875
283.1428223 11684.5634765625
288.2006226 13825.17578125
294.1819153 145008.3125
295.1853027 11619.6474609375
298.9727173 8771.6708984375
301.1506653 13773.263671875
304.1266174 13032.49609375
315.1307983 63041.18359375
319.1622925 22972.5078125
320.6678467 41582.11328125
336.1983032 11967.89453125
370.2451477 12756.73046875
391.5907898 10821.607421875
409.2081909 53798.4296875
414.2331543 34397.13671875
424.2202454 11253.6162109375
430.2071533 16842.853515625
432.2435608 11960.4287109375
487.3232727 16110.79296875
520.2432861 41936.49609375
521.2490845 16626.384765625
527.2594604 12770.466796875
537.2686768 10642.9990234375
595.3058472 15884.3193359375
608.3028564 43455.46484375
609.3139648 26769.04296875
618.3262939 13208.3828125
639.3026733 12612.2158203125
640.324585 37262.46484375
857.6786499 11451.1181640625
