1355.63235894193 2
98.02429962 11567.5302734375
100.0764923 11134.2158203125
101.0714035 210726.96875
102.0554276 47096.33203125
103.0548477 101455.671875
104.0529938 11336.7333984375
104.0595398 10824.3974609375
110.0717392 150076.109375
111.0559845 20033.669921875
112.0876389 10725.966796875
113.0715256 11626.15234375
115.0506897 62875.55859375
115.0874176 19184.212890625
118.0659561 10423.0
120.0811539 1239500.25
121.0845337 134709.703125
125.0706329 10862.7265625
126.0555878 44517.49609375
127.05056 44906.0390625
129.0660858 209664.078125
129.1024628 370898.875
129.1107635 13381.3330078125
130.0656128 42192.4296875
130.0865173 110458.5703125
130.1064606 33758.453125
132.0808411 24433.087890625
133.0431366 71281.578125
136.0758209 215784.671875
141.0660248 92587.8671875
141.1022339 55646.86328125
143.0816803 125682.796875
147.1130524 147422.25
148.115799 12006.3388671875
152.1074219 17968.35546875
155.0813904 21533.017578125
155.1179657 12149.818359375
157.0974731 63093.421875
157.1336975 22575.900390625
158.0924683 23533.119140625
159.0917511 184549.03125
159.1130981 61850.0859375
160.094635 17901.923828125
169.0974579 18819.548828125
169.133728 54183.37109375
170.0923157 13578.59375
171.0765839 118689.4921875
171.112915 12560.1318359375
172.071106 71075.7421875
173.1288147 116932.7578125
174.1328888 10071.275390625
175.0871582 13354.1015625
175.1192017 196925.609375
177.1026611 18352.1171875
179.0817413 21059.771484375
181.0969391 37142.6015625
183.112854 17379.99609375
183.1490631 242772.921875
183.164093 12939.03515625
184.1530914 18944.44921875
185.0919952 61162.1171875
185.1287231 17665.56640625
185.1646423 52501.91015625
186.0879669 23719.8359375
186.1239929 38111.421875
187.0873566 12785.3173828125
187.1080475 61138.26171875
188.1029358 168357.265625
195.0768433 21923.384765625
196.1444397 177809.046875
197.1289215 170952.3125
197.1470337 30231.693359375
198.087738 46598.9296875
198.1279144 12971.59765625
199.1079559 16705.12890625
199.1808167 111571.890625
200.1398621 22395.982421875
201.0870514 12646.5791015625
201.1239624 115867.3359375
203.1034393 12043.162109375
204.1347504 84836.421875
205.0959473 30558.640625
207.076416 10957.345703125
207.1126099 17712.697265625
209.0922394 49549.3125
211.1446991 108006.703125
212.102066 15258.5654296875
213.087326 105413.4453125
213.1596527 47447.64453125
214.1195068 12540.9326171875
214.1547241 221254.53125
215.1154633 21465.150390625
215.1381989 17279.521484375
215.1581726 15565.52734375
216.0983582 77213.859375
217.0995026 22522.33203125
217.1358643 14038.6728515625
219.149704 12855.6298828125
224.1041412 12069.7255859375
224.1393738 67108.7578125
225.1232605 13779.91015625
226.1189117 55865.0703125
227.175766 53451.0859375
228.135376 18373.126953125
229.1187134 54601.33984375
233.1651001 39037.62890625
234.145874 10770.83203125
235.1078186 19681.806640625
240.1352081 16891.271484375
242.1508789 83959.8515625
243.1095123 20499.4296875
244.1300049 35568.6015625
244.1658325 24401.904296875
245.1299438 13257.85546875
246.181076 20645.3203125
252.0978851 16373.443359375
253.0929718 62243.87109375
255.1098633 11403.8798828125
261.1561584 151892.65625
262.1192322 11303.7646484375
262.1582947 46668.03515625
263.1035767 11426.1083984375
270.1447449 14043.9345703125
272.1737671 12823.34765625
274.1217041 18555.259765625
276.0648499 15892.126953125
277.1566162 33734.625
280.1304932 15547.5107421875
287.1419373 13497.33984375
288.2019653 16613.798828125
298.1391602 20731.7890625
300.1269836 12728.6328125
302.1125793 13594.9580078125
304.1303406 12759.390625
304.1634216 10993.5810546875
305.1595459 20875.4453125
320.1605225 108969.3671875
321.1628723 16898.083984375
322.1870422 45359.0859375
326.173584 18199.84375
327.1681519 14227.6435546875
332.1248169 14932.1181640625
333.193573 14058.4248046875
341.1827393 74463.8125
342.1803894 14341.9287109375
350.1353149 18029.138671875
360.1938171 12296.91796875
362.2044067 203801.25
363.2075195 57843.01953125
364.1246948 20121.947265625
371.1734009 16006.3330078125
416.1941833 13526.361328125
421.2575989 12102.447265625
433.2432251 49220.3984375
434.2433472 9782.6474609375
445.1231995 10266.2216796875
454.2063293 15453.8984375
454.7068787 21793.048828125
455.2238159 16539.943359375
473.2357178 75704.140625
474.234375 16548.994140625
486.200531 17871.6171875
490.4049072 9110.3154296875
491.2452393 116885.15625
492.1528015 11371.3203125
492.2470398 49566.984375
500.3551025 14690.84765625
510.7455139 12764.751953125
511.2518616 15519.8447265625
519.8156128 10205.0517578125
527.2623291 22008.943359375
528.2410278 10694.4541015625
533.2878418 11084.3232421875
554.4193115 9470.44921875
566.2680664 13724.9677734375
566.7678833 15474.04296875
567.2650757 14758.8203125
568.3251953 14908.16015625
570.7763672 71422.734375
571.2808228 20337.310546875
571.8139038 10040.09375
590.310791 49063.46875
594.2975464 12817.130859375
599.3009644 10823.6455078125
621.2869873 12760.4736328125
629.3285522 12935.4833984375
646.8143311 14570.1240234375
647.3345337 188822.875
648.340271 87364.671875
649.3375854 16700.216796875
655.3564453 156754.640625
656.3621826 79741.703125
677.3250122 16270.4013671875
678.4081421 48015.54296875
718.3702393 21126.380859375
719.3608398 51415.9453125
720.368103 19978.078125
731.3486938 14322.6416015625
748.3340454 12590.2763671875
770.3839111 82653.1875
771.3831787 51001.37890625
775.3885498 18303.955078125
776.3950195 19955.994140625
792.3743896 19029.361328125
818.4100342 15583.27734375
825.8920288 13916.740234375
826.3803711 15748.740234375
832.4174194 19866.955078125
882.6613159 11909.4765625
889.4292603 49705.30078125
890.4389038 41635.73046875
908.4110718 14569.4716796875
930.4124756 227451.109375
931.4170532 121458.53125
932.4103394 47959.72265625
939.4569702 14836.259765625
1006.472961 12899.7333984375
1012.596497 22704.39453125
1014.436462 16698.734375
1020.482788 16084.8779296875
1021.477112 14141.62890625
1043.498047 109986.6953125
1044.496582 55262.1171875
1045.52002 20789.8359375
1140.551514 198000.40625
1141.55835 127512.9609375
1142.530273 52919.27734375
