1172.62687911509 2
84.0451889 44092.484375
84.08153534 109818.4140625
86.09713745 266211.46875
87.05581665 54912.21875
88.03999329 85997.4140625
96.04477692 7157.9448242188
98.02405548 12727.40625
99.05593872 29025.279296875
100.2754974 6669.4262695313
101.0716705 46136.88671875
101.9568787 6110.1538085938
102.0554199 14739.58203125
103.646431 5574.0341796875
110.0716705 56081.39453125
111.66745 5782.4731445313
112.0873871 12521.9853515625
113.0710907 42704.69921875
115.0502625 12869.3310546875
116.016243 8630.8271484375
120.0811539 24647.642578125
129.0662689 12841.7763671875
129.1025391 150286.28125
129.1116486 10846.08984375
130.0655365 12628.8046875
130.0862427 50212.16796875
133.0430145 63077.30859375
136.075882 48851.34375
141.0659485 85383.6875
143.1179504 82507.53125
147.113266 96656.78125
156.0764771 8570.708984375
158.0926666 163811.390625
159.0761414 10372.6494140625
160.0422974 6093.1860351563
169.0611572 74319.5078125
171.1130371 11437.171875
173.1289368 25173.095703125
175.1190338 65747.2734375
175.4742584 6509.4116210938
178.0533295 9441.3056640625
183.1138306 9910.0322265625
185.1656494 30027.533203125
186.0875549 203297.4375
187.0715942 9138.3134765625
187.0911255 7762.244140625
187.1442108 34735.22265625
195.0761261 11833.537109375
199.0724182 7084.7421875
199.1811066 45607.0703125
200.1031494 11403.013671875
201.1240234 54635.7109375
207.0886383 9973.3291015625
207.1120911 6676.330078125
212.102951 24710.427734375
213.087738 6551.7182617188
213.1597137 14776.591796875
215.1390991 12427.607421875
217.1353455 9795.0712890625
221.0931549 7471.4970703125
222.0892181 6556.5122070313
227.1767426 9362.1357421875
228.171875 6870.626953125
229.1171875 13622.240234375
230.1139221 29896.1328125
240.1343994 9433.3681640625
242.0766907 15120.3388671875
242.1513672 10145.138671875
243.1356354 7254.3359375
244.1665344 29639.93359375
246.1819153 30175.720703125
258.144928 15257.9912109375
266.0787354 7000.46875
272.1699524 12283.046875
275.0800171 11065.8720703125
283.1418152 13191.58203125
284.087738 28837.0625
284.1606445 8189.5419921875
285.1562195 7717.0668945313
293.1664124 7788.2250976563
299.1731567 7485.2109375
301.1161804 45947.7890625
301.1499023 8948.6181640625
302.1170959 7561.8354492188
311.1742249 9028.2197265625
314.1457214 10745.564453125
318.1211243 8487.1298828125
335.1471252 11894.0751953125
342.2021179 7777.0732421875
362.2065735 12494.6552734375
397.1835938 29986.666015625
414.1988831 9333.4423828125
415.193634 10404.16015625
446.2968445 30139.73046875
447.2997437 8908.3115234375
450.2483215 6591.8139648438
473.2375183 8037.0678710938
482.2210693 8241.2490234375
496.2554016 11512.609375
569.2434692 14055.2802734375
585.3598022 7272.3139648438
587.3739624 42948.4921875
587.8127441 63684.76171875
603.3418579 6776.5668945313
645.3908691 30381.00390625
646.3952026 10761.6064453125
658.3167725 8207.1748046875
700.37677 10161.22265625
727.7021484 6988.3891601563
729.2775269 8341.7939453125
759.432251 47115.109375
774.3985596 10274.9345703125
818.418396 7655.1401367188
843.3227539 14597.38671875
872.5055542 8017.8149414063
873.5209961 8665.7421875
882.4701538 8586.2958984375
987.5427856 31671.099609375
988.5406494 11635.6923828125
1003.338989 31622.666015625
1068.558594 24015.0078125
1069.560181 9646.7333984375
