869.365018886678 2
61.01145172 597874.6875
70.06586456 1046329.4375
72.08167267 369372.0625
74.06100464 118741.9921875
84.04505157 475345.875
84.08156586 1574295.625
86.0971756 4573345.5
87.05597687 186160.40625
101.0714569 345628.1875
104.0534668 3202154.5
112.0878525 117848.25
115.0872726 105166.2578125
117.6637573 84360.5
120.0658722 91083.1640625
120.0814896 138030.0
129.1025085 631632.875
130.0868988 304717.3125
130.2685547 82002.453125
131.1180878 533851.8125
136.0759125 3745253.25
137.079422 337296.9375
140.0713196 153959.71875
140.0820007 136398.109375
147.1132965 395877.09375
153.718811 88891.5703125
158.092804 152225.234375
161.0741882 107880.9765625
173.1289063 373877.0625
175.1191559 2077902.25
189.0697174 392041.5
193.0975037 325929.8125
195.0768127 91640.875
199.180542 90510.140625
215.138855 91081.34375
225.1246643 157189.109375
225.7288208 84942.3125
242.1503601 128034.5625
243.1352386 98042.40625
249.1587219 120584.1328125
254.1603088 165823.765625
255.1452332 429314.4375
257.1611328 204796.03125
258.1456299 313522.75
260.1961975 104433.0703125
267.1176453 112817.4296875
272.1719971 6888106.0
273.1754761 837737.5625
275.170929 157087.546875
278.417511 78889.4921875
289.6377258 82791.5859375
352.131897 397947.6875
369.2118835 106399.375
370.7189636 190005.34375
371.1918335 129500.8984375
388.2548218 137720.21875
419.2422791 130118.9375
436.3993835 106416.890625
501.2793579 197394.625
551.8271484 86981.2890625
593.3054199 364246.75
639.3334961 104026.34375
738.324585 143246.40625
