1542.85132232913 2
115.0875626 122432.921875
117.0738144 94180.84375
120.0811539 599532.25
122.9996567 91511.0078125
129.1027679 154255.40625
135.9713135 84061.109375
136.0755463 654824.3125
141.102356 103839.2421875
158.0929565 140141.921875
159.0766754 124219.9453125
162.5135345 97592.4765625
169.0973053 177318.0625
169.1341248 221879.15625
171.1128693 97239.1328125
175.1193237 554022.75
183.1495972 111994.7890625
187.0718536 383069.6875
199.1805878 1347845.0
211.1456451 344709.75
217.0825958 127837.703125
227.1751862 491778.875
229.1186676 446510.59375
233.1661835 135814.796875
235.1431427 119011.0625
255.1332855 90898.65625
265.0839539 108405.765625
265.1178589 180727.8125
266.1497803 105187.4921875
286.1402283 528838.875
300.155304 509451.71875
326.1813049 820154.75
327.1820679 101842.0
337.2256775 109020.3125
342.2026367 1274151.5
343.2077332 1129672.125
344.2094421 140583.125
362.132019 131387.71875
371.2310486 105874.0703125
396.2437134 115785.296875
399.2243958 559472.5
413.2409668 367059.125
427.2182922 131498.546875
539.3312988 2336100.5
540.3302612 626835.375
541.3294678 128378.453125
631.842041 385273.15625
632.3482666 423959.25
632.8427124 114175.6484375
652.4089966 588070.0
653.4154663 129539.2421875
815.4715576 687490.1875
816.4779053 212066.828125
916.526123 894449.0625
917.5217896 469409.34375
918.5357056 116863.2578125
955.4870605 557424.5
956.4894409 232372.09375
1031.549683 1660304.0
1032.55603 985347.25
1033.555664 137529.828125
1094.231445 119909.8203125
1130.601074 608811.6875
1131.598755 204569.0625
1262.647339 150943.15625
1316.666748 509023.25
1317.665039 514554.46875
1569.341919 126365.53125
