1150.42587765202 2
84.04499054 102365.0546875
84.06588745 6866.1982421875
84.08139038 182571.140625
86.0970459 101015.3046875
87.05592346 45653.47265625
88.0401001 58104.734375
92.02873993 9281.0087890625
101.0712662 32884.70703125
101.1075821 11269.046875
102.0554504 15862.787109375
102.0917511 12573.4775390625
104.0533905 10646.341796875
110.0716858 28961.025390625
129.0657501 10301.5
129.1023712 120233.5859375
130.0658264 26452.349609375
130.0864105 15526.7900390625
134.0448914 7537.8862304688
136.0760498 16638.98046875
140.7090607 7711.7241210938
147.1129761 46185.125
150.0555115 9561.7138671875
158.092514 10825.0068359375
159.075531 7754.8139648438
159.0913696 17038.939453125
170.0601654 7637.5493164063
172.6601868 8642.626953125
175.0535736 10311.265625
175.118988 51995.94140625
183.1118774 10003.197265625
185.0558929 9509.3349609375
187.1435089 8515.912109375
189.0508423 12069.9775390625
195.0760956 12606.2265625
200.0666962 7578.1059570313
209.0911255 7778.7099609375
210.0257874 15653.03515625
213.0499878 7587.43359375
213.1257782 8103.1958007813
214.0344849 13159.9677734375
217.0809631 7201.6401367188
226.0825806 9002.9482421875
226.1183014 42464.390625
231.0608521 46059.71875
244.1300964 17611.083984375
244.1653595 42320.23828125
248.0866547 9121.9443359375
252.0977631 13014.4619140625
258.1433411 8692.392578125
278.0765991 8177.01953125
302.1121216 28851.123046875
324.0808411 15178.8798828125
341.109436 13617.548828125
379.1463623 7752.4404296875
430.2053528 32672.5078125
468.2862854 9962.484375
545.2355347 26342.154296875
574.3049927 10316.30859375
575.3406372 50856.40234375
576.3081665 16512.455078125
660.2564087 40222.640625
757.2481689 9347.318359375
775.2989502 23412.193359375
776.2855835 9610.333984375
