1430.68271414747 2
101.071312 30259.265625
102.0560837 22584.376953125
104.0538254 21811.568359375
104.5251389 22893.00390625
110.0718307 1070087.0
111.0754776 25583.2421875
115.0875854 46299.8359375
120.0813293 50314.01953125
122.0712967 35390.40234375
129.0657806 25750.783203125
129.1031647 76926.046875
133.0439148 23687.234375
136.0760193 49062.23828125
147.1123199 43468.70703125
150.0670624 36440.5546875
155.0815125 27163.9375
158.0930786 51031.80078125
167.0931396 170464.5
173.1291656 24811.568359375
175.1193848 223149.125
179.8682251 27424.998046875
181.0976563 29181.7421875
183.1498871 47546.93359375
183.5284119 28098.640625
185.0917358 25277.64453125
195.0880585 663979.0
196.0908203 23679.341796875
201.122757 23655.4609375
215.1147614 20868.89453125
218.06073 25268.47265625
226.1172485 21937.947265625
235.0855865 26261.16015625
255.1465759 31518.310546875
258.1460266 23411.626953125
272.1720581 27929.486328125
289.1631775 30701.58203125
303.1500549 29573.322265625
312.1904602 23860.833984375
316.1602173 27466.71484375
324.1459045 291167.59375
333.188324 578543.75
334.1897583 42707.6640625
342.1553955 127301.1171875
343.1629028 20642.625
343.2080994 47338.3984375
357.1795044 25195.390625
365.1272888 36291.51953125
427.2205505 26969.69921875
448.214386 26714.666015625
476.7358398 142824.375
477.2378845 25819.33984375
502.190155 25408.09375
528.2694702 26712.375
549.2636719 46465.62890625
559.2069092 130789.203125
612.3870239 46590.53515625
644.2952271 191086.453125
645.2885132 34172.2421875
672.289917 216615.0625
673.2967529 78200.2109375
673.4033203 32348.685546875
706.8442383 40835.46875
707.3358154 41505.1171875
714.4734497 63555.19140625
715.4029541 204378.6875
715.8513184 197553.875
716.3962402 146783.421875
716.8490601 41407.79296875
742.3713989 36600.578125
759.4006958 595668.25
760.4024048 210099.359375
872.4856567 42852.171875
929.5010376 156685.5
930.5118408 43765.0625
947.9711914 30135.884765625
952.461731 49554.49609375
953.4855347 31548.19140625
1089.535522 220561.328125
1090.528687 123150.1640625
1236.597168 174459.78125
1237.589233 127154.359375
1293.629272 253711.9375
1294.621094 181031.96875
1295.625 47093.09765625
