2034.88333601231 2
147.1124115 14336.345703125
158.0932465 6578.7358398438
159.0764465 7241.443359375
159.091217 32701.314453125
168.5622101 5543.1513671875
169.0970917 6651.82421875
171.0765991 10502.9970703125
175.118866 14506.4599609375
181.0608673 11150.3994140625
186.0877686 13221.3486328125
189.0866547 51352.35546875
199.0710754 19440.59375
201.1239624 8046.0317382813
209.0555878 16668.640625
212.1021729 10065.1650390625
217.0811768 61284.59375
218.08638 6327.3432617188
226.0826569 70430.28125
239.1138763 52230.65234375
240.0979767 60399.8515625
241.0814667 15764.0732421875
242.1498108 14160.802734375
243.1087646 102760.8125
244.0918579 14639.7685546875
249.123703 7792.107421875
254.1498566 8395.9208984375
257.124054 29488.943359375
258.108429 36987.56640625
287.1437073 8402.8935546875
292.1282349 11445.4892578125
313.1151733 10847.705078125
314.1460266 17932.08203125
315.1470337 9955.7841796875
327.1332703 14222.65234375
329.1834717 12602.81640625
330.1392517 8436.7685546875
331.1251526 37149.58203125
333.1553955 11151.6513671875
333.1921082 64873.25390625
334.1976318 9672.3095703125
337.114502 33654.8203125
338.0978394 11586.2578125
339.1639404 8188.4829101563
348.1514893 15431.396484375
353.1850891 11478.61328125
354.1376648 8805.9013671875
355.1232605 59710.97265625
360.1967163 9985.1435546875
370.2094727 14296.09375
372.1517944 71928.6640625
379.1238708 9900.3818359375
405.1776428 9682.37890625
422.2056274 18005.431640625
441.1721191 10727.595703125
442.1574402 17474.21484375
443.2434692 58536.55859375
444.2260742 54539.25
445.2272034 13960.47265625
459.184845 36570.51171875
461.2524414 39754.25390625
474.2563782 41461.33984375
475.266449 8892.015625
484.1806946 11647.166015625
500.2260437 11648.3662109375
519.2227783 9485.3134765625
536.1668091 12343.3115234375
554.1786499 18328.056640625
570.2166138 12068.001953125
571.2032471 32992.66015625
571.3032227 10170.2939453125
572.2924805 11426.7294921875
575.987793 9385.6162109375
588.2314453 16985.9765625
589.3121948 14828.2255859375
594.2996826 61575.37890625
629.3091431 12067.3955078125
643.7805786 9109.94140625
646.3327637 112865.625
647.3310547 41966.578125
655.2599487 11947.619140625
660.2723389 12177.33203125
709.3239136 16127.111328125
718.2854614 11321.876953125
773.3961792 14765.7314453125
793.4072876 64815.69140625
812.5197144 10201.376953125
848.4562988 15005.2353515625
894.4458618 71440.3671875
895.4490967 45611.8359375
950.4730225 10950.9443359375
969.4296265 10749.0126953125
1009.479431 81926.6484375
1010.47644 47482.109375
1017.567932 36249.58203125
1018.572449 18466.16015625
1019.498474 61833.70703125
1021.511353 51041.45703125
1119.539063 17961.765625
1120.509521 78993.421875
1121.51355 55843.515625
1136.544434 41544.9765625
1137.531738 57214.15625
1138.525513 49403.24609375
1154.510986 12483.4833984375
1249.628052 25730.82421875
1250.639038 17660.712890625
1283.585571 16673.958984375
1300.596313 89334.9921875
1301.599609 51892.92578125
1302.612671 19638.705078125
1379.681274 11042.615234375
1447.671143 91399.140625
1448.661011 55314.19921875
1449.66626 18221.37890625
1507.702759 16686.859375
1577.709839 15374.7783203125
1578.716309 20341.841796875
1579.723755 15847.8916015625
1666.804321 13736.923828125
