1377.74820073845 3
101.071785 105413.3515625
102.0557938 103819.9609375
115.0876465 115839.2421875
126.0536499 56736.28515625
127.0503311 112664.859375
127.0873413 80088.5
129.1026459 415029.9375
130.0866852 131079.296875
141.1025391 133682.578125
143.0817719 84201.09375
144.0764618 63616.3203125
147.1134338 63619.79296875
155.0814819 89318.671875
155.6216431 56121.62890625
158.0932007 75597.3359375
163.5460358 54212.53515625
169.0974731 319937.5
175.1188507 130107.515625
180.6994324 57296.36328125
183.0780792 51052.41796875
184.6746216 62724.1953125
199.1083374 125496.421875
200.1034241 293743.5
200.5162506 56569.09765625
207.076767 86540.4453125
214.1183929 117711.234375
224.1034851 135992.25
227.1027069 116894.328125
238.1205444 89298.3828125
244.1660004 240604.09375
246.1559753 480523.53125
252.0980072 112333.953125
271.1416016 105333.328125
297.1556702 604871.3125
299.0617676 74945.1484375
303.8081665 67250.125
306.1798096 279115.40625
315.2022705 97011.828125
325.1500549 82163.1953125
340.1977539 75772.734375
342.1779785 106700.8046875
342.9526978 62463.26953125
365.6778259 67310.1328125
368.1935425 406660.375
374.6832275 243600.953125
375.1980286 143080.078125
396.1936646 70963.8359375
413.2152405 231785.25
514.298645 137066.125
522.2695923 620608.5
522.3397217 55868.98828125
523.2694092 137939.3125
611.3510742 625667.1875
612.354126 137909.8125
633.2958374 328123.5
634.2990723 87830.8203125
651.3103027 413347.40625
652.309082 128258.0703125
748.3607178 350054.03125
815.3640137 311686.03125
901.1368408 78964.1484375
1016.379639 64636.30078125
