946.54786859138 2
70.0659256 65330.90625
72.08166504 61721.08984375
73.41283417 5719.4760742188
76.49802399 5926.1083984375
84.04516602 114364.8828125
84.08168793 16200.5400390625
86.09709167 512558.4375
87.10041046 13472.3896484375
90.05550385 30580.046875
101.07164 73428.640625
102.0553818 10310.5791015625
103.054657 6987.6474609375
112.0874939 9455.806640625
120.0810928 384737.59375
121.0841751 7527.8154296875
129.0662537 11101.51171875
129.1021729 50336.0625
136.0764465 22806.26171875
143.1180267 39221.05859375
155.081955 11777.5009765625
157.0975647 8231.515625
158.0922089 15714.68359375
159.0920258 29748.662109375
162.0417175 7263.1860351563
163.0867157 173589.171875
165.103302 10840.908203125
169.1334534 11011.5888671875
171.1131744 39314.19921875
175.1193848 77131.3046875
187.107666 11118.5185546875
191.0815735 138516.3125
199.1806946 38386.4609375
200.102066 22374.619140625
201.0874329 38313.375
204.1348267 10592.0673828125
227.1759033 12293.6845703125
228.1340942 27093.80859375
231.1141205 11535.4599609375
233.1646423 46133.921875
239.1748657 10927.99609375
242.1497955 25452.23046875
243.1086578 7695.357421875
249.122406 9549.3076171875
261.160553 9295.7119140625
272.1346436 13299.2314453125
276.1361694 23621.212890625
283.1410828 9592.43359375
284.1942139 7146.9428710938
304.1656799 44752.1171875
313.2225952 13724.859375
348.1542053 7502.8662109375
417.2206421 36533.8515625
428.2589417 14710.3857421875
429.2637024 7201.7006835938
452.2529602 8176.2529296875
530.3054199 87080.3359375
531.3094482 14925.3310546875
575.3293457 26123.5390625
643.3897705 119771.3984375
644.3839111 32849.203125
756.4692993 28295.830078125
