1116.64398242211 2
84.04509735 48127.03125
84.0814743 45919.96875
86.09713745 1439654.5
87.10063171 36627.88671875
87.93489838 31193.7578125
98.02429962 37296.35546875
101.0716858 45351.67578125
102.055481 50662.953125
104.0532227 51859.12109375
111.0391006 27020.34375
120.0812836 298231.6875
129.1025238 52572.3046875
132.0811462 43267.1015625
133.0438385 42892.5390625
136.0759888 196492.28125
143.1182861 33190.875
146.3909607 30138.07421875
147.1135101 38123.59765625
157.1338196 43997.55078125
158.0922852 54513.90234375
159.092041 514615.4375
170.0598907 414102.3125
171.1141052 46413.6328125
173.1286316 51775.71875
175.1195374 216058.34375
185.1287231 44522.04296875
185.164978 760678.0
187.0871887 63934.6875
187.144043 57019.25
199.1806335 74039.859375
201.1238861 76085.3984375
204.113205 59822.8515625
207.1120148 34008.73828125
213.1598969 385318.875
215.138382 311679.0
227.1761017 60083.91015625
229.1551666 130175.71875
230.1587982 54005.015625
243.1335754 217835.03125
298.1221313 47528.9140625
326.2437439 44357.796875
353.3802795 30331.515625
356.2188721 67608.9609375
405.6409607 33164.9765625
406.1211548 31797.994140625
419.1671143 42252.2265625
421.5670166 30489.357421875
436.1974182 75227.3046875
549.2790527 199942.671875
550.2789307 39451.36328125
662.3626709 326500.59375
663.368103 126582.0234375
725.3654175 35705.375
746.8939209 36081.01171875
773.3886108 40103.93359375
791.4060059 352536.125
792.4082642 137693.328125
801.5195313 240927.890625
802.5194092 119133.2734375
904.4906006 324585.5
905.4865112 209219.3125
912.5435791 118398.453125
1018.558655 37625.7421875
1085.46582 42429.9140625
