1886.90729255278 2
130.0499878 1898.4237060547
130.0861511 3781.0654296875
136.0753174 14174.0166015625
141.1018524 1871.6525878906
146.0922394 5379.9194335938
147.0768433 2134.1420898438
147.1126862 5514.298828125
155.0818634 1978.3151855469
157.096817 2332.6591796875
163.5121307 1635.7425537109
167.0812531 1808.9534912109
169.0966187 2868.0786132813
172.5652008 2052.3305664063
175.118454 16462.66796875
181.0608368 2358.7429199219
183.1490173 2705.3408203125
186.1238556 2289.18359375
197.1286469 5803.4448242188
201.0860291 2982.5390625
201.1237488 5612.1069335938
211.1432953 2233.4047851563
212.1029816 2561.4230957031
213.087738 3598.4846191406
215.138916 4974.3452148438
217.0827484 2996.5515136719
226.0985107 1870.1711425781
226.118515 11626.75
227.1026611 4571.3955078125
228.1343384 10244.9150390625
229.0932922 2864.9243164063
229.1178589 2936.9348144531
239.1139221 10433.8486328125
240.0982056 18714.54296875
242.1490631 3488.3864746094
243.1339722 3196.8073730469
244.0944366 2302.6875
244.1287842 13431.7900390625
245.1307983 2730.2290039063
246.09021 1997.1020507813
257.1246643 13658.2998046875
265.119873 2621.0065917969
272.1238403 2124.3840332031
272.1695862 2844.8596191406
276.6677551 2348.21875
279.6845703 2693.35546875
285.2728271 2132.5466308594
288.2045593 2698.3137207031
298.1398926 5020.6440429688
302.1555786 2209.9558105469
310.1753845 3111.3391113281
325.1499329 4490.1899414063
325.1858521 2570.345703125
341.1832275 3112.1899414063
344.1538391 2274.0363769531
352.1989136 3071.2087402344
353.1823425 9058.2861328125
367.1987 11080.6787109375
395.101593 2384.4440917969
454.2667236 2799.1840820313
480.1952515 3113.2451171875
483.2940063 3045.0290527344
498.2406311 22601.349609375
549.253479 3462.5502929688
581.2670898 5171.8374023438
583.6499023 3165.5275878906
611.3237305 12623.923828125
654.3126221 3532.3684082031
682.3372192 3715.3955078125
724.4137573 5205.9140625
752.4153442 3500.8020019531
853.4508667 3677.8415527344
898.5524902 5217.5629882813
901.5383911 5838.2016601563
926.5061646 3246.541015625
927.5180664 3464.7380371094
936.4972534 3208.7475585938
943.5584106 25392.46484375
944.5412598 41397.625
945.5423584 19712.59765625
981.4185791 4086.9499511719
1045.559082 3674.8679199219
1071.558472 10368.2685546875
1072.5625 4381.927734375
1123.538818 13326.78125
1145.493774 4050.3522949219
1146.52771 3776.4855957031
1158.584961 14664.4140625
1236.630737 5060.96484375
1256.704712 3322.5192871094
1258.601807 3299.7893066406
1275.678101 3345.4272460938
1292.654419 4524.853515625
1293.654419 3662.8642578125
1403.694336 4209.7587890625
