2013.89609684893 3
141.1017303 37417.93359375
143.1177521 30203.8203125
147.1128998 67817.375
153.0653534 13214.2763671875
155.0816193 7444.4677734375
157.06073 11872.619140625
157.0971222 19342.93359375
157.133606 9935.3017578125
158.0919952 12823.240234375
159.0776825 10515.8818359375
159.0917664 168088.65625
160.094574 13556.3857421875
169.0596466 7856.3349609375
169.0971222 6296.9750976563
169.1329803 8942.1806640625
170.0598602 12530.1484375
170.0947723 6055.44921875
171.0767212 7237.4609375
171.1124268 11250.9296875
172.071991 9992.380859375
173.0919647 6816.8159179688
173.1288452 74181.625
175.0708923 12894.7900390625
175.1094513 5255.875
175.118988 84982.8046875
183.1123352 15758.939453125
183.1493073 10547.796875
185.0557251 14081.75390625
185.0922394 20086.802734375
185.1285095 6952.9790039063
185.1642609 9061.4482421875
186.1235657 9814.322265625
187.0717773 10239.1640625
187.0872192 19348.228515625
187.1075287 59287.63671875
187.1442108 130681.203125
191.1180115 14221.69921875
195.0765076 6888.9838867188
197.1275787 11874.8935546875
198.1246338 6306.2338867188
199.1074219 11023.3271484375
199.1806335 16218.6572265625
200.1399841 13952.6796875
201.0871735 13533.306640625
201.1237335 82099.296875
202.0828094 10517.7958984375
203.065918 9636.125
203.1199036 8433.0419921875
205.0969543 10124.4541015625
207.1126556 9361.4658203125
210.0804749 9291.181640625
211.1446381 8649.2939453125
212.1030579 8179.5341796875
214.1037292 6753.6728515625
214.1191406 114454.6484375
215.1020813 7514.544921875
215.1211243 10075.697265625
215.1391754 71499.234375
216.0973663 11861.8759765625
219.1137238 18692.78515625
219.149353 253280.328125
220.1524506 37559.58203125
226.118866 59846.671875
226.1548157 32168.4609375
227.1759949 14265.931640625
227.2366028 7421.3022460938
228.1343384 42726.546875
229.1182404 10570.2158203125
229.1555328 19591.71875
230.1150513 9270.111328125
231.0617523 9722.59375
233.1650848 20100.22265625
235.1070251 6369.724609375
235.1441956 8103.6733398438
242.1492767 8630.76171875
242.1885834 7303.8237304688
243.133255 8794.080078125
244.0734711 7958.5209960938
244.1655884 201091.203125
245.1686554 13052.4345703125
247.0752869 9797.830078125
247.1444092 249224.0625
248.1477814 44205.1953125
249.1608429 13066.9833984375
253.0944214 10311.04296875
257.1231079 7151.970703125
258.1090088 17169.78125
259.0350952 6660.8154296875
260.1103821 7865.7392578125
260.1389465 12507.8935546875
261.1604614 19499.857421875
262.0860901 34051.28125
263.1387329 9414.5166015625
267.1492615 33795.8515625
269.1235657 8649.0263671875
270.1242676 14744.5
270.1820374 9130.68359375
271.1072083 8708.8955078125
272.1757202 49193.31640625
274.1218567 13086.63671875
274.1878967 81914.2421875
274.215332 10494.541015625
276.0654602 36233.64453125
283.1420593 10017.7763671875
284.160614 8506.6787109375
285.1546326 12259.40234375
286.1038513 9115.380859375
288.135376 18918.9609375
295.1432495 18838.765625
296.1962585 14096.5185546875
300.1702881 33365.76171875
303.1328735 9683.541015625
304.1617737 10978.5087890625
311.1694336 8006.7373046875
314.2082214 9984.5537109375
315.1669312 8374.435546875
319.1387329 10789.88671875
325.1876831 12063.765625
327.2030334 18893.580078125
331.197937 145786.671875
332.1999207 41946.20703125
339.1670227 10376.880859375
340.1645203 16182.9619140625
341.219635 35229.75390625
342.223053 12532.8134765625
348.1532288 8115.654296875
354.1774902 15168.2880859375
360.2281189 49744.91796875
377.1118774 14458.61328125
377.18396 9929.9453125
384.1637573 8798.5546875
388.2036743 9562.236328125
389.2173157 10035.4619140625
390.1646423 15655.0556640625
391.0910034 85302.578125
392.0944824 10340.708984375
411.2282104 8676.4384765625
412.2591858 10988.162109375
457.2148743 13304.4453125
458.2297363 11865.041015625
462.1257324 11874.32421875
464.1944885 54292.7421875
476.2790527 10685.1533203125
486.2340088 10175.4931640625
492.1408997 61089.09375
499.2642212 16200.5380859375
508.2662048 10461.849609375
517.2797852 54025.9609375
546.3046875 17143.99609375
547.3095703 11965.693359375
550.2800903 8963.8349609375
563.1912231 19890.494140625
574.3011475 8431.814453125
577.281189 42559.03515625
597.2783203 10713.099609375
600.3118896 12319.759765625
605.3110962 14394.8447265625
613.3445435 69771.5703125
614.3461914 18301.82421875
616.347168 49113.0625
618.3258057 69770.1875
619.3248901 10938.74609375
628.4152222 64648.1484375
629.4274902 12602.900390625
633.3045654 16784.509765625
640.3324585 11654.125
650.3502197 16379.205078125
654.4025269 16523.732421875
670.4160767 13550.61328125
671.4242554 232987.734375
672.4289551 76590.5546875
678.2202148 15225.8896484375
688.3122559 14041.359375
705.3344116 66196.6796875
706.3432617 12711.296875
715.4101563 39861.4765625
728.3713379 33165.5234375
732.3692627 76861.296875
733.3753052 48892.9921875
754.4146729 13035.03125
802.3936157 13172.90625
810.4146118 39976.5390625
817.3755493 13893.5947265625
819.3968506 97477.9765625
820.4020386 44944.421875
828.49823 32915.125
833.3973999 43031.765625
834.4119873 11007.8798828125
841.444458 19418.95703125
842.4589844 13639.2265625
865.4107056 14026.8544921875
888.4273682 13013.6640625
889.4191895 17542.16015625
906.4341431 133090.15625
907.4400024 62626.5390625
918.4303589 14512.1953125
928.4925537 31374.2890625
929.5314941 59702.34375
930.4595947 49021.58984375
931.4522095 16582.810546875
977.4724121 33266.44921875
979.4825439 13060.7763671875
988.5272217 12455.8271484375
997.5421753 17363.466796875
1015.517212 155037.78125
1016.522278 66662.96875
1017.499939 53867.97265625
1018.481079 12595.978515625
1058.580566 40246.2578125
1059.588257 15644.3623046875
1075.476074 12259.646484375
1128.59668 31104.5
1129.624878 108092.8515625
1130.627808 55217.015625
1132.505737 30148.974609375
1189.535767 12168.9326171875
1207.095947 11897.51953125
1469.579468 12500.5830078125
1696.621582 11662.8720703125
