1254.54866432115 2
86.76196289 5007.1147460938
87.05156708 4312.431640625
87.05599976 44288.00390625
88.04046631 4703.8803710938
91.05492401 9158.9892578125
92.03505707 8900.806640625
92.07329559 4760.3920898438
99.05609894 5213.091796875
101.0715179 33808.4140625
102.055954 19917.19140625
105.0655823 5717.2548828125
110.0718765 29095.462890625
115.0868835 7799.4653320313
119.0489502 7354.0029296875
120.0817184 7036.3994140625
128.1074829 29386.2421875
129.0662994 19726.603515625
129.1026001 62743.3984375
130.0865021 24397.287109375
136.0758972 149620.640625
136.0854187 7771.8583984375
137.0791168 7572.9580078125
147.1128387 44374.6484375
155.0817108 8698.7373046875
157.0608368 9481.2294921875
158.093399 8065.1298828125
161.092453 5184.26953125
171.0760498 8315.1669921875
173.1288147 402015.59375
174.1318512 30359.16796875
175.0731354 5236.1650390625
175.1194153 30486.611328125
175.8356934 5312.0966796875
186.0880585 6098.673828125
189.0872345 8176.2241210938
192.1019592 79848.1796875
193.1063232 7814.2529296875
201.0866241 7280.8686523438
201.1236877 68049.71875
202.0839539 10683.4677734375
203.0662537 10921.1484375
204.134903 24354.703125
210.0259857 10497.4921875
210.0842133 4769.2216796875
211.0098267 21820.78125
226.120697 6692.0131835938
229.1189423 8910.8916015625
233.1283417 24094.669921875
237.1240234 56478.39453125
244.165802 30873.611328125
247.1084137 28471.7734375
258.1088562 9052.41015625
262.139679 10897.29296875
265.1192932 20995.83203125
268.0793152 5237.0048828125
301.1869202 33796.171875
311.1701965 5996.2534179688
314.1833496 6449.0512695313
315.1672668 22341.216796875
316.153717 9918.890625
317.1091919 5549.7836914063
327.1656494 19147.669921875
332.1933899 9876.220703125
334.1405945 29495.43359375
344.1925659 36588.9375
363.1878357 35461.68359375
376.1495972 37422.67578125
377.1535339 9691.802734375
387.1519165 7367.5458984375
403.2296448 25549.0546875
404.2328186 7442.9208984375
414.2070923 8050.1455078125
415.2319031 7414.8959960938
458.7460632 7292.8608398438
477.2010803 8478.0712890625
478.2150269 41033.94921875
574.2165527 7728.2661132813
592.2247314 40029.5703125
593.2247925 7667.9750976563
628.4223022 47039.17578125
629.2895508 9741.8466796875
642.2772217 6034.4799804688
661.3157959 21484.345703125
662.3110962 7492.0576171875
738.3322754 98180.234375
739.3362427 37006.6796875
772.350647 10409.2548828125
773.3363037 6443.0400390625
781.3796387 7434.2778320313
789.3693237 27243.791015625
790.3662109 6152.6328125
802.432251 7051.5078125
902.4556274 6099.84765625
939.4019775 18991.400390625
940.401062 7224.3520507813
942.4070435 9089.546875
972.4749146 6087.9658203125
989.484314 25777.6328125
990.489624 7893.072265625
1054.426025 37779.22265625
1055.435303 8652.01171875
1056.432983 6055.4819335938
