2176.05382679114 2
158.092041 7806.7534179688
159.0919037 75423.03125
170.0597534 35744.23046875
174.7337036 6164.455078125
175.1188049 47242.04296875
186.4912109 6322.158203125
193.8875885 6550.98046875
198.0873108 11178.4423828125
201.1226044 8820.080078125
214.0971985 16321.6591796875
216.0977631 18241.73828125
234.6204529 8039.9301757813
242.1505585 30904.60546875
243.1544952 10485.3271484375
256.1089172 8040.0854492188
277.1191101 8569.060546875
284.102417 62361.9765625
286.1396484 6966.9282226563
301.1291809 20009.84765625
302.132782 8963.7421875
313.1139526 16854.1953125
331.1247559 12906.11328125
355.2339172 19410.146484375
356.2335815 7802.859375
359.2383118 8595.4150390625
362.2063904 7310.5336914063
385.1534729 12570.31640625
385.2033081 10074.9228515625
414.1668091 13294.5927734375
430.2460022 18912.267578125
432.1741333 12645.7021484375
438.6350708 8238.8994140625
482.1682129 10529.8095703125
487.300415 154736.71875
488.3041992 19773.83203125
500.1766968 13956.40234375
528.2092285 9940.23046875
529.1991577 9932.154296875
597.1973267 10950.9716796875
602.328186 49988.671875
614.2234497 14053.7373046875
620.3049927 16569.328125
697.257019 14307.9140625
698.2470703 18094.763671875
715.2697754 13333.61328125
731.3721313 49534.68359375
732.3734131 11902.54296875
783.3380127 12664.8349609375
830.4345093 41017.1171875
831.4428101 35208.484375
931.4822388 120249.171875
932.4924316 54150.22265625
933.5008545 11289.8046875
1044.584351 89766.953125
1045.578979 69446.25
1046.576904 39629.9375
1087.61499 39571.24609375
1088.60022 79031.921875
1089.578857 77632.890625
1173.617188 65676.0625
1174.610962 51680.8828125
1274.663818 55398.8984375
1275.667603 48680.33984375
1313.66333 44601.453125
1314.690552 32460.916015625
1331.681274 299002.40625
1332.687744 236370.0625
1333.69104 81478.28125
1444.769165 130689.6953125
1445.753052 90190.2109375
1446.761841 18090.37109375
1527.838501 11300.2392578125
1545.81897 57997.21875
1546.817505 38242.8671875
1547.817871 14279.86328125
1659.854248 13885.984375
1660.873535 17514.421875
1774.858032 16957.529296875
1876.935913 19572.5703125
