1425.670124 2
101.0716782 3152.0153808594
102.0556564 7978.6069335938
110.0720825 3323.8713378906
112.0870895 2941.5954589844
116.071312 1696.8616943359
129.0658569 2281.8757324219
129.1026459 8375.541015625
129.711319 1971.3756103516
130.0865784 2403.5317382813
136.0757446 4715.7153320313
136.4519348 1876.482421875
147.1132202 3586.0102539063
147.4456635 1973.4512939453
158.0926666 7225.3754882813
175.1195221 22802.0078125
182.1286163 8577.3583984375
182.5712891 1825.9431152344
183.1134033 12152.7333984375
195.0761414 2721.8605957031
198.1512604 2133.4326171875
200.1396027 8127.4526367188
203.5083618 1929.8006591797
211.1073151 2158.7065429688
213.0866699 2778.9067382813
218.1505432 3671.123046875
228.1333313 1878.9072265625
229.1201172 2738.4423828125
231.0976257 12168.7373046875
240.0972595 1920.4324951172
241.0816193 15233.4609375
243.1338806 3990.9650878906
259.0924988 16837.615234375
262.120575 2948.853515625
270.1085815 1984.6827392578
287.1355591 3390.32421875
290.1458435 3319.3598632813
296.1266479 2407.2214355469
301.2358093 1864.7113037109
303.1788025 4204.5771484375
312.1183167 2262.3552246094
325.1499329 3234.76953125
326.5608215 2378.5888671875
354.1653442 2966.4204101563
400.2306519 3290.9697265625
427.1903992 12472.28515625
440.2310181 3695.0900878906
490.0467834 2230.5209960938
547.2658691 2563.2795410156
598.1453247 2508.2182617188
639.3295288 2396.2561035156
648.3122559 7334.8603515625
670.2978516 3028.0290527344
671.3479004 27193.66796875
687.8797607 2474.2338867188
691.2984009 10893.3818359375
696.3205566 2307.1806640625
697.324707 14947.064453125
708.7705688 2237.7270507813
712.3190308 9924.6396484375
713.3355713 54153.72265625
714.3485107 66058.9921875
726.3635864 7722.49609375
727.3664551 2435.7097167969
806.3126831 3197.4765625
810.4088135 8978.0927734375
811.4063721 3420.0053710938
903.3433228 2510.01171875
920.3688965 2792.763671875
925.4504395 7847.7470703125
1011.472534 2683.4353027344
1012.498047 2470.5649414063
1054.49353 4468.693359375
1198.468262 3292.0915527344
