2069.92795909277 2
147.1125641 78495.0
159.0915222 66551.5234375
160.3490906 9558.029296875
169.0973053 114990.8203125
169.133194 62688.9375
175.1189117 11289.6904296875
197.1285095 52476.5
226.1555328 75969.7734375
244.1404266 13999.6435546875
244.1656647 331447.875
245.168869 23621.109375
250.1548767 49947.1796875
268.165741 104674.1875
269.1701355 16112.837890625
298.1200562 17534.443359375
325.1871643 14877.5595703125
339.2026062 23915.07421875
342.2121582 11911.736328125
394.1225891 22622.814453125
408.2242737 23937.990234375
417.1413879 51947.15625
426.2386169 19012.998046875
452.1602783 21935.6171875
523.1954956 14316.8271484375
528.1798706 15730.8349609375
573.8036499 15636.443359375
587.8540039 16773.42578125
653.2717896 18347.5703125
653.8881836 16854.052734375
802.3492432 18966.212890625
862.3591309 16051.1220703125
922.4326172 24697.908203125
923.4423828 16245.23828125
948.4205322 22205.841796875
971.484375 18475.90625
1035.616455 161801.265625
1036.611816 130753.484375
1037.616699 21289.328125
1122.512207 21928.705078125
1148.498779 47157.2109375
1229.59668 20689.9296875
1414.627197 20509.365234375
1565.632324 18665.5546875
1732.716553 27244.650390625
