1542.78739824182 2
110.5735321 4466.0166015625
120.0810776 4721.5732421875
129.1028442 6581.388671875
136.0759583 9921.9599609375
140.0711365 5564.4790039063
141.0659027 5046.810546875
158.0924683 7493.4741210938
175.1199646 39694.10546875
185.0910187 5064.2416992188
186.0876923 24575.73828125
208.7680206 4517.4379882813
213.0875702 7755.2421875
231.0537109 4495.818359375
249.1618195 6501.0541992188
257.1236267 18376.654296875
266.1162109 4660.4130859375
277.1549988 5686.9692382813
284.1239319 5488.482421875
286.1521606 5060.646484375
353.1444397 8830.193359375
383.2030945 8386.8486328125
398.1672058 22254.958984375
398.6899414 5277.3623046875
399.1549072 8308.4326171875
400.2288208 35097.05859375
469.2038574 41931.54296875
470.1977234 10507.0361328125
487.2134705 20482.900390625
501.2727966 9606.1220703125
546.2702637 11022.052734375
629.336731 10315.798828125
662.1477051 5830.416015625
757.3929443 21683.080078125
770.3739624 121680.3671875
771.3781738 105232.6171875
772.4359131 29344.7265625
844.4318237 69205.7421875
845.4310303 34424.16796875
846.411377 5137.3911132813
904.9537354 5406.5966796875
943.4950562 118131.609375
944.4963379 58143.33984375
945.4867554 6715.923828125
1056.579712 44438.4765625
1057.571411 28770.703125
1127.619629 6817.8237304688
1128.602173 7192.8017578125
