3137.53663085553 3
215.139267 56081.8359375
228.1352539 24294.525390625
230.1141663 17039.337890625
242.1137695 20073.79296875
246.402359 10938.658203125
247.1098175 11885.955078125
268.1651001 17737.99609375
278.1526794 13556.2001953125
282.1824646 14135.8134765625
283.1433105 47349.703125
283.177124 49699.27734375
292.1302185 119114.0703125
296.1254578 30235.126953125
296.1610107 13574.6103515625
298.1765747 16715.208984375
300.1179199 19384.896484375
302.4198303 12373.4296875
311.1733093 65895.0078125
314.1360474 57583.07421875
314.2107544 17004.892578125
315.1698914 13704.6064453125
318.1252136 19290.830078125
325.1864929 12858.28125
327.2041931 30250.03125
330.1468506 15906.9365234375
335.1492615 95238.9609375
347.1023865 16456.94140625
348.1573792 15914.1328125
354.1785278 20124.97265625
355.199646 27340.90625
360.1923218 21113.5625
365.143219 24233.94140625
365.1832886 26346.328125
369.2139893 15626.75390625
375.1665344 18092.140625
377.2198792 19777.24609375
383.1579895 65273.23828125
392.1781006 13459.3740234375
393.1787415 19417.9296875
401.1683655 15524.6376953125
405.211853 17979.92578125
406.2151489 12981.70703125
410.2418213 18033.87109375
423.4259338 13055.921875
431.2054749 15201.7080078125
438.2010803 18610.763671875
441.2244873 14437.599609375
448.2365112 95829.7890625
449.2366028 22456.55859375
454.2685242 25604.712890625
455.2273254 27616.3046875
460.2568665 24293.8359375
468.2449951 15628.541015625
469.2401123 13940.3984375
472.2772522 24948.78515625
473.2384644 24642.439453125
486.2561646 21651.59375
488.2533569 58334.51953125
489.2657166 14615.5
496.2408447 27919.916015625
497.2526855 19442.052734375
502.4823914 15257.05078125
506.2633362 30837.64453125
514.2589722 17962.208984375
515.2587891 15966.5478515625
523.2809448 16964.6015625
551.28125 54830.11328125
568.3043213 102022.28125
569.3006592 56220.34765625
576.2932739 63881.61328125
583.2762451 61577.09765625
586.3220215 107306.765625
587.3222046 17278.08203125
627.3363647 19027.59375
628.3460693 30273.421875
633.3135376 230302.53125
634.3183594 87681.109375
651.3521118 22623.056640625
667.383667 22057.048828125
668.3694458 29869.349609375
679.3302612 51789.27734375
684.3674927 15411.9150390625
685.3879395 77969.046875
686.3909912 30108.9375
694.8616943 68410.21875
695.3564453 99715.9375
695.8632813 28701.970703125
696.3585205 73163.84375
696.8681641 22446.396484375
697.3400269 21093.75390625
714.3693848 52043.78125
766.4351196 16327.0380859375
768.4180908 18488.34765625
779.394165 26298.15625
780.3863525 175018.109375
781.3921509 103946.6171875
782.4035645 54474.8046875
783.397522 20522.34375
793.4277344 23957.55078125
799.4353027 55256.0234375
810.4055176 22422.486328125
827.4487915 22045.216796875
867.4575195 20727.837890625
881.4337158 81566.75
883.4564209 18899.158203125
895.4954224 56708.6640625
912.5272827 106093.7578125
913.5151367 45596.7890625
921.4313354 20459.12109375
938.4550171 319886.4375
939.4647217 144480.1875
940.4596558 73440.8125
942.4713135 29973.666015625
999.5455933 19852.154296875
1021.527283 25687.58203125
1022.540039 22792.8125
1045.536865 21543.73828125
1067.496338 69262.03125
1068.508179 59518.68359375
1078.550171 65479.29296875
1079.560547 59831.7890625
1080.544189 20727.146484375
1081.551636 19055.169921875
1111.562744 26595.904296875
1112.578857 20621.009765625
1124.515991 195759.703125
1125.519653 90228.96875
1126.5271 22292.818359375
1267.540649 20397.0234375
1284.545288 205266.5625
1285.55603 162406.125
1286.558228 62061.3828125
1287.556519 18517.76953125
1292.646851 19089.62109375
1385.211182 26170.654296875
1388.714722 273142.59375
1389.718018 228997.65625
1390.716797 121073.921875
1391.716919 71833.2890625
1399.57251 314684.25
1400.571411 186726.65625
1401.592285 89902.2109375
1494.652466 21967.568359375
1495.674194 19652.94140625
1512.661865 222888.15625
1513.657349 151847.265625
1514.663086 97886.25
1584.835571 73152.9375
1585.831055 100516.53125
1586.822998 47724.41015625
1625.754883 99458.359375
1626.748657 102358.8828125
1627.743286 26110.21875
1687.868286 19613.537109375
3083.341309 21456.400390625
