1189.54932543283 2
83.06116486 8349.994140625
84.04512787 27461.60546875
84.08154297 37377.80859375
85.01235962 2060.0185546875
86.09712982 42893.671875
87.05604553 3740.6926269531
88.0401001 3997.1650390625
101.0716858 11924.66015625
102.0555573 24262.9453125
102.0915527 3167.0891113281
110.0716095 18476.4765625
112.0871124 2508.8076171875
115.0871429 2885.7038574219
116.0715637 3559.7170410156
120.0809402 24826.310546875
129.0661926 4698.0146484375
129.1024475 39749.13671875
130.086792 18490.75
130.0957947 2286.4619140625
131.1184235 10463.529296875
133.0433655 9933.0146484375
136.0618134 16447.5703125
136.0759735 23321.52734375
137.0795135 2276.0673828125
141.0661011 2829.1540527344
143.1179352 14952.642578125
144.054184 1824.4051513672
145.0609436 2990.888671875
147.1130829 25546.869140625
157.09758 2437.1760253906
158.0921478 3159.9392089844
160.0427551 4299.6303710938
171.0757904 2372.2412109375
171.1134644 4255.4375
173.0557251 2704.2336425781
175.1196289 20001.271484375
178.053421 18139.08203125
180.1128082 3130.302734375
181.0968781 6906.1704101563
185.0564728 3994.88671875
185.0926514 2635.5581054688
199.1098022 2737.9384765625
201.1235504 2524.1875
205.7731781 2136.2121582031
208.1083069 19393.4453125
209.0917511 3661.0192871094
210.0254669 4678.4814453125
212.1030426 2523.1796875
215.139389 3849.7048339844
216.0991058 2156.43359375
225.1242676 2472.56640625
226.082428 3857.0837402344
227.1033478 3027.3332519531
230.0787048 3492.1120605469
240.1340942 2498.8728027344
243.108963 2567.5185546875
247.1064606 2842.4870605469
248.1634064 2417.6647949219
249.1620941 2635.8510742188
252.0373383 3359.0961914063
255.1459503 4189.6684570313
258.1454163 3130.6462402344
272.1721802 9577.7373046875
274.1881409 4482.8090820313
275.1699829 2482.2641601563
276.1567383 2889.3471679688
280.0932007 2384.5126953125
293.155304 6386.2509765625
303.1784973 2109.2321777344
330.112793 2607.373046875
338.1344299 9044.009765625
342.1747742 2689.5520019531
348.2255249 2663.2973632813
357.065979 2505.5173339844
359.2029724 4865.3266601563
433.8703003 2229.7707519531
435.2387695 3092.9968261719
484.2024536 1990.9102783203
487.2870483 2360.681640625
488.2475586 2374.6711425781
585.3071289 18865.517578125
586.2746582 24048.869140625
586.7746582 9864.3251953125
587.2797852 3157.4663085938
594.3672485 7600.4404296875
595.3079224 4850.0458984375
596.3590088 3585.5297851563
672.324646 12804.1044921875
673.3343506 2841.9614257813
690.4487305 2432.8610839844
745.2694702 3866.6701660156
835.3882446 7668.9633789063
945.4656372 7062.3803710938
946.4656982 4522.0
947.4332275 2901.8464355469
964.4334106 8107.1850585938
965.4358521 3982.6005859375
966.1472778 2865.8884277344
1019.335938 4489.61328125
1041.541748 2425.3295898438
