1815.972924 2
127.0873108 5079.9140625
129.1024017 16959.947265625
135.259552 5766.8984375
136.0749207 5160.01953125
138.0543671 7468.3930664063
141.1017303 12868.234375
143.168457 5042.8588867188
145.4920654 5084.4111328125
155.0803528 6302.57421875
169.0968475 18329.744140625
169.1350403 5814.1298828125
171.1126099 6806.419921875
175.1187286 32797.88671875
183.1486053 6997.9721679688
185.1642761 7527.8818359375
200.1400604 7990.6923828125
201.1238251 15120.890625
224.2877502 6421.013671875
227.1032257 13178.57421875
228.1331635 9756.3505859375
229.1184235 50914.7890625
252.0981445 13707.0107421875
268.1643982 16112.923828125
269.1248474 18168.994140625
286.1399841 7038.8388671875
313.1635437 8087.0947265625
315.204895 24024.4375
337.189209 16741.64453125
354.2145691 10394.1865234375
355.1613464 17486.009765625
365.1837463 16722.263671875
382.210083 13484.79296875
397.2089233 7887.2475585938
485.3120422 10286.267578125
511.2597046 13026.6806640625
523.2693481 8735.91796875
539.321106 8315.73046875
580.3043823 11534.6767578125
692.3220215 14084.0810546875
702.3762207 32630.189453125
763.3703613 16878.619140625
815.4643555 14736.1337890625
825.2368164 9504.541015625
834.3902588 11162.82421875
836.8601685 10406.3701171875
837.4644165 11187.7646484375
864.4552612 12982.484375
892.4595947 13092.640625
907.4685059 14138.1748046875
909.453186 11228.1669921875
921.4240112 76181.1640625
922.4248657 10609.6083984375
936.545166 10209.96484375
963.7341919 9786.2119140625
1034.512573 30078.36328125
1135.622803 35181.6875
1163.929199 11615.8544921875
1206.664551 63587.53125
1207.652832 16388.25390625
1305.727417 19278.869140625
1388.665161 53015.68359375
1475.715332 14763.8701171875
1531.746338 13331.2666015625
1568.342896 10453.85546875
