2539.22487586718 3
175.118866 72631.7109375
181.0254822 10174.62890625
183.1126862 13451.0595703125
185.0697174 10524.3896484375
187.0720215 15934.3212890625
201.1241455 23888.8984375
205.0986328 11555.466796875
233.1283417 128881.9140625
249.6112976 13695.375
251.1507874 20013.84765625
261.1242676 111251.1796875
266.1618347 72584.0546875
274.1184998 22744.791015625
276.1671143 125507.9609375
296.1066589 62890.15625
322.1887817 25136.310546875
323.1824646 14989.7080078125
332.1617737 60153.30859375
341.1496887 16871.27734375
353.5884705 13581.646484375
359.1397095 13579.0029296875
381.1229553 56233.2109375
417.2501831 35321.90234375
419.2435303 16628.248046875
425.2112427 16755.240234375
433.7150269 19173.65625
450.2830505 14392.1708984375
462.23172 148793.46875
472.2507935 15317.818359375
487.2628174 62688.578125
508.2705994 19671.634765625
535.270813 15814.2041015625
547.3375244 35291.8203125
554.3140259 25451.2734375
557.2793579 17461.861328125
565.7817383 24527.51953125
566.2850342 19102.55859375
566.7886353 21671.404296875
582.3059692 32182.61328125
584.2353516 23093.91015625
591.2714844 127606.6484375
592.27771 23692.8515625
638.8087158 20878.3203125
647.319397 82206.6484375
647.8222046 30239.21484375
690.352417 22739.998046875
704.3555908 160765.734375
705.3610229 33120.35546875
710.4005127 26137.58984375
761.3706665 19549.537109375
775.3986206 110480.6875
776.4064331 20887.9296875
828.4397583 89808.59375
829.4400024 34716.31640625
832.4160767 453857.5625
833.4210205 232878.890625
846.411377 75874.5859375
847.4504395 70239.4609375
848.4892578 25002.16796875
849.3875732 69931.5859375
902.5093994 20550.62890625
980.4543457 25602.103515625
1018.500122 306514.1875
1019.501099 150065.625
1068.493408 31375.0078125
1069.510498 21425.580078125
1078.486572 18881.224609375
1133.529419 248092.390625
1134.524536 136233.03125
1135.5271 64335.5546875
1167.569824 20452.013671875
1186.647217 22589.619140625
1202.586426 62173.8515625
1203.599243 107833.3515625
1204.607666 28090.572265625
1246.617065 77193.6484375
1247.604736 63343.7734375
1361.623413 57430.9296875
1362.666748 28376.6328125
1363.642578 22654.509765625
1464.751709 22661.306640625
1743.729492 21931.96484375
1829.835449 26348.892578125
1830.827759 60938.0703125
2412.233887 23543.982421875
