964.504724 2
69.07077789 71475.8828125
70.06604767 482484.96875
72.081604 290924.875
83.0610733 69757.84375
84.04499054 238119.9375
84.08150482 99351.9375
86.09714508 2545147.75
87.05594635 56717.85546875
87.10049438 76554.671875
91.05504608 59210.28515625
101.0713577 205298.40625
102.2403183 48920.0546875
104.0531693 96343.0234375
110.0718918 62418.78125
112.0872574 79471.390625
113.0716095 49264.7421875
115.0869293 201963.359375
120.0811462 2037690.75
121.0843964 209604.328125
126.59729 42910.3515625
128.50177 39803.37890625
129.1023865 178537.765625
130.0866852 44648.5
131.0816345 60027.09765625
131.1184845 84118.96875
136.0760193 426443.15625
138.0918274 44926.4140625
141.0658264 58064.32421875
143.0822601 49583.34765625
147.1134491 80983.8984375
148.0761871 69144.7734375
158.0922699 95424.9375
159.0768738 237901.203125
159.092453 54562.26171875
173.1289063 262151.0625
175.0867615 65963.734375
175.1186371 644178.6875
193.0974121 299924.59375
199.180954 101535.8515625
200.1397552 195776.6875
201.1232147 173348.53125
201.5162354 41152.6171875
217.097168 344041.59375
217.1357422 70619.46875
226.4281616 51759.890625
227.1734619 45650.5703125
232.1407623 76457.75
242.1496582 207808.5625
245.0919189 102047.0
249.1592865 84164.7578125
254.150177 55900.75390625
262.1188965 546260.8125
263.1220398 66707.8125
266.4332275 45266.91015625
271.1776733 61872.78125
288.2030945 75888.09375
330.181488 160254.515625
331.2083435 178079.546875
338.2054443 64281.55859375
387.2019653 46534.953125
401.2868652 64595.890625
413.2165833 83444.0234375
459.2687683 337017.28125
460.269989 47643.6796875
489.2323608 51918.08984375
518.3143921 81685.8828125
522.612915 52902.12109375
564.3497314 342176.78125
565.3562622 101727.515625
590.3065796 377954.25
591.3085938 197348.046875
675.3738403 97498.4375
692.4037476 221054.953125
693.4106445 82492.8515625
703.3890381 283903.90625
704.3942871 82739.3515625
805.4862671 68617.6328125
817.4302368 77347.984375
893.520813 58674.2734375
