1380.84687454792 2
101.0715408 96039.1484375
102.0558014 29523.85546875
104.0532455 33285.1171875
110.071579 45009.125
116.703804 30306.505859375
120.0811081 278061.40625
121.0843658 41075.8203125
126.0551682 32628.009765625
129.0663147 107401.0859375
129.1023865 162842.5
130.0863495 61151.91015625
132.2608337 25332.869140625
136.0761566 264816.34375
147.1129913 144788.890625
157.0972595 35954.61328125
157.1340027 41997.9453125
159.0789032 29027.029296875
159.0912933 194553.234375
171.1134796 60432.16796875
175.1193237 158929.59375
181.0619202 38716.52734375
183.1136627 28777.50390625
185.1283569 52281.578125
185.1648102 620023.875
186.1698303 40409.67578125
187.0719452 36373.88671875
187.0877686 29293.458984375
187.1081085 53565.41015625
187.1443787 56230.3828125
187.2881775 28003.052734375
197.128479 50362.66796875
199.1801758 39193.2578125
201.122879 54992.6640625
202.0821381 38443.65234375
207.1131134 32049.978515625
212.1033478 117251.7734375
213.06987 28652.8203125
213.0866699 192923.46875
213.159668 301285.9375
214.1198425 31163.6875
214.15802 30376.96484375
215.139801 67765.0625
216.0980072 39094.1796875
219.1507568 29062.384765625
219.5160217 27256.080078125
227.1752625 115402.5859375
229.0934753 49231.95703125
229.1195374 37588.7265625
230.1134644 127199.0546875
239.1758728 29458.966796875
240.0977478 38205.77734375
242.1501007 117839.9453125
243.1343384 47352.46484375
244.1419373 29866.67578125
244.1659698 133848.640625
257.1611938 133027.296875
258.1448975 180291.5625
260.1966248 50181.43359375
261.1621094 35189.89453125
270.1820374 283613.4375
270.2077332 37492.32421875
275.1713867 127282.96875
279.6990967 25974.712890625
296.1984863 38602.6484375
297.1921692 59596.07421875
298.1769409 48401.10546875
302.1095276 28851.2109375
313.2232056 43965.609375
325.1886902 188160.75
326.1700439 440780.71875
327.1737366 56563.984375
343.1977539 113744.4296875
352.2001038 26201.689453125
359.133606 43091.515625
359.2651062 36856.5625
367.2339783 48866.94140625
369.2241821 138239.03125
388.2553711 103317.875
410.2753906 35043.75
411.2583008 142580.125
424.2562866 38699.83203125
428.2900085 36219.87109375
438.2690125 51391.828125
439.2550354 139942.5
456.2825623 110773.9296875
501.3392944 132065.75
502.3457947 36932.06640625
537.3406372 33679.8125
543.3173828 48849.7734375
552.3392944 52736.33203125
567.3096924 35071.5078125
568.3121948 37758.5
599.3444214 28312.01953125
616.3643188 35910.46875
651.3416138 59150.11328125
660.3779297 114686.0703125
713.4190063 577711.9375
714.4178467 175057.875
715.4158325 56795.67578125
826.5042114 207772.765625
827.5057983 50158.6796875
919.5145874 30906.46875
930.425415 39540.4296875
1040.62085 98204.796875
1054.092285 30322.04296875
1056.518799 42741.94140625
1168.678467 106926.7578125
1169.694336 52625.91015625
