2182.12135103992 2
155.0809631 3951.8051757813
157.0969543 2742.1772460938
159.076355 1911.3753662109
159.0911255 1544.2406005859
167.0811157 3885.9577636719
169.096817 7600.8427734375
171.0760651 1391.4506835938
171.112442 3318.0517578125
172.1069489 1400.9932861328
173.0916901 1409.8624267578
175.0901184 3444.1049804688
175.1186523 10264.9833984375
181.0602112 3491.3227539063
183.0762024 2357.6066894531
183.1131592 1930.0555419922
183.1490173 7503.5932617188
184.1074371 2150.3957519531
185.0914154 3738.9301757813
186.1237793 2197.9206542969
187.1077728 3257.9279785156
187.1440277 1955.8441162109
189.0984192 1557.9354248047
197.128891 3858.2087402344
198.0870819 2551.4289550781
199.0708923 1982.5078125
199.1078796 2637.7419433594
199.1796265 1427.5720214844
200.1025238 16834.5546875
201.0866089 1773.6499023438
201.1235962 2429.2385253906
203.0851135 7292.4262695313
204.1343689 8903.572265625
207.113205 1615.9797363281
210.0797272 2127.2321777344
211.1441498 8392.7109375
212.1044769 4663.955078125
213.0867462 1915.2900390625
214.1197052 1941.3237304688
215.1385956 2688.4462890625
216.0983124 30508.53125
216.1337128 3067.2770996094
217.1014862 2353.5446777344
220.1097565 1807.6021728516
223.6664734 1362.2583007813
226.0816803 2340.1188964844
226.1183929 3002.4802246094
227.1021423 6813.802734375
227.1752472 1499.5684814453
228.1345673 8518.009765625
232.1123962 1468.2739257813
234.1446075 13803.54296875
238.1194458 1774.5372314453
240.1331635 1964.9267578125
241.0643158 1819.3814697266
241.0926208 1444.0408935547
242.1143341 2090.0168457031
242.1497955 3432.5866699219
244.0926971 1708.0694580078
244.1302338 1997.5073242188
246.1257782 1618.7211914063
247.1076813 2793.591796875
254.1499939 1998.43359375
256.1284485 1503.7725830078
259.0921326 1976.6844482422
260.1060486 7429.5390625
264.1343689 3017.4797363281
268.131012 1475.6359863281
268.1647034 1952.5706787109
269.1257019 2009.0109863281
270.1448364 2569.7529296875
271.1412964 2316.6823730469
271.1763611 2643.47265625
277.1188965 3697.5083007813
280.1294861 1548.7318115234
280.1668091 1456.0484619141
283.143158 9199.615234375
283.1755066 2245.8991699219
284.1238708 15430.5
284.1523743 1822.6011962891
286.1769409 2816.92578125
287.1364746 1866.7130126953
288.2027588 2620.5539550781
292.1303406 2731.0952148438
294.1514282 2448.40234375
294.1806641 20815.6484375
297.1555481 30313.8046875
297.1867065 2460.3718261719
299.1717529 3548.7092285156
301.1525879 3642.9152832031
301.1862488 36414.43359375
302.1555481 3220.8046875
302.1904297 3249.0139160156
305.182312 12976.7001953125
311.137085 3111.3295898438
311.1711121 3044.8486328125
312.101532 2518.8833007813
312.1912231 18431.251953125
313.1902161 2589.1591796875
314.1176453 7191.5747070313
315.1311646 2521.2595214844
315.1658325 25654.3125
316.1699829 2426.4318847656
318.144928 2384.2351074219
323.1722107 2110.2348632813
325.1503296 2833.8635253906
325.1853027 1931.8845214844
329.1298218 3309.841796875
331.1435242 26084.361328125
332.1037903 2366.59765625
332.1445923 1723.8344726563
339.2025757 2426.4697265625
341.1453857 10654.1962890625
341.1824341 2566.8845214844
341.2184753 2016.5758056641
347.1387939 17287.724609375
348.14505 1775.2797851563
350.9076233 2032.98828125
354.1781006 7567.4213867188
355.1967163 1935.2309570313
355.2324219 1940.0451660156
357.2114563 3218.8876953125
358.2121582 1838.1391601563
361.1903076 2075.1057128906
363.166687 7560.072265625
368.194397 2381.1462402344
370.1070862 12261.0849609375
370.2084961 11810.658203125
374.1699524 2942.9892578125
376.2205505 6613.658203125
378.1265259 2494.3537597656
382.2101135 2295.5783691406
386.2015381 3912.2788085938
388.217041 8123.4731445313
400.1674805 9709.3251953125
401.1864929 2089.5363769531
405.2133484 3939.044921875
407.265625 7197.8427734375
418.1722717 15723.9970703125
422.1707764 2303.1169433594
423.2223511 5893.794921875
425.2761841 9785.541015625
426.2787476 2537.7094726563
428.1577759 3270.3752441406
433.241333 39274.60546875
434.2427673 12885.9755859375
438.2700195 2636.2297363281
439.1950073 2020.0065917969
440.1885681 3389.2048339844
441.1436157 12139.244140625
441.1956787 2654.1721191406
441.2471313 4220.8037109375
442.1765137 2425.7922363281
445.184906 3585.0981445313
446.20578 8094.0454101563
459.2031555 2364.2890625
466.2186279 2154.7905273438
469.2456665 6749.2763671875
478.307373 3350.5463867188
479.2263184 4158.5688476563
489.2501526 2365.2827148438
494.2133179 2361.8562011719
496.3113708 18165.607421875
497.2337036 5574.1162109375
499.2366943 4081.6164550781
517.2456055 13951.6455078125
518.3052368 3004.9689941406
528.2219238 2575.2607421875
532.3109131 35126.94921875
533.3123779 6442.7109375
546.2353516 3776.9724121094
549.3424072 6753.9370117188
550.2392578 2280.3757324219
550.3461914 2827.853515625
554.2283936 3757.3088378906
564.2443237 3159.1616210938
567.352478 17173.767578125
568.2682495 2944.3725585938
568.3567505 7450.3701171875
569.2666626 2404.517578125
574.279541 4045.998046875
581.3081665 2424.9426269531
594.2697754 2025.7730712891
600.2825928 3999.1066894531
603.34729 27958.75
604.3518066 9328.396484375
605.2431641 6531.4780273438
607.3495483 3468.89453125
609.2733154 2515.0676269531
620.2713013 2032.7033691406
621.3029175 3885.6943359375
645.3059082 9252.7744140625
666.4243164 3510.3894042969
667.427124 2419.5229492188
674.3840332 26272.892578125
675.3864746 10544.099609375
689.3059082 2687.4223632813
691.289856 3291.6213378906
692.2889404 3686.0107421875
696.4038696 2516.2998046875
707.3255005 2132.0434570313
787.4655151 13213.537109375
788.473938 6891.5473632813
794.4795532 2591.7622070313
795.468811 3661.5307617188
808.3681641 5679.4296875
809.3789673 3183.9736328125
825.4401245 2896.7731933594
836.3799438 10244.03125
837.3847656 4064.9704589844
838.3984985 7227.6171875
843.4636841 2705.5480957031
864.4372559 2461.1030273438
865.5261841 2113.6533203125
873.3309937 2269.9167480469
888.5158081 15000.900390625
889.5238647 8053.6259765625
893.4660034 3565.951171875
933.4621582 2495.26953125
937.4741821 2928.55078125
939.4606934 2585.6923828125
942.520752 3100.22265625
949.4744873 4143.0668945313
1006.528137 2791.814453125
1008.514771 3008.8940429688
1047.541138 20647.11328125
1048.543457 19403.65234375
1049.559082 6314.1264648438
1073.517578 9102.6572265625
1074.522827 12581.6826171875
1075.526611 7820.1748046875
1078.527832 6698.1337890625
1084.49353 2531.0749511719
1090.550293 56164.69921875
1091.551392 81897.546875
1092.550781 38493.796875
1098.650635 71443.3828125
1099.657837 36688.8828125
1100.658813 11339.734375
1189.666504 2725.2775878906
1227.697266 25950.302734375
1228.687988 15581.21484375
1229.70874 3878.1545410156
1262.597412 2640.0395507813
1374.763062 28743.99609375
1375.760742 28996.919921875
1376.775757 6140.2397460938
1468.65918 2735.810546875
1537.828857 22206.357421875
1538.825439 16998.39453125
1539.805664 6919.9155273438
1648.845459 7105.279296875
1649.858765 9148.3828125
1665.895996 3317.3637695313
1736.930786 6777.2612304688
1737.919434 6558.6928710938
1738.965332 2876.1867675781
