1876.92116347681 2
129.1019135 26079.3359375
136.07547 21468.029296875
147.1125336 48523.68359375
167.0814514 13149.2666015625
169.1323395 9161.6552734375
175.1185303 24231.384765625
176.6797638 9894.8779296875
179.7477417 9671.447265625
185.0926361 11797.724609375
186.0865173 12885.3291015625
187.1438751 71891.578125
197.1286316 12258.2041015625
201.12323 67591.859375
213.0868073 59291.75
215.1394043 85147.2421875
216.3912354 10513.396484375
217.0824432 11274.5546875
229.1186676 23927.140625
238.1168365 10333.21484375
240.1337585 24049.71875
241.1187286 18111.5
242.1156921 9839.6826171875
242.149704 28867.96875
243.1340027 93318.171875
244.1361389 14416.4228515625
244.1651459 12337.2431640625
249.1607971 21975.431640625
252.0955811 10583.2021484375
258.1446533 22189.830078125
260.1964417 12583.6767578125
270.1085815 53631.8203125
274.0751038 11246.27734375
274.1037292 29755.716796875
283.1451416 12604.1142578125
285.1202393 12948.9521484375
286.1391296 83407.9140625
287.1401062 17412.91796875
308.1619568 21701.638671875
326.171936 70503.1640625
339.130249 27699.646484375
343.198822 17990.857421875
344.1832581 22813.451171875
361.2444458 21325.908203125
367.1265564 29475.58984375
369.1772461 81189.921875
385.1358948 156350.171875
386.139679 20549.037109375
387.1875305 27475.59375
388.0978088 13996.3154296875
397.173584 19791.1875
415.1823425 20977.05078125
438.1982117 12633.7421875
456.2076111 23596.357421875
465.2391968 14427.046875
480.2102356 20196.830078125
482.2618713 16313.0546875
484.202301 47870.73828125
496.1665649 85503.25
498.2217102 54814.87890625
499.2246704 19598.185546875
508.3146667 113729.578125
516.2317505 65510.8515625
549.2330322 17608.697265625
566.2874756 20507.9453125
567.2374878 17036.9921875
572.2223511 16192.505859375
583.3167725 17991.02734375
584.3040161 16631.55078125
595.2367554 24654.494140625
611.3060303 56261.87109375
612.3098145 17393.169921875
613.2435303 87978.7265625
614.2440796 26489.47265625
629.3189697 28595.046875
637.3543091 45435.4921875
638.357605 23324.0625
732.3182983 17136.37109375
736.4196777 50025.83984375
737.4285889 23672.93359375
760.3197632 50362.4140625
780.3657227 15114.6376953125
843.3515625 90748.34375
844.3554688 28869.228515625
851.4594116 22252.396484375
859.8760376 17992.029296875
861.364502 68435.84375
956.4368896 29818.140625
1012.624878 17231.71875
1023.498108 24688.095703125
1024.502563 24725.703125
1102.546021 47552.76953125
1103.537476 17479.947265625
1120.552856 436393.40625
1121.556274 270068.125
1122.570068 82743.28125
1152.569092 26728.763671875
1230.595093 64507.82421875
1231.588623 114974.4453125
1232.587158 77985.859375
1378.677368 169834.484375
1400.782471 18442.75
1465.700195 26777.9921875
1646.367188 17858.095703125
