2417.11343541502 3
167.0813599 16638.779296875
167.1176758 52463.53515625
169.0955811 15178.890625
175.1186676 20237.984375
178.0864105 40182.640625
178.100769 15651.4482421875
182.0813904 15059.8056640625
185.1278229 16465.95703125
187.1075134 107109.2734375
195.1125336 113180.1171875
195.1286011 17197.890625
197.1285553 14950.287109375
201.1049805 41415.765625
202.0822754 22259.859375
214.1533051 18657.93359375
216.0632019 16769.880859375
216.1349182 26926.8515625
217.1338654 79689.765625
223.1079559 1008552.3125
224.1103821 143603.859375
229.1017609 29010.990234375
234.1448975 118637.3515625
245.1287994 44618.59765625
251.1026001 386035.90625
252.10495 40710.703125
270.1793518 19830.875
279.0966797 164565.0
294.1441956 36645.84375
326.1513367 23634.9765625
350.145874 36816.52734375
355.3495789 21048.68359375
358.1445007 100551.296875
365.1487122 23327.7890625
366.1297607 1006158.3125
367.1333618 161112.28125
368.1325684 29108.220703125
402.6700134 34868.41796875
408.194397 33111.10546875
437.2019348 39648.671875
451.2029419 30385.078125
451.6958008 31963.630859375
453.6902466 23844.517578125
455.1982727 164311.875
463.1860352 31855.31640625
478.7530518 43191.984375
483.8991699 19585.279296875
499.7245789 27157.34765625
524.732666 30030.47265625
548.3053589 87018.40625
552.250061 85257.0859375
586.9465942 99758.8515625
587.2763672 147692.21875
591.2594604 25556.705078125
620.2810669 27608.72265625
640.7717285 23964.05859375
641.2771606 27169.802734375
649.2860718 36610.23046875
651.9817505 34404.81640625
667.2775879 137964.4375
669.2947998 32126.2109375
694.3668823 33444.26171875
697.7994385 31178.451171875
698.3071899 35091.16015625
698.802063 43589.765625
706.8009644 103293.8671875
707.2998047 91642.7265625
711.3703613 142163.0
712.3656006 38426.921875
723.3591919 29400.01953125
737.824585 32631.841796875
755.3277588 108052.40625
763.3508911 45760.76171875
763.8430176 31526.873046875
764.3338623 36963.50390625
776.3532715 44422.484375
804.3387451 222179.921875
805.3308716 31733.3515625
831.3869629 147472.609375
831.8877563 123052.21875
832.3894043 31959.591796875
846.8952637 33407.62109375
858.4331665 80924.765625
861.3909912 92668.3984375
862.4022827 48420.91796875
879.9136963 367320.75
880.4138184 307987.0625
880.9069214 151556.734375
881.4197388 94589.4296875
901.3829346 42460.9296875
902.3860474 31538.912109375
928.4475708 144722.375
928.9379883 147782.609375
929.4495239 110931.1796875
955.486145 263766.53125
956.4877319 167254.953125
976.9667358 122033.84375
977.4745483 95483.96875
977.9624023 41045.71875
998.4459229 102075.15625
999.446167 39172.5546875
1071.480103 28691.400390625
1074.551758 38264.7265625
1075.534668 32082.677734375
1092.557373 44443.33984375
1093.536011 72054.6796875
1304.626221 144910.890625
1305.633545 97130.9140625
1306.636353 34734.98046875
1412.637695 28848.138671875
1661.779663 37490.42578125
1662.76062 91468.4375
1758.818481 113167.921875
1759.826782 90814.5078125
1760.80481 41630.06640625
