1253.65916989988 2
86.83528137 3598.4548339844
101.0715332 6501.8173828125
102.0556107 6036.9404296875
110.0717239 31753.056640625
112.0873032 5683.6533203125
120.0809174 5553.802734375
127.0875931 4112.078125
129.0661621 8240.0595703125
129.1025848 68450.359375
130.086731 4448.8579101563
131.0821686 16662.521484375
133.0437775 5700.44921875
136.0761108 7756.1586914063
140.1434479 41726.51953125
141.1025543 4603.2978515625
143.1179504 38092.71484375
147.1134033 16766.791015625
155.0816956 4962.5209960938
158.0926361 6527.3754882813
159.0766602 7511.9194335938
159.1127625 8498.654296875
166.1600342 7142.89453125
171.1133881 17007.982421875
175.1191864 34877.98046875
178.0527649 5148.216796875
198.0884705 7736.9169921875
201.1227722 4430.3540039063
210.0260315 5102.2778320313
211.011261 5685.2587890625
215.1394653 10158.4296875
228.1344299 7778.5834960938
230.1511841 15455.8193359375
231.1109772 4456.2451171875
329.1819763 5840.857421875
341.2445984 81734.8515625
342.2468567 20618.314453125
352.198761 16214.166015625
367.2567139 5574.4462890625
369.2345276 17783.123046875
390.4968262 4471.7416992188
395.1997681 5432.5522460938
426.245697 16032.9931640625
448.2340698 5421.4116210938
513.2772217 26953.029296875
533.2792358 5623.2924804688
612.3457031 18807.330078125
626.4055176 65506.06640625
627.3995972 24733.349609375
628.4171143 109825.7578125
740.4042969 56839.85546875
741.4008179 22028.337890625
742.4181519 6190.8061523438
780.5003052 27525.955078125
781.5061035 17276.4921875
866.3960571 6967.212890625
868.4604492 15344.96875
925.4764404 18327.96484375
926.4846191 16591.92578125
936.4313354 9599.4853515625
937.4373169 7647.0546875
955.8861084 4875.3647460938
