2445.24090419476 2
175.118988 17582.6171875
180.7404175 5736.53125
183.1489258 7106.8754882813
185.0930481 7972.5815429688
201.1239319 7439.0844726563
211.1465149 7343.5190429688
212.1026611 8490.6162109375
219.1482697 8967.06640625
226.1187439 6883.7451171875
248.3274536 6745.3012695313
251.1544952 7439.5776367188
252.1372375 7007.1801757813
258.1100159 7162.78125
258.1435242 10448.033203125
269.546814 8186.5004882813
276.1689758 10323.2109375
277.119751 7717.5551757813
416.2147217 15793.765625
428.1647644 14781.0302734375
499.2032166 11710.3818359375
563.3361816 13750.6953125
568.2191162 9676.9248046875
681.3086548 15755.677734375
872.444519 72296.078125
873.4485474 29227.81640625
943.4788818 28825.27734375
1080.541626 30011.689453125
1180.643311 59090.984375
1181.607056 36817.1328125
1206.599731 54500.12890625
1207.611938 17600.435546875
1222.593628 15296.5771484375
1223.628296 114271.03125
1224.620972 38789.68359375
1328.676025 13385.69140625
1379.680176 17754.87890625
1380.001099 14360.802734375
1399.702759 17261.97265625
1400.715576 12190.9365234375
1527.762085 31123.91796875
1626.817261 13492.4296875
1627.800171 16539.796875
