1337.58713539246 3
93.60549927 3784.9951171875
102.0556107 4798.8486328125
104.0529404 3950.0395507813
115.0870438 4773.62109375
116.0715103 5697.3173828125
129.1023865 33208.7734375
130.0874481 4990.1298828125
131.9087524 3518.4470214844
147.1137543 6348.556640625
149.0231476 26154.1015625
149.0444946 5672.185546875
158.0932617 4060.06640625
167.0549774 24759.337890625
167.0814972 6026.48828125
168.0563049 3995.1257324219
175.1192932 30585.53515625
210.0801239 4264.8481445313
211.9247894 3521.9536132813
225.0433807 6495.6396484375
226.1195679 7269.0942382813
240.1461182 40378.15625
240.6474152 5870.7939453125
266.1622925 13763.3271484375
272.1720581 53056.73046875
273.1759033 3946.3715820313
288.6750793 4947.658203125
341.0218201 3888.1115722656
352.7027588 5878.064453125
359.0289307 56957.77734375
360.0287476 44041.3515625
360.2019043 3474.9216308594
361.0254211 26476.9140625
375.5448303 4848.0004882813
381.216095 50011.58203125
381.5509338 46430.21484375
381.8839417 14436.255859375
387.2202759 26541.1484375
387.552948 22569.548828125
387.6906738 5842.63671875
401.6873474 4552.4272460938
413.8766174 18779.4765625
414.2086487 13720.5498046875
435.7400513 26999.05078125
436.2382813 8584.6689453125
438.245636 30711.0
444.7408752 7528.3452148438
445.2484131 4771.162109375
446.2723389 26547.232421875
447.2717896 6065.6938476563
663.3590088 18921.162109375
664.3556519 4613.5439453125
1087.80835 5115.7626953125
