1697.77348678387 2
120.0741119 6938.0942382813
120.0811081 120086.5390625
121.0843811 5065.736328125
124.0391464 5502.2055664063
129.1026001 86384.1875
130.0866089 73202.625
136.0758057 82998.453125
141.0658722 11708.7470703125
147.1125946 47489.796875
149.5943909 5672.3100585938
150.1273651 5686.716796875
155.0809479 11816.2607421875
155.117691 7385.1025390625
157.0966492 42909.484375
157.1328278 11381.4814453125
159.0766144 10087.0087890625
169.0971222 18048.3828125
169.1333466 11597.9248046875
173.1281586 9388.7548828125
175.106842 32449.181640625
175.1196289 69554.8359375
177.1023407 37639.09765625
181.0960693 8268.580078125
183.1126099 10455.9951171875
185.0919495 65433.2578125
185.1274109 9964.1484375
188.0374298 8528.8310546875
197.1277313 11668.701171875
198.0877533 13514.1298828125
199.1073914 7482.693359375
199.1805115 9613.744140625
200.1388855 14620.978515625
200.5920105 8519.0888671875
201.1236572 13589.3759765625
203.102951 40164.09375
205.0641632 44784.89453125
205.0973663 13373.099609375
211.1446381 8564.37109375
218.1503448 59484.72265625
226.1194305 14383.0703125
229.1182404 9008.0439453125
233.131485 14175.8427734375
238.1206512 7433.3388671875
242.1133881 83644.1328125
249.1617584 8886.5615234375
259.0940247 7117.3364257813
260.1243896 18657.39453125
261.1243286 8020.0283203125
262.1191101 35970.421875
262.1514282 47336.70703125
268.1669312 8632.65625
276.1660156 8277.6162109375
277.1576538 8139.654296875
279.0973511 30680.033203125
316.1502991 10202.234375
317.1613464 10681.10546875
320.7018433 8356.6845703125
352.1320496 13026.6875
376.1984253 9509.5166015625
381.2120972 62813.22265625
387.3604431 8859.5546875
409.1567993 16775.763671875
423.2348022 17824.091796875
431.1771851 9007.1279296875
458.2460938 10144.689453125
472.254425 18602.640625
494.2435913 12261.9150390625
496.2407227 50510.83203125
548.2435303 11372.1298828125
576.2172852 11330.677734375
585.7556152 13622.94921875
593.2377319 12068.044921875
594.2391968 16184.8193359375
609.3289795 17607.4375
617.2880859 35693.54296875
652.3145752 14496.927734375
662.7943115 39847.203125
696.3605957 57389.0546875
697.3580933 20261.275390625
773.3875122 11277.845703125
807.3862305 75088.84375
811.37854 69617.6796875
812.3883057 16007.791015625
833.3649902 45583.26953125
849.3894653 226565.796875
850.3885498 150408.125
974.4506226 115579.2734375
975.4538574 61853.625
1087.533081 47549.07421875
1088.538086 34626.41796875
1089.551758 12642.2041015625
1098.50415 14667.6875
1113.554932 10829.625
1170.543091 17926.232421875
1227.593384 78778.359375
1228.578735 36811.9765625
1233.578003 12070.5439453125
1234.564697 31960.51953125
1324.557373 16616.529296875
1431.681396 33326.76171875
