2101.87387858117 2
147.1127167 18310.462890625
154.6801453 9383.6611328125
155.0813599 11663.0859375
158.0914001 16347.5263671875
159.0767059 152307.3125
159.0877838 17535.55859375
167.0821838 14162.7265625
169.1322327 13594.466796875
171.9144897 10303.7373046875
173.0913391 21057.388671875
175.1191406 107715.234375
185.09198 57999.515625
187.0711517 11929.8515625
191.1592407 9700.5068359375
197.0926666 26197.529296875
201.0870514 155119.6875
201.1026611 16823.404296875
201.1243591 24900.435546875
202.0837708 14145.3916015625
212.1030579 25655.30078125
214.1178284 18169.083984375
218.1499329 10675.8466796875
222.0951385 16802.404296875
226.1184387 12137.75
227.102951 15349.6708984375
229.098053 10174.78125
230.1133575 169718.4375
231.116394 11856.013671875
233.0954285 19322.65234375
235.10849 24920.181640625
237.124176 15260.3603515625
242.1504517 15630.9736328125
249.1221619 13339.662109375
249.1611633 14081.29296875
251.1014557 17262.55078125
261.091217 53523.3671875
263.1017151 16253.0595703125
265.1186829 23938.982421875
267.1156616 26559.4296875
268.1321106 18938.63671875
270.1097717 13400.1767578125
272.1251831 55239.41796875
277.1537476 12222.458984375
284.1976929 15292.66796875
285.1548462 12865.990234375
286.1500549 17729.9140625
290.1160583 28205.46484375
293.1141968 87523.0078125
300.1554871 19002.962890625
303.1774902 25581.923828125
317.222229 11348.3251953125
327.1646118 13325.4619140625
329.1446228 15061.66015625
331.1625671 48217.55859375
332.1282959 69337.328125
341.1463318 79652.3828125
350.1355896 123289.6171875
351.1396179 15693.1357421875
359.1563721 130924.6640625
360.1578064 17106.083984375
375.1677551 13486.908203125
378.1444092 15391.541015625
397.171875 68552.28125
401.1495361 17740.84765625
418.1962585 14738.359375
433.2216492 19876.873046875
434.2241516 15401.5107421875
435.2266846 57930.98828125
450.2471008 341747.96875
451.2504578 32308.60546875
462.1964111 16610.375
472.1852417 23402.39453125
477.1982727 25099.751953125
491.2178345 19826.279296875
504.2043762 15254.3359375
561.3813477 15218.009765625
565.2712402 92021.5234375
566.2711792 22448.685546875
571.3225708 49486.92578125
579.4696045 15917.25390625
718.6095581 17591.537109375
728.3382568 338971.5625
729.3425903 99571.453125
843.3624878 131833.28125
956.4464722 286947.125
957.4362183 99861.640625
986.4811401 29319.14453125
1033.540527 24311.171875
1051.555542 24119.7734375
1052.533691 21346.126953125
1071.474609 140624.484375
1072.466064 55323.8046875
1148.585571 20378.9453125
1218.550781 101628.4296875
1219.552002 60993.83203125
1305.575195 131394.96875
1306.602783 93466.203125
1331.594116 16740.595703125
1362.69165 19020.125
1392.599487 111928.96875
1393.599731 80025.8125
1394.610352 20612.99609375
1431.608032 43737.5859375
1432.621826 31812.14453125
1436.628906 21037.044921875
1449.627808 395049.125
1450.630859 292132.09375
1451.634644 67159.265625
1612.693848 240494.6875
1613.69751 187246.5625
1614.69751 52227.53125
1743.774658 97661.8828125
1744.713745 60910.47265625
