1155.5206225889 2
83.0609436 3433.986328125
84.0449295 38732.3984375
84.08140564 39335.43359375
86.09697723 37750.44140625
87.05586243 4784.3159179688
88.03993225 9619.1650390625
88.08110809 3148.5278320313
89.5761795 2449.7185058594
92.0176239 2251.1943359375
93.04532623 2858.4692382813
101.0714722 22005.49609375
101.0772476 2173.5197753906
102.0553894 5428.4130859375
110.0715561 38026.328125
112.0867996 3033.8957519531
115.0871429 3805.6647949219
116.0821686 32616.607421875
117.1027756 2768.4914550781
120.0811996 3734.4858398438
126.0558014 3607.4406738281
127.0509338 2380.5578613281
129.0661163 11262.654296875
129.1022491 39704.1015625
130.0861511 13189.7626953125
130.1057281 2931.9252929688
136.0756073 13421.2939453125
138.05513 3409.3852539063
141.0656281 4522.8984375
143.0815735 11093.44921875
143.2782898 2523.2358398438
146.0917969 3357.4006347656
147.1129608 20054.390625
155.081604 2510.7841796875
158.0918427 4632.5673828125
159.0762329 26461.21484375
167.0807648 3706.0383300781
168.0652161 2846.4995117188
171.076767 5132.6821289063
171.1115265 2671.6591796875
173.1310425 3187.7749023438
175.1188049 35335.11328125
178.0527191 12856.91015625
181.0607452 3585.298828125
183.1121826 3314.2680664063
185.0923615 3152.2880859375
187.0714417 21385.48046875
188.1023254 5875.5283203125
195.0760345 2692.8264160156
197.1276093 2950.8688964844
198.086441 11199.6767578125
199.0709229 3900.6042480469
199.1081543 4245.4165039063
203.102951 5560.791015625
212.1030731 2943.9145507813
213.0861969 5972.4155273438
216.098114 5459.8676757813
223.1067352 2487.6826171875
230.1146545 3257.5002441406
239.1138611 5513.0380859375
240.0981903 4571.8520507813
240.1319122 4510.7451171875
244.131073 2705.9721679688
244.1642761 2692.1657714844
246.1821899 4029.4184570313
249.0998688 2700.0588378906
257.1247864 3605.8591308594
258.1451721 10951.6865234375
284.1239319 2817.9221191406
294.1823425 5189.1547851563
338.1815491 3905.3706054688
344.1560364 3924.7602539063
368.1577148 4747.5791015625
425.0444336 2761.8664550781
425.2115173 12646.681640625
456.0753479 2564.3879394531
460.2236023 2759.4797363281
462.2705383 5316.650390625
556.2542114 14733.7470703125
560.2738647 4234.740234375
577.3123169 20126.59375
577.496521 2591.2822265625
578.303894 10390.58984375
579.2715454 3560.6687011719
579.3247681 3022.2958984375
585.2913818 2984.4309082031
684.3123169 11215.5576171875
685.3052368 3243.0913085938
765.3686523 2870.0080566406
796.3571167 2890.2626953125
812.3687134 20349.08984375
822.3704224 4312.896484375
867.4020996 4152.5810546875
923.4130249 9041.9384765625
940.4210815 9763.7421875
941.4311523 4496.1303710938
944.9507446 3298.921875
1075.470093 3516.64453125
