2007.84120830111 2
147.1032715 5827.248046875
147.1129608 67760.9609375
153.1019287 12578.728515625
155.0451813 59628.71484375
163.6671906 5971.5859375
165.1026764 18957.640625
167.0928345 58291.3984375
172.0718994 129309.65625
178.0610352 7255.6469726563
181.0623627 8999.056640625
183.1127777 10734.75
195.0884094 58669.48828125
196.0921936 12978.4326171875
197.1303864 8680.693359375
199.107193 8483.34375
199.1807404 9409.267578125
201.1066284 32225.986328125
201.1238708 14885.490234375
209.1408386 13356.09375
210.0990601 107562.3515625
216.0979767 18979.458984375
217.0812683 7792.7182617188
219.1496124 15098.943359375
221.0668793 44868.27734375
226.0829468 13216.8779296875
226.1193237 15715.5703125
227.1034851 10438.333984375
227.1768646 8266.51953125
229.1003876 113090.3671875
229.1179504 7842.25390625
230.1043091 7407.2456054688
238.0936584 724170.0
239.0975647 135610.28125
240.100174 10050.8974609375
242.1500702 11305.9833984375
244.0928497 39858.515625
245.0772705 12175.763671875
246.1266632 8625.583984375
246.1816406 75036.6875
247.14505 21993.12109375
249.1245575 21007.078125
249.1605835 7943.8344726563
251.1026154 11512.783203125
262.0867004 10505.9794921875
262.141449 39304.76953125
267.1498108 17296.939453125
274.1204834 23154.408203125
276.1009827 7783.8701171875
277.1192627 40658.0625
279.0975037 10095.4013671875
283.1047058 18129.037109375
284.0871582 72705.328125
290.0822754 61217.953125
294.1574707 40744.078125
301.1148682 138982.125
302.1179504 9928.6298828125
302.1943665 8898.423828125
308.1070251 15658.1279296875
309.1670532 89018.2578125
310.1705627 16726.1875
311.170105 10752.685546875
315.1677246 11631.2119140625
320.1362915 21981.92578125
327.1304626 10801.9521484375
335.1795654 11029.7958984375
337.1617126 406579.75
338.164978 114633.1328125
339.1676025 13067.537109375
342.2050781 22049.30078125
345.1600037 13952.826171875
345.2516479 52558.84375
346.2530212 10632.9873046875
348.1914978 11582.353515625
360.1051941 45480.0078125
372.1898193 75317.7109375
373.1719666 82009.84375
376.1691589 160588.28125
377.1760254 57792.59375
385.1526184 38237.73828125
389.1514587 21225.1328125
390.1993103 70276.484375
391.2026367 15417.6787109375
400.1802673 9870.4365234375
403.1615295 85237.78125
404.1641846 9716.138671875
406.168396 14576.1064453125
420.1896667 12842.259765625
431.1591492 47180.49609375
437.149292 22374.69921875
447.245697 38053.16015625
448.1855164 21142.4921875
448.2541504 21221.216796875
456.240509 21317.744140625
462.1942139 12379.4296875
475.2404175 71992.4453125
476.2435303 51044.0625
477.2371216 18135.369140625
482.2627258 15662.1962890625
484.229126 110648.3984375
485.2333374 19709.439453125
492.3212891 20136.81640625
495.1750793 18475.9375
503.2850952 59828.6015625
506.2249756 12667.541015625
523.1696167 20785.296875
528.744812 17870.26171875
529.2437134 11353.3134765625
544.2729492 11312.6904296875
574.3098755 53688.26953125
575.3123169 13286.8701171875
596.2543945 13716.244140625
613.2730103 82971.140625
614.2802124 53163.8203125
615.2941895 22806.533203125
666.3474731 60752.0546875
667.3485107 21746.2421875
668.8143921 10614.205078125
683.3178711 14305.6826171875
686.3380127 19968.013671875
687.3331299 15172.7939453125
692.3349609 13070.9462890625
720.4135742 164987.3125
721.4187622 133225.0625
722.4138184 63726.7578125
723.4179688 15428.7392578125
742.3182983 61320.359375
743.3192139 45790.98046875
748.2474976 17609.505859375
781.3777466 31859.791015625
794.3139648 10981.220703125
811.3406372 12884.5693359375
812.3352661 20167.6484375
813.3342285 11623.1435546875
821.4516602 11437.509765625
829.3711548 15216.14453125
830.3449707 30671.509765625
847.3705444 11336.5029296875
878.4829712 37070.84765625
879.4816895 35247.140625
910.4212646 19044.14453125
918.4377441 63016.07421875
919.4456787 46259.15234375
939.4003906 21340.744140625
940.4055176 44782.08203125
949.5239258 66588.671875
950.5213013 51936.19140625
951.5223389 44471.48046875
957.4154053 56492.53125
958.4157104 53888.703125
961.5106812 13173.197265625
987.4938965 17826.5078125
1003.575684 18420.326171875
1004.528015 73212.0390625
1005.545654 16860.68359375
1025.439819 96975.9453125
1026.447266 41274.40234375
1049.588867 16784.521484375
1050.59314 16056.9501953125
1056.476685 43475.35546875
1057.478394 55692.328125
1058.483398 21017.19140625
1114.566406 39279.4921875
1115.546265 16914.41015625
1124.516357 41418.32421875
1125.502686 16011.1708984375
1128.50647 14229.25390625
1168.54126 17945.890625
1185.526733 22099.755859375
1235.542236 15625.34765625
1242.580688 15506.6328125
1253.560791 51531.3828125
1254.561768 19956.294921875
1264.683838 48075.72265625
1268.591797 17582.7265625
1269.580811 37473.515625
1286.575195 16191.6474609375
1393.722168 14629.5576171875
1396.599976 13219.2109375
1413.583008 58938.53515625
1414.580811 38737.83203125
1415.642334 38524.04296875
1416.651733 13491.9453125
1522.747681 16464.2734375
1523.767822 16716.2578125
1560.639404 21118.56640625
1561.65979 35901.54296875
1652.79895 19428.623046875
1669.84436 67924.5390625
1670.840332 44834.32421875
1671.826416 16117.19140625
