1720.84300537279 3
120.0811539 191478.953125
121.0849609 12821.5087890625
127.0868683 21876.4140625
129.0657196 34118.40234375
129.1024017 200886.28125
130.0649109 14088.1826171875
130.0860901 43528.64453125
133.0429688 17889.67578125
136.0757904 152536.34375
139.0861053 14918.11328125
142.4916229 11823.3349609375
143.1172638 15552.455078125
147.1125336 98508.4375
155.0813293 123440.1171875
157.1338348 32290.7421875
159.0765533 23347.015625
166.0862579 37133.49609375
167.6319122 13350.599609375
169.0967407 21064.701171875
169.1336212 19566.28125
171.1130829 18774.43359375
173.0925293 16961.095703125
173.1282654 14551.5322265625
175.1187897 90379.3671875
183.1121979 25694.337890625
183.1494751 35305.21484375
185.1283722 42984.19140625
186.1235352 19825.1953125
187.1075287 37719.265625
197.1287689 18310.232421875
199.180481 43511.29296875
201.1235504 35488.16796875
203.0848846 78185.5625
203.1213837 21704.955078125
204.134903 132926.421875
213.1611023 27915.193359375
215.1030426 22444.23828125
216.0987701 21860.6875
217.1374512 40477.78515625
221.1284332 40581.4921875
226.0832367 18532.78515625
226.1185303 176991.9375
227.1752777 18391.763671875
228.1345978 24353.8984375
231.1171722 18935.896484375
233.1643677 27965.421875
235.1072693 91482.0546875
240.0988312 23830.95703125
242.1493683 19016.236328125
244.0929565 27467.07421875
244.1292267 21340.6171875
246.1570282 19986.244140625
247.1100769 27900.484375
249.1229095 36799.78515625
255.1456299 36571.359375
258.1109924 23090.06640625
261.1610413 20907.86328125
265.1178284 24047.623046875
266.1217957 16536.34765625
268.1666565 20392.990234375
272.1592102 18344.865234375
275.1719666 131173.671875
276.1756592 24280.875
283.140625 135020.5
284.1946411 16411.66796875
294.1816406 71551.859375
298.1774902 19778.953125
301.1520386 126868.0
302.1528015 29399.94921875
303.1607971 18145.80859375
304.0126038 18923.166015625
332.1942749 130152.609375
343.1994934 29407.833984375
389.1489258 72770.203125
396.2226257 40819.1640625
405.1080627 23976.892578125
411.2361145 169300.671875
428.2129211 25416.236328125
429.2462769 1013576.0
430.2497253 247922.15625
435.2148132 30600.9140625
439.694458 29691.798828125
486.3025513 29776.1875
523.1547241 21150.50390625
533.2060547 102557.4765625
534.2124634 22162.10546875
557.3162231 28332.73828125
559.3601074 33187.234375
577.3730469 35512.67578125
599.3530273 431697.4375
600.3528442 140051.359375
601.3638916 37739.5859375
604.2774048 42559.70703125
614.2561646 39260.93359375
615.3416748 67004.4375
632.2722778 334546.65625
633.2717896 46995.2109375
698.4265747 80851.375
703.3468628 80190.0859375
712.4373779 103637.4375
713.4473877 41783.2578125
731.3377075 331526.46875
732.3477783 146068.296875
762.4130249 110486.1484375
811.9521484 23350.1953125
814.3821411 120486.5078125
815.3795166 44614.640625
843.4818115 29438.015625
853.4606934 22540.447265625
862.3839722 40186.13671875
875.4942627 104522.4765625
876.4857178 28443.36328125
878.3829956 138444.0625
879.3789063 76410.375
1009.410034 28718.880859375
1010.428528 30980.505859375
1049.571167 36984.58984375
