1361.62851863871 2
101.0716858 3737.0932617188
104.909874 764.5797119141
112.5731125 668.1755981445
128.0823669 4295.4272460938
129.06633 5192.2919921875
129.102829 4737.5185546875
130.0864563 3479.0461425781
146.092865 2924.6813964844
147.1134491 4413.0961914063
149.0451965 3093.5639648438
152.0574799 809.0961303711
167.0560608 8838.564453125
175.1191864 1068.0422363281
181.061264 873.9036254883
186.1244965 5757.16015625
211.1190643 1337.8173828125
212.1038666 1365.4276123047
216.0984802 2845.7583007813
221.0855255 1505.1353759766
222.0875244 2835.7470703125
223.0722198 803.0338134766
225.0433655 14508.5712890625
226.0210876 2939.0830078125
227.0228119 1446.8001708984
230.1129303 1081.5183105469
239.095459 17133.109375
239.1154175 3434.8151855469
240.098465 13448.4130859375
240.134903 1053.4255371094
241.1020203 1090.9383544922
257.1248474 1310.3614501953
258.1455078 5130.33203125
276.1564026 5942.720703125
295.1038818 1304.8100585938
299.0622559 9151.23046875
300.063446 794.4707641602
311.0536804 702.6762084961
325.1534729 820.4677124023
330.249939 819.9766235352
331.1248474 1027.7099609375
337.1151123 2765.7468261719
353.1576233 2809.4077148438
354.1408691 12205.072265625
391.1823425 1626.9572753906
392.1807861 931.2119750977
402.169281 905.4934692383
408.1871643 3042.123046875
411.2310486 867.6173706055
424.2290039 1051.1339111328
425.2154236 5848.6284179688
452.2257385 2679.8012695313
453.2113342 4859.203125
454.2148743 948.2331542969
502.2206116 999.4143676758
519.2432251 1277.7537841797
556.0792847 709.7611694336
580.2800903 993.9739990234
581.868042 727.5087280273
581.9729614 753.9020996094
588.2625732 872.2249145508
606.2720337 5942.0244140625
607.2772827 1181.6827392578
608.2790527 846.78125
618.3153687 780.4541015625
650.2980347 1096.6435546875
650.8104858 772.0703735352
664.3042603 1434.3188476563
672.3092041 4742.3627929688
672.8150635 4043.310546875
673.3182983 6140.9091796875
677.3071899 4277.91796875
681.8342896 6659.2197265625
682.3269653 3513.146484375
682.402771 3586.0187988281
764.3423462 8915.279296875
765.3447266 1567.1787109375
766.3408203 1070.6968994141
874.3807373 1080.9487304688
875.3701782 6326.6889648438
876.3850708 1677.2805175781
892.3933716 3768.3806152344
991.4695435 1209.9670410156
1068.458008 1379.6158447266
1069.471436 1159.9885253906
1105.492432 1654.1575927734
