1349.67374162264 2
110.0710754 77357.71875
129.1024017 304788.875
131.1182098 642870.9375
136.0755615 115689.875
147.1130829 87939.578125
175.1195984 98684.3671875
185.1289063 137409.234375
187.1446533 86711.46875
204.1355133 174491.734375
207.6342163 86488.7578125
208.0965271 99819.75
208.957016 80704.484375
242.1498566 469045.90625
244.0929871 368599.84375
249.1600342 97012.6953125
298.8806152 89559.8671875
315.1674194 148705.40625
327.598114 83940.2265625
331.3335266 83926.7734375
332.192749 123482.40625
357.1775513 580787.5625
358.1795044 78512.09375
433.2409668 425383.4375
434.2437439 91038.09375
518.3079834 137523.625
633.3387451 332320.0
653.6408691 93989.7421875
676.34198 494809.21875
707.3416748 104118.734375
713.8240356 100703.90625
780.3825684 88941.3984375
794.3887329 110379.046875
880.4158936 193012.84375
1108.515991 167073.046875
1205.242798 89667.2734375
