2355.10572731002 2
166.1447754 3217.3793945313
172.1075897 4590.1401367188
173.1286163 6304.8232421875
175.1065674 4114.7646484375
175.1193848 72199.859375
176.1226044 4147.935546875
180.2966003 3201.7976074219
181.0965271 7141.8950195313
183.1129761 4792.0693359375
185.1648712 29553.79296875
193.4556732 3863.333984375
195.1486206 3185.2185058594
201.1231537 5250.0161132813
202.0823364 5875.0336914063
204.1390839 4000.9575195313
212.1033478 9002.12890625
213.0883636 4401.4931640625
213.1594543 9599.083984375
213.3216248 3451.2595214844
221.12854 17760.1953125
223.1092224 4149.8857421875
225.1604004 3615.4587402344
228.1344452 10503.205078125
229.1351471 6188.5834960938
230.081665 3591.2727050781
233.1287079 103496.7421875
234.1322784 9802.1865234375
237.1246185 4334.51953125
238.1192322 7923.1987304688
243.1333313 5788.9008789063
245.129364 4799.978515625
247.1077728 4461.9741210938
249.1229095 18066.419921875
249.1600037 5970.6748046875
257.1289063 4860.3979492188
261.1229858 47670.1953125
265.1187744 17214.0390625
266.1207886 4574.841796875
268.1668701 7034.759765625
270.1813965 9944.26171875
271.1079712 4557.5346679688
271.1776733 6833.9907226563
274.1220398 4981.5908203125
276.0650024 10202.859375
278.1513977 22107.5546875
282.1838989 4492.4428710938
283.1390381 7677.9360351563
288.2041016 26850.091796875
290.1495972 46152.48828125
300.1343689 20069.576171875
303.1289368 3842.7829589844
303.2074585 7669.6889648438
310.1054993 4918.0747070313
314.2076111 6284.4716796875
315.2109985 3802.2236328125
316.1691284 4062.7451171875
318.1456604 87194.3828125
318.1815186 6518.3002929688
319.1473389 7978.5551757813
320.1611023 7011.9956054688
323.1361389 5075.5913085938
330.178894 7514.12109375
331.202179 5393.6552734375
332.1990051 4200.0522460938
333.1885071 5479.0336914063
334.1779175 5954.9375
335.1734314 4345.3784179688
336.1550598 7929.3579101563
341.2187195 5039.1635742188
342.1307678 18934.841796875
344.1607971 109245.9296875
345.1642151 16790.583984375
346.1738281 4810.8881835938
349.1533203 6895.9296875
354.1797791 6373.8950195313
354.2218323 4717.6215820313
355.1255798 4776.7573242188
357.1767578 4574.9858398438
359.0997925 6014.12109375
362.1716614 50803.640625
363.17276 6111.3647460938
373.1867676 6854.3754882813
377.1139221 7260.08984375
386.2048645 5907.619140625
389.2185669 5383.0200195313
391.1982117 21802.015625
401.1805115 66275.296875
402.1866455 19568.015625
403.234314 34498.76171875
404.2404785 4930.1806640625
413.2210693 5315.0786132813
413.2762756 4151.0454101563
419.1932068 26851.775390625
420.1974182 8424.2314453125
431.2316895 9044.5263671875
432.233429 6531.40234375
434.2410278 6867.1293945313
446.1369629 4753.0561523438
451.2676086 202889.15625
452.2698975 45219.33203125
455.2237854 8814.6005859375
463.2357788 8082.5112304688
469.2452698 17136.341796875
470.2034912 9055.064453125
487.260437 6627.4809570313
491.2289124 7782.7817382813
502.3052368 7638.7861328125
503.2341614 7818.3413085938
509.2386475 6923.0810546875
514.2693481 20201.7578125
520.2584229 6414.466796875
530.3068237 7276.8530273438
532.2808228 6450.146484375
538.2658081 18597.73828125
548.2523193 23160.88671875
549.2612305 8495.08984375
550.2685547 5231.078125
566.2736206 41263.68359375
567.2874146 4638.142578125
568.31427 8162.0229492188
577.2542725 5863.0102539063
578.2617798 9972.96875
584.2781982 5798.8295898438
593.2730713 7254.6704101563
593.7750244 7232.2163085938
596.2781372 5495.8188476563
613.3380127 23880.595703125
616.3153076 6197.451171875
617.2636108 8473.2880859375
634.3291016 6221.9145507813
653.3314209 44284.5859375
654.3259888 21101.361328125
660.3516235 24033.87890625
661.3382568 19945.619140625
665.3342285 7062.7626953125
691.34021 5546.2294921875
713.3314819 6396.1591796875
748.3721313 6041.4130859375
760.4016113 7452.0732421875
778.4127808 6119.9033203125
779.3917236 5973.0380859375
783.3666382 7231.4287109375
800.3908691 44762.21875
801.3973389 19174.96484375
897.4082642 8583.5205078125
914.428894 39612.34765625
915.432312 9860.001953125
916.4476318 6476.1630859375
968.4491577 5291.90234375
1001.465454 61191.09375
1002.471619 34300.31640625
1034.960815 8173.7373046875
1043.474365 6961.9228515625
1058.499878 6644.8349609375
1084.504639 7184.5795898438
1085.510376 8927.0185546875
1088.501953 6143.2348632813
1102.517578 187016.296875
1103.520386 101731.9453125
1104.524658 41252.5390625
1112.519897 8500.4501953125
1118.042114 7150.4951171875
1176.702515 6075.8090820313
1177.522461 7697.4931640625
1177.720093 8726.9248046875
1178.547974 9316.5830078125
1185.539307 41199.890625
1186.539063 21845.08203125
1200.532959 8155.6655273438
1217.545044 71258.4296875
1218.546021 69963.6484375
1219.541504 10063.775390625
1313.601563 6878.6494140625
1359.549927 6278.6577148438
1360.544678 39751.0625
1361.55896 23882.50390625
1377.573975 277237.3125
1378.578369 200060.921875
1379.578491 79475.4765625
1380.592651 22844.98046875
1427.667358 8199.6396484375
1472.655029 7417.126953125
1473.672729 9709.0673828125
1490.662598 118409.2890625
1491.668091 81294.40625
1492.662354 49330.671875
1559.68042 23921.2265625
1560.688721 30123.44140625
1561.670532 10277.169921875
1562.700439 7091.3579101563
1577.692871 264818.4375
1578.694214 221413.171875
1579.695679 106263.5625
1580.69751 32260.65625
1639.755737 9251.5068359375
1640.756958 15693.4169921875
1641.757813 7780.6845703125
1706.745605 9019.845703125
1707.749146 18786.619140625
1724.756592 147329.9375
1725.764526 133935.375
1726.752319 79299.671875
1727.761963 19168.3515625
1807.796021 9715.28515625
1808.791382 17134.603515625
1825.819946 76680.25
1826.812256 95860.4375
1827.817627 46859.08203125
1828.82251 17845.60546875
1988.849487 19362.88671875
1989.882813 22384.650390625
2142.9646 7788.5458984375
2143.925537 9710.265625
