1534.76655165654 2
110.0717621 135267.15625
115.0868607 56171.9296875
120.0810623 343176.65625
129.0661316 66150.3203125
129.1023865 70042.5
136.0760345 175129.59375
155.0818939 57088.10546875
158.0931549 57343.5078125
159.0767059 215358.578125
159.091217 51614.421875
166.0497131 57872.26171875
167.0818787 70059.140625
175.1193542 323237.59375
183.0765533 220410.3125
186.0903778 35824.53125
195.0764008 52531.6875
200.1023102 314235.53125
201.1060028 38518.64453125
210.8630066 31367.259765625
212.1027222 76634.453125
213.086792 53073.046875
214.1188965 225171.921875
216.0965118 38100.6015625
226.1191711 79973.8515625
230.0938721 57887.9140625
230.1138458 245106.96875
257.1662903 34543.09375
258.0910034 189029.625
272.0700073 167822.4375
272.1243286 33323.484375
273.1571655 34526.34765625
277.1184998 42478.28515625
284.1238098 37863.41796875
301.1504211 154131.125
313.1512756 49309.625
318.1789551 54724.16015625
323.136261 70050.296875
340.1630859 55480.4921875
341.1454773 54570.2890625
366.1772461 47240.05859375
371.1373901 157030.921875
387.270752 351155.8125
411.1976013 43204.171875
418.2023315 67071.3828125
441.1908264 39148.58984375
495.5212708 35347.40625
502.2975769 37257.52734375
553.7821655 128739.8828125
554.2863159 45966.18359375
660.3397827 36903.97265625
720.2982178 60786.921875
723.3738403 51424.9765625
736.3933105 178206.0625
737.3913574 58136.34375
760.4035034 41883.82421875
849.4783325 141886.953125
850.4794922 44484.6796875
889.4251099 74340.7578125
892.4449463 39191.55078125
907.4268799 41183.91015625
1009.497681 71609.703125
1015.562561 51517.57421875
1018.469421 53896.29296875
1089.533569 43378.74609375
1106.348511 41979.25390625
1106.566528 1060091.125
1107.567139 776884.875
1108.577271 255077.34375
1178.618408 35084.96875
1232.547485 68989.875
1233.541626 46312.046875
1234.589478 202837.203125
1235.608398 136862.03125
1236.608032 54039.53125
1335.676514 238075.078125
1336.658569 178798.984375
1337.64978 47016.796875
1454.427246 52596.24609375
