1487.88149320433 3
105.0664902 3560530.0
112.0875626 608488.9375
113.071373 246089.046875
115.0875931 321706.625
116.0711441 914473.5
128.1080017 216316.890625
129.0667572 376586.78125
130.0978546 252754.28125
139.0499573 167529.109375
139.0854797 147265.125
142.1238098 208971.5
145.09758 3417421.75
147.076828 666495.4375
155.0812378 232588.203125
155.1182098 368691.59375
156.1135559 986162.75
157.0612488 635571.5
157.109726 157733.359375
158.092865 3434659.25
159.0770874 205015.890625
164.0344696 231443.640625
169.0978241 597700.3125
173.0926056 2222413.25
173.1287994 6136265.5
174.1320648 631428.0625
175.0725555 362150.5
175.1194 9317922.0
176.1230927 342529.4375
181.0609436 1953801.125
183.1134491 373237.75
185.1656342 1079354.625
187.1088257 231434.15625
187.1448517 656132.0625
188.1035309 595846.1875
196.1452179 233263.53125
197.129303 1084973.75
198.0873871 1392544.125
199.0723419 819886.25
199.1809998 14225712.0
200.1846313 1923089.875
201.1238251 3669180.0
211.1072845 177332.265625
213.1597595 1346252.25
214.1561737 711285.875
215.1390533 300827.53125
216.0984192 16428763.0
217.1016693 1346054.875
218.1024017 169342.671875
218.1510162 197667.890625
224.1391754 344811.90625
225.124527 193554.1875
226.0822906 222359.84375
226.1552734 231837.046875
227.1757813 7447499.0
228.1777954 1019553.5
234.632431 226909.96875
237.1264954 209252.359375
238.117569 170259.53125
241.1937561 204982.890625
242.1145172 1237478.625
242.1508484 1334670.875
252.1345673 283520.28125
254.1509552 654225.3125
255.6685181 279037.34375
256.1288452 236423.734375
260.1246948 1486829.375
264.1813965 398754.65625
265.1595459 273833.375
266.1513367 250643.1875
267.2428894 307869.375
270.1455688 1341769.5
271.1774292 2277331.0
272.1815186 249041.578125
274.1653748 362353.59375
275.1428528 160768.75
282.1829529 156789.34375
284.1596985 1698412.625
285.1636658 210396.265625
288.2039185 1715755.5
294.1450806 224124.421875
295.2392578 190549.953125
296.1962585 1356118.0
297.2024231 254079.0625
300.1919861 297673.0625
301.1895447 734998.375
302.1697998 276692.4375
311.1717834 2716145.25
312.1572266 863101.875
313.2235718 703844.75
314.2090759 884429.5
315.2068787 160718.546875
323.1724548 170036.0625
324.1932983 688275.75
326.2436523 280593.03125
327.2035828 578766.0
329.1822815 8643473.0
330.1864624 1621597.125
331.2349548 972956.6875
339.1674805 1051617.375
340.2000732 387864.84375
340.2624207 220070.59375
341.2193604 389190.65625
355.197998 1104743.25
355.2370605 212358.0
357.1759949 685784.8125
357.2215271 195402.734375
358.2096863 2271702.0
365.2176208 673136.8125
369.2138367 371319.84375
371.1933289 665149.0625
375.2356567 7732437.0
376.2397461 1487206.5
379.2320557 272839.03125
383.2295532 818384.3125
389.2042236 362230.15625
397.2425537 617826.25
398.2050476 238348.609375
398.2499695 196786.9375
400.2548828 792426.0
407.2318726 191453.53125
409.2826233 181131.734375
410.2406006 932629.75
411.227417 689953.5625
414.2714233 883217.8125
424.2599792 2405117.25
425.2548523 906619.6875
428.2543335 2176362.25
429.2491455 1610406.75
435.2303467 192868.96875
442.2141418 271545.0625
442.2681885 5815217.0
443.2731628 1496179.0
446.2732239 12995244.0
447.2764587 2869576.25
448.2783203 227529.109375
452.251709 254016.171875
466.2706299 214961.328125
470.2627258 608866.8125
486.2715759 238156.5
496.3108521 222097.25
497.270874 261423.203125
503.2952881 1503244.5
504.2975464 666233.6875
510.3345642 666831.25
511.2888794 659269.1875
512.2856445 343686.9375
515.2821045 565625.375
523.3272095 324847.75
524.3068848 203364.859375
527.3549805 1218877.0
528.3580933 250203.328125
529.312561 1539536.75
530.2955322 1184222.5
531.3016357 300489.09375
537.3380737 812148.125
538.3253784 1021349.8125
540.7037964 183435.15625
541.3348999 1071537.5
542.3358765 309432.125
547.3212891 30169696.0
548.324585 8471507.0
549.3276367 1631749.625
555.3514404 3640017.25
556.3578491 1421526.75
580.3013916 203136.0625
584.3046265 229677.9375
598.3225708 220769.75
602.3395386 216365.1875
624.3729858 359473.625
628.3468018 212624.65625
636.4086304 218940.125
642.3894043 314696.78125
643.3927612 262818.78125
654.4180298 623604.125
660.404541 3642937.5
661.4083252 1361466.625
662.4093628 198198.546875
680.3776855 222033.609375
711.413147 234767.328125
712.4014282 218301.546875
723.4393921 226865.03125
724.4387207 256773.765625
729.4210205 763107.5625
747.4362793 4602426.0
748.4332886 1223670.375
749.4428711 218201.71875
790.4452515 212090.203125
798.4469604 1104196.75
799.4482422 613041.1875
816.4580078 1682388.125
817.4537964 833858.1875
834.468811 9609833.0
835.4735107 4655158.5
836.4758911 1417498.0
897.5053101 662059.8125
915.5227661 1067889.875
933.5397339 2806447.0
934.5449219 1391269.625
935.5369263 301676.28125
1010.603943 272891.28125
1028.599487 389011.84375
1046.606934 777504.0625
1047.628784 342714.40625
1125.511475 220532.8125
1360.391968 204280.578125
