1723.89264946744 3
120.0811768 159739.53125
121.0840607 11881.4736328125
126.2614059 3090.4213867188
127.0865707 3347.0119628906
129.0659485 5644.5375976563
129.1026917 39074.08984375
130.0861511 13116.2705078125
131.1177368 12978.4150390625
133.0425415 3292.5954589844
136.0754547 44206.765625
141.3829803 3300.6979980469
143.1176453 6495.263671875
147.1127777 36325.74609375
147.1211853 3004.1472167969
150.4766235 3155.8134765625
156.0768127 6691.0854492188
157.0969543 9309.064453125
158.092392 5059.3642578125
159.0918884 4450.2495117188
165.0900879 4993.5551757813
165.1027527 6219.1435546875
167.0820313 6609.1318359375
169.133728 5889.216796875
171.0769196 6143.1455078125
173.1286469 20026.662109375
175.1191711 13035.498046875
178.0653687 4556.0522460938
179.0477905 4860.7641601563
183.1117554 4886.3413085938
183.1488342 29028.04296875
185.0922241 9373.9755859375
187.1066895 6948.0556640625
187.1432953 7307.951171875
197.1281738 12224.673828125
199.0709076 7728.8940429688
199.1078186 11223.1376953125
199.1798401 6602.845703125
201.0872955 4709.5053710938
201.1238098 22237.845703125
211.1450348 38649.17578125
213.0882416 4344.1079101563
215.1389771 5300.744140625
216.0972443 7664.8930664063
221.1286774 6807.3950195313
225.1233673 19676.462890625
227.1023254 33209.91796875
228.1336517 6245.4096679688
230.1121674 5740.220703125
231.1148987 11624.4931640625
233.1283875 37678.8671875
242.1493835 21064.091796875
243.1558533 5205.875
246.156662 4933.5302734375
248.1610565 9463.4208984375
249.124115 7813.375
249.1609344 9445.9755859375
257.1603088 5065.0498046875
259.1542053 5448.8139648438
261.1245117 22590.42578125
261.1611023 5367.7021484375
268.1665344 5681.9038085938
269.8901978 4476.0458984375
276.1353455 5822.4125976563
288.1179199 20449.7421875
294.144928 6067.298828125
295.1430664 4725.0122070313
296.1254272 8976.24609375
311.1750488 5496.2006835938
314.1350403 40480.66796875
317.2200012 33833.15234375
324.2298889 21992.5625
329.1827698 23541.7265625
361.2463379 5717.5693359375
374.1697388 8847.666015625
446.2627258 19352.611328125
447.2624512 5494.6396484375
471.2614136 9376.5703125
472.3059998 7115.7421875
500.2999573 10593.54296875
543.3441772 20454.349609375
547.3080444 41108.5234375
555.2837524 23856.744140625
571.3370361 49471.734375
571.3872681 32598.1796875
572.3422852 34953.96484375
588.8139648 5626.5625
671.425415 5874.2587890625
694.3786011 58524.9375
695.3828735 27886.603515625
753.4760132 75832.890625
754.4815674 24461.142578125
755.4807129 6316.4926757813
781.47229 76165.34375
782.477356 18186.689453125
807.4621582 7587.17578125
831.4979248 32118.21484375
866.5562134 21702.720703125
876.4779663 7207.9135742188
894.4915161 42077.17578125
895.5020752 21056.294921875
1385.18335 6996.7983398438
1515.129883 7278.4731445313
