1912.82322267876 2
135.2465363 4556.357421875
144.9853973 3979.0844726563
147.1121979 5729.7197265625
157.1332245 12361.017578125
158.09198 5133.1020507813
175.1182556 7027.615234375
185.1284332 29766.81640625
187.0703888 6391.6528320313
191.5076904 5511.044921875
201.0871582 6831.955078125
231.1248779 10257.2314453125
263.1034241 31992.333984375
316.1147766 13510.2490234375
334.1393738 54553.71875
384.0476685 6876.716796875
399.155304 8957.38671875
405.1777344 16540.361328125
494.2275085 12292.7373046875
534.2219238 9651.3583984375
548.3006592 8608.2412109375
551.2484741 10378.2822265625
598.5949097 7160.8935546875
638.2861328 29861.423828125
725.3129883 13789.37109375
727.3515015 11744.71875
842.3654175 9554.0224609375
956.4268799 9992.419921875
957.4040527 103175.9453125
964.5533447 11892.5048828125
1032.437012 9513.8623046875
1033.428833 10564.3173828125
1050.459717 158984.0
1051.460938 76593.328125
1052.446533 13490.1171875
1176.646729 11558.3935546875
1266.533447 29532.2421875
1267.526001 34254.67578125
1395.585327 12608.8984375
1468.584473 9890.62109375
1745.566528 10471.677734375
