1335.60975911537 2
94.78929901 12130.1865234375
101.0716248 42544.72265625
102.0557556 16793.26171875
110.0718918 62557.8984375
110.5939713 13688.79296875
112.8668137 10519.6865234375
120.0812225 130119.7265625
121.0848541 14053.1435546875
126.0558319 14417.7294921875
127.0871048 21296.171875
129.0245361 12011.4697265625
129.0576477 12671.9423828125
129.1029205 134829.890625
130.0863647 81762.3359375
136.0764771 23957.330078125
141.1019745 13961.9326171875
144.0660553 68767.3515625
145.1875763 10478.591796875
147.1131744 153648.71875
153.0658875 16510.923828125
155.081543 19521.642578125
159.1131592 110826.6953125
162.8004608 10687.94921875
165.1026764 17335.013671875
171.0764923 37688.34765625
173.0933838 16051.9326171875
175.1197205 14303.8046875
178.0533447 19220.51171875
181.0612793 13947.7890625
186.1237488 19559.01171875
187.1082611 57534.7265625
189.0873718 118106.828125
199.0720673 175762.671875
200.0757446 13328.8662109375
201.1247864 18193.376953125
204.1347351 161612.40625
211.4275208 11157.544921875
217.0821075 75817.4765625
229.1183624 20247.986328125
233.1655426 61206.9765625
242.0774841 16188.9775390625
256.0932922 15577.646484375
258.1088257 14991.9736328125
258.143158 10590.5615234375
261.0899658 15870.3544921875
268.0929871 221660.046875
269.098053 12480.76953125
274.1042175 19161.369140625
283.1763611 46845.7421875
286.1035461 243816.328125
287.105835 24917.44921875
301.1875 832800.75
302.1904602 132879.8125
304.1144714 50514.35546875
348.1239014 21239.62109375
375.1880798 12714.6171875
385.1347046 44131.8125
385.177002 32685.564453125
400.2551575 54800.1328125
405.1456909 13252.8623046875
457.193512 14666.1484375
462.685791 10498.10546875
476.2174072 13961.4375
523.3081665 11071.95703125
528.2402344 16806.84765625
534.1834717 24184.4296875
537.2624512 13992.310546875
571.2328491 17031.9609375
578.2859497 15967.86328125
633.2579956 18669.099609375
668.3538208 11867.0634765625
674.3239136 13146.7724609375
769.2956543 12312.376953125
804.3838501 60460.0859375
805.3937988 14244.1767578125
933.4260864 48782.953125
934.4250488 12202.0791015625
944.4503174 15275.9111328125
1081.71582 11103.8447265625
