1939.03185186921 2
136.0754395 33626.08203125
140.1426697 5424.1875
146.0924683 12873.2177734375
147.1122284 28764.720703125
148.8852386 4960.6674804688
150.0462036 5549.0659179688
155.0812988 18019.19921875
155.1175385 5011.3315429688
159.0910797 11378.4248046875
160.0951233 5508.3989257813
165.0057831 4656.1484375
171.0761108 7082.6870117188
173.0923309 11083.4189453125
173.1283569 14838.373046875
175.1188812 37774.609375
181.0608368 11692.02734375
183.0762482 27773.78515625
183.1130371 12688.6845703125
185.0561066 6033.6967773438
187.0714722 12019.4111328125
195.0761871 6040.7924804688
197.1281738 12402.501953125
198.0870972 7278.8598632813
199.0712585 17767.240234375
199.1807404 64816.38671875
200.1391907 15196.9951171875
200.1838074 10547.025390625
201.0885162 9008.4462890625
201.1231232 31600.255859375
212.1035461 10888.490234375
213.0871124 6320.703125
214.1556854 6718.373046875
215.1380768 6957.8530273438
216.0979462 14644.1240234375
217.0816803 8190.8110351563
218.1498108 30806.962890625
227.1753998 44858.55859375
228.1352692 34586.890625
228.3766327 5465.3515625
239.1138 48408.08203125
240.0984039 81483.296875
242.1501465 45169.52734375
243.1334076 17224.650390625
245.0761261 69209.546875
245.12677 7494.7177734375
252.1352386 7367.6254882813
254.1490173 8872.4765625
257.1248169 97003.2734375
262.1208191 8623.013671875
262.1512756 36307.984375
266.153717 7943.83984375
270.1077271 14329.12890625
277.1191101 16771.66796875
289.1877136 38433.6875
292.1290283 10898.01171875
294.1453552 7311.8627929688
297.1575012 11113.30859375
298.1034851 42532.88671875
299.1043701 8106.8896484375
311.1717529 32681.205078125
312.1554871 32891.95703125
314.0978699 51774.05859375
315.101532 7920.6049804688
315.1682129 17003.720703125
316.1131897 27272.931640625
316.1484375 7528.3095703125
325.1903076 12265.4130859375
329.1817932 15888.0400390625
332.1080627 28172.5234375
336.1565857 6884.5444335938
338.1806946 15301.576171875
339.1661072 63280.87109375
353.1813965 34176.31640625
355.2335205 59779.29296875
356.1925964 30567.07421875
356.2363586 9657.3095703125
361.1505127 9332.5576171875
370.2094727 31866.126953125
371.1954346 9648.3740234375
372.2622986 16222.53515625
383.1931458 10157.9228515625
383.2440186 7206.40625
385.1369629 11202.0234375
391.1598511 15117.837890625
400.2182922 12220.9560546875
401.2184753 11020.845703125
409.1348267 10096.5419921875
409.2213745 44208.734375
410.2245178 9883.1796875
418.2306824 38999.890625
419.2332764 14416.2919921875
424.2565613 12913.75390625
426.1968384 10966.568359375
452.249054 12888.1416015625
469.2805481 15765.0546875
483.2923584 27396.91796875
497.1776733 8684.388671875
514.1815186 16392.12890625
531.3151245 41055.796875
532.3151245 29796.501953125
533.1902466 9272.96484375
533.3167725 9345.423828125
538.2625122 46148.0078125
539.2774048 10484.3701171875
554.2695923 7300.9326171875
565.3361816 7935.0864257813
582.3668213 15012.39453125
620.3126221 8961.5205078125
644.3978882 11010.728515625
648.2689209 9286.7109375
651.3491211 41618.08203125
652.3522949 10382.5107421875
667.3449707 9928.791015625
715.3812256 9427.0146484375
738.3790283 68563.265625
739.3853149 16321.533203125
740.3895264 10796.4189453125
761.3503418 8408.2314453125
762.350708 10067.73046875
773.4608154 8838.7939453125
847.9344482 11115.9560546875
848.4306641 33655.78125
849.4224243 29746.49609375
857.4910889 14156.005859375
858.4958496 12431.423828125
866.437439 64832.68359375
867.4407349 33793.8984375
901.4956055 11678.1044921875
902.5049438 14105.5927734375
903.5042114 11273.572265625
1029.502319 231628.1875
1030.507935 125326.4140625
1031.515625 71567.453125
1032.529297 32478.5625
1074.512695 9426.3857421875
1142.583374 105823.4296875
1143.584106 70084.8203125
1144.583862 13026.77734375
1177.602783 11242.021484375
1178.609131 45399.32421875
1179.609741 15784.162109375
1253.604736 33762.3046875
1254.62854 11370.662109375
1259.620605 9527.080078125
1270.643921 71559.1953125
1271.642578 46486.65234375
1292.647827 52120.6015625
1293.663208 31698.9453125
1339.670654 14394.5859375
1340.657837 13146.76953125
1341.690796 12138.005859375
1353.773071 15588.103515625
1354.756958 30056.212890625
1357.677856 352542.78125
1358.675415 244118.53125
1359.67688 102026.296875
1360.697388 34349.99609375
1456.743286 133461.203125
1457.757935 78596.03125
1458.729004 36053.4921875
1567.775635 29851.720703125
1568.777588 14203.0732421875
1584.800415 56302.10546875
1585.81604 53397.79296875
1586.810303 31320.10546875
1695.85083 11580.064453125
1696.831543 13013.7724609375
