1648.86557858145 3
115.0872574 16545.083984375
120.0807266 20808.15234375
129.066391 30123.26953125
129.1027222 180172.5625
132.3820953 19249.5859375
136.0755463 30556.619140625
138.1291656 15165.03125
141.0669403 18182.724609375
144.065506 47295.53515625
147.1131897 27167.15234375
156.0761414 15929.08984375
157.1087341 19381.271484375
157.1338959 18829.5390625
159.8647156 17101.109375
169.1332855 87923.671875
171.1128082 34447.4765625
171.7061157 18740.65625
175.1192932 288430.75
178.0540161 196127.765625
181.0987091 22185.216796875
186.1235809 98739.78125
189.0871277 86050.4609375
197.1286316 34676.375
199.1077271 162865.09375
215.1041565 36123.41015625
215.1398315 21691.771484375
217.0814667 47434.25390625
227.1032104 246052.578125
240.0984039 24398.90234375
288.2029114 51283.359375
295.1497498 52372.61328125
312.1785583 120061.234375
322.1872864 25416.69140625
326.1724243 102654.21875
338.1372375 27701.708984375
381.3869019 24250.654296875
402.20047 27921.59765625
409.9028015 22561.3671875
411.2333069 90792.2421875
411.7376404 40289.2890625
425.2640686 55197.9609375
485.2369385 33620.3984375
496.2988281 246249.484375
497.305603 46958.046875
503.2487793 137084.25
532.3067627 33323.47265625
549.3257446 384866.0625
550.3267212 162265.6875
551.2952881 36712.53125
581.3218384 28955.380859375
595.3712769 375239.84375
596.3743286 92026.765625
600.3043823 26001.31640625
651.5557251 28613.62890625
659.3575439 39276.47265625
681.3586426 35941.64453125
699.3695068 42501.4765625
724.4147339 244549.328125
725.4105225 49481.5
758.4019165 31490.013671875
810.4014282 33993.03515625
821.4620361 392674.4375
822.4655762 198577.8125
828.411438 85023.671875
932.4910889 35037.765625
950.5062256 45149.8046875
1317.430054 27605.21484375
1403.004883 31862.607421875
