2095.12219730886 3
145.0969391 9081.703125
146.0632935 23314.818359375
147.1121979 19997.5546875
155.0810089 13610.97265625
157.0978088 14782.0234375
157.1333313 9449.0810546875
158.0925751 19850.51953125
159.0772552 12332.400390625
159.0914917 31204.30078125
173.0919189 23880.9296875
173.1282654 76636.6640625
174.0583191 48926.04296875
175.1192932 92764.2109375
185.1278229 11720.798828125
185.164856 116123.4765625
186.168335 10965.1171875
187.0712128 19022.0546875
190.0980225 12071.974609375
196.1450806 14618.2919921875
197.1288757 24319.375
198.0875854 10480.482421875
199.1785126 13518.6162109375
201.0867004 11235.1025390625
201.12323 29130.8984375
213.1600494 67709.5234375
214.1577759 12492.5498046875
216.0973663 14742.93359375
228.1344452 12757.8525390625
229.1165009 13948.4853515625
235.1081543 12396.193359375
240.1322479 12535.7041015625
242.1499634 95350.9609375
243.1328278 12539.18359375
258.109436 10957.3408203125
258.1434021 10465.228515625
274.1186218 11630.3974609375
289.0870056 103712.53125
291.9739685 11350.4140625
305.1610107 60337.48828125
308.1220398 18191.2734375
332.1287231 23629.287109375
333.6971741 12447.26171875
341.2180481 134024.09375
342.220459 21608.052734375
343.1614685 14657.2783203125
348.8080444 11931.6552734375
355.2338562 27262.701171875
360.1233215 66828.9140625
361.1278381 17912.3203125
379.1958313 15005.9677734375
388.2558899 12592.666015625
427.1581726 18565.62109375
431.1625671 17854.0
437.2809753 13326.083984375
445.1702576 19481.126953125
454.3027344 67966.90625
478.2763672 151942.890625
479.28125 30267.595703125
535.3240356 28191.326171875
567.3880005 25426.212890625
588.3018188 14064.3232421875
641.3423462 156252.390625
642.3449097 75455.625
690.336731 17998.54296875
717.1045532 18230.583984375
728.3713989 329551.8125
729.3779297 173824.640625
736.3881836 23380.056640625
737.3856812 23359.140625
738.4012451 19193.357421875
747.6723633 15241.5126953125
841.4564819 196521.546875
842.4559937 113629.421875
843.4605713 25678.544921875
912.4974365 122119.890625
913.5015869 66683.1171875
1013.54303 166926.0625
1014.544373 103974.609375
1084.585205 28414.08203125
