2528.39687617803 3
175.1193542 26480.990234375
183.1491241 83379.4765625
193.734436 11692.79296875
197.1281891 10546.46484375
200.1400757 12978.8662109375
201.0882568 11363.6513671875
211.1444092 24805.708984375
219.1493988 11653.0166015625
230.0794983 13368.10546875
240.1343384 192503.078125
242.149353 16488.32421875
243.1351776 14962.626953125
246.1808472 18954.048828125
294.179718 16349.5849609375
295.1870728 14121.79296875
304.1295166 14060.568359375
311.171814 60910.80859375
311.2072449 27483.3515625
312.1909485 14771.978515625
314.1721191 18361.25
329.1829224 32188.076171875
339.2042236 76409.7421875
343.1654358 16631.90234375
347.2296448 25785.921875
352.2996521 14191.4033203125
365.2175598 13311.7275390625
368.2284851 17361.90234375
405.1773071 18282.08984375
414.2733459 13549.384765625
438.2747498 20056.80078125
442.2676392 23306.2421875
444.2808533 33583.33984375
455.1815186 22013.998046875
464.2940063 14090.37109375
471.2621765 16552.396484375
488.2174377 16102.62109375
490.7792358 26015.638671875
510.293335 18477.890625
555.3544312 66370.4609375
567.3149414 65806.5703125
571.3165283 17873.3359375
605.3326416 50280.06640625
633.3284302 23607.482421875
640.8530884 56913.49609375
668.3621216 104370.25
670.3776855 57847.21484375
671.3776245 21292.228515625
676.3787231 97574.953125
676.8860474 24704.83203125
690.3811035 55794.69140625
690.883606 30300.642578125
703.3988037 18094.494140625
716.3614502 28679.748046875
725.9094849 18185.01953125
726.4123535 22105.61328125
730.8667603 22953.087890625
739.9044189 20264.58203125
755.5095825 18049.0625
769.4083252 144793.390625
770.4134521 93250.171875
771.4136353 20260.8125
784.4150391 20848.7890625
842.5151978 27383.4765625
844.9182739 263430.8125
845.4206543 65757.625
882.4979248 31013.783203125
913.4695435 86695.015625
914.4616699 59252.18359375
915.4787598 17193.56640625
930.4891357 69626.1640625
931.4996338 18880.69921875
979.5487061 385358.28125
980.5476685 216033.171875
981.5584717 42822.453125
1041.557739 68840.125
1042.554443 24602.330078125
1043.560791 19796.443359375
1050.578369 156339.6875
1051.58728 136103.234375
1052.589966 27161.048828125
1060.380127 19567.732421875
1095.59436 23815.3671875
1118.57312 19618.76953125
1149.64209 114750.3828125
1150.650024 65838.3359375
1151.650269 26726.55078125
1248.725586 58326.8515625
1270.590576 20296.3046875
1487.843384 83557.8359375
1488.859497 30243.978515625
1799.89624 18313.58984375
2356.873779 21152.671875
