1327.67301982813 3
93.0704422 4237.5688476563
95.04982758 6654.0888671875
97.06559753 5800.1279296875
98.02439117 6035.3286132813
101.0712509 5637.4716796875
101.1082993 3524.9477539063
103.0545883 7186.3349609375
104.0534134 28474.0390625
115.0869675 6230.4165039063
116.0710449 4174.3120117188
119.6856079 3950.3032226563
120.0811768 297354.21875
121.0846939 37865.51953125
127.0868073 5897.7158203125
129.1024933 100658.2421875
130.0661621 5255.3442382813
130.0866089 26303.373046875
130.1063538 4012.0485839844
136.0762024 6854.7075195313
141.1023712 6525.4389648438
143.0807953 4833.859375
143.1180725 20297.84765625
147.112915 39569.5390625
155.1170807 4678.6801757813
157.096756 4605.3173828125
159.0767517 26723.611328125
159.0919342 34017.1484375
160.0945587 4297.8388671875
168.0770569 5245.2993164063
171.4294434 3713.2199707031
173.1297455 13079.0625
175.0905457 7195.2109375
175.1190186 50399.5078125
177.1025085 24310.3046875
178.1057587 5554.716796875
182.0762177 3764.9460449219
185.0561676 18705.451171875
185.1649017 6397.4291992188
186.1228333 8560.00390625
187.0715485 9046.330078125
187.1082764 7879.2739257813
188.070694 22086.619140625
195.0400085 5815.6474609375
197.1292267 4557.7358398438
199.1803589 7000.2358398438
200.1022644 5839.62109375
201.1238556 5904.1694335938
203.1217346 8680.2841796875
204.1345825 52920.23046875
205.0974121 6669.2739257813
207.1122131 7058.9682617188
213.0523224 4297.8510742188
213.771225 3768.2116699219
215.1030273 6858.0327148438
217.0980225 5040.0791015625
217.1342773 15914.54296875
219.1493988 102097.5859375
220.1534424 8309.501953125
221.0866394 4635.0034179688
226.1537018 4372.4970703125
227.1764679 4798.4858398438
230.0774841 24349.1953125
230.1503448 17940.2421875
235.1076508 17883.525390625
238.119751 5055.8500976563
239.0950775 6976.2563476563
240.1343231 5666.4711914063
240.6339569 6649.8305664063
245.1293335 8242.353515625
246.0906372 5659.2514648438
247.1445923 73196.9296875
248.1461334 6591.8408203125
256.130249 5446.6909179688
260.1970215 9212.416015625
262.1559448 7541.8212890625
270.5223083 4254.2744140625
272.1744995 7146.5219726563
280.1296692 5422.5048828125
283.1405029 19412.064453125
286.1412354 4824.8544921875
287.2110901 14380.02734375
298.1410522 14009.0166015625
299.1713257 6207.501953125
301.1506348 36110.00390625
303.1104736 5314.5375976563
315.2069397 6392.7456054688
316.1667175 17117.05859375
318.1766663 59047.0390625
319.1800232 6252.0004882813
330.1801453 47903.5
334.1764526 5276.1245117188
348.1911926 6209.8295898438
359.2394714 7542.3315429688
373.1871033 23405.013671875
394.2131653 9112.0458984375
401.2897644 14395.107421875
428.7692261 5695.1264648438
429.2493591 8647.4013671875
432.1913452 8700.037109375
439.2648621 5129.7392578125
444.292511 34279.15625
449.2201233 29267.96484375
456.2931519 68785.03125
457.2921448 16187.884765625
463.235199 26971.1640625
477.2543945 4891.478515625
481.2457886 4859.6533203125
483.7923889 18916.669921875
484.2858582 7204.4301757813
520.2531128 26417.95703125
530.3258057 8537.759765625
548.3218384 6418.0537109375
584.3892212 8304.248046875
618.2548828 14683.572265625
627.3791504 26831.021484375
628.3837891 13845.0283203125
635.2773438 54357.21484375
635.3689575 7621.2045898438
636.2794189 17396.05859375
685.4302979 24144.412109375
686.4295654 5131.1088867188
727.4628906 5871.0395507813
855.5314331 7232.36328125
907.7775269 4382.9580078125
