1659.89631758597 3
120.0807419 181290.703125
129.0656891 35097.1875
129.101944 190303.015625
130.085968 91486.5390625
136.0758514 52020.73046875
147.1127167 84328.5703125
157.1336365 580352.3125
173.1282501 107910.4140625
175.1183014 43991.36328125
185.1283722 265178.625
197.1285248 55629.65625
199.1075134 297153.875
200.139389 56738.15234375
201.1231537 74023.9375
215.1392365 48009.984375
218.1499634 416434.5625
219.1495819 52194.5625
227.1030273 431537.09375
228.1054382 52992.83203125
231.4008179 36125.01953125
263.1030884 47733.21484375
268.1663208 403134.53125
274.1882629 88893.7421875
286.1757507 198825.640625
333.1774902 102878.90625
339.1706848 52465.265625
339.2411499 54726.50390625
340.1873169 214710.6875
342.8546448 53036.53125
358.1721191 47879.41015625
367.232605 167240.390625
382.723114 51670.67578125
412.1538391 51504.83984375
423.2243347 74364.1328125
480.2450256 224460.59375
579.3149414 236219.3125
593.3383179 51750.5703125
690.3416138 65561.015625
707.3800049 84025.1484375
743.3590088 59387.8671875
874.6848145 63846.93359375
936.4794922 109036.59375
1049.566162 67252.1484375
