1015.56386572413 2
72.08158875 603323.9375
78.256073 275669.625
78.38144684 255219.4375
79.98986053 250163.6875
83.06124115 314973.8125
84.04510498 1781033.875
84.08149719 1636257.0
85.04811859 290063.90625
86.09716034 10512914.0
87.10025024 382271.5
87.63021851 269164.25
100.1057663 316307.96875
101.0717163 324329.875
102.0555344 418906.34375
109.8547974 267829.1875
116.0714417 312720.34375
120.0810852 1577576.0
129.1025391 1598309.0
130.0868988 1031721.4375
136.0759583 494473.625
141.1023865 1161722.0
147.1130676 1822520.0
175.1191711 537386.0625
183.1135406 652740.9375
183.1489716 476146.5
187.1090546 333867.125
199.1819 320580.28125
201.1235809 9470579.0
201.1415863 570866.625
202.1269836 1237637.5
211.1438141 355953.5625
215.1398773 445494.34375
225.098587 374115.84375
229.1195221 770128.125
240.0983887 383707.34375
243.1108246 307647.75
243.1342773 432280.71875
244.1658783 557441.0
255.3703156 289342.59375
256.165741 479722.6875
258.1459045 551158.0
260.1967468 458693.75
276.1559448 330027.40625
288.2029724 480661.28125
353.1844177 331645.59375
357.2490234 3515763.25
358.250824 469589.59375
468.2806396 656724.4375
486.2938843 344385.84375
531.3103027 503287.75
546.2886963 361713.0
608.3427124 387501.78125
787.4523315 646119.9375
840.1541138 342683.125
