1228.66612909849 2
85.08495331 47646.84375
85.48300934 46530.6953125
86.09714508 1152795.5
101.0716476 64405.55078125
102.0556946 88855.0859375
107.4343414 47050.734375
114.3809586 51120.54296875
129.1025085 2700363.25
130.1062164 90970.265625
136.0762939 89502.625
141.1028442 101346.84375
147.113327 70888.9765625
158.0923615 102653.453125
168.1131287 61216.17578125
169.097229 215150.734375
175.1190796 833911.25
176.1251526 62520.3515625
186.123764 918009.75
187.1274414 84819.921875
194.2547913 51824.015625
199.1803284 115777.7421875
201.1237335 707488.0625
202.1257477 61881.55859375
210.024826 108720.953125
215.1399536 70424.7734375
227.1769562 60237.21484375
229.1184387 1212445.375
229.2171631 57371.15625
230.1212921 75350.109375
238.6678467 59195.22265625
243.1337128 91650.828125
270.1835938 63858.2734375
271.1775818 56655.6328125
281.197937 539546.6875
288.2008362 87701.015625
299.1729431 50153.30078125
299.208313 205182.71875
342.2026367 94601.0546875
401.2877808 437576.46875
414.2330322 83206.8671875
474.2420654 422765.75
516.0264893 58611.71484375
516.3113403 77322.7890625
527.2950439 118009.671875
586.8220215 68888.046875
589.2629395 76101.0703125
598.3345947 63607.44140625
614.831604 91520.125
615.3890381 485529.40625
637.9605103 63282.0703125
686.2694092 58768.20703125
703.303833 268655.625
757.3253174 74089.7109375
758.4077759 77632.8515625
774.3505249 549156.0
775.3451538 302318.1875
776.3519897 58787.5625
815.4379272 921451.5625
816.4393311 413386.4375
887.4254761 367783.15625
888.4282227 216980.390625
913.4401245 69267.5703125
930.4661865 909317.4375
931.4621582 549120.125
932.4604492 116803.5703125
1000.507141 207487.3125
1001.525391 78875.5625
1043.543701 715104.8125
1044.553833 469510.53125
1045.54187 83777.9453125
