1545.76058550205 2
110.0713654 9151.91796875
120.0806122 52637.79296875
127.0498199 15801.2021484375
129.1025848 191554.671875
130.0859528 17454.953125
133.0428467 27712.1484375
136.0755768 110564.328125
147.1126099 65101.15234375
154.0871429 9187.3681640625
155.0814972 10817.142578125
157.0973969 20467.751953125
167.0809479 11783.3515625
169.0969849 19724.607421875
171.1128235 9654.0517578125
173.1290588 12994.68359375
175.1188507 30144.82421875
183.1129303 22608.982421875
185.0921173 24955.525390625
186.1234131 86542.8984375
192.5060577 11152.91796875
198.1239166 18429.75390625
199.107254 18543.09375
199.1802673 29454.89453125
200.138916 21812.685546875
201.1233978 24558.005859375
213.0875854 16227.1572265625
214.1193848 55254.5546875
216.1339111 63442.01953125
218.1507111 19254.76171875
226.1186829 25854.41796875
227.1026154 73585.7578125
227.1754761 28646.724609375
228.134491 126341.609375
229.1184387 14835.4501953125
230.0785522 12552.5205078125
240.134079 28396.5546875
242.1509552 13582.0947265625
244.0922394 11280.091796875
244.1659851 15524.365234375
246.1273956 70495.984375
256.1660461 19764.876953125
258.1470032 14646.830078125
260.105957 19379.880859375
264.3315125 15680.1494140625
268.1301575 64107.92578125
272.1253662 15005.4501953125
274.1218262 56704.28515625
283.1410828 28354.86328125
285.1568909 14831.3876953125
286.138855 103150.28125
287.1442566 21509.40234375
287.5111084 12916.9326171875
292.1281433 23026.83984375
297.1552124 15796.6552734375
310.1126099 25839.716796875
313.1526184 13820.7421875
319.1971741 29193.5234375
327.2012329 16238.3984375
333.0862732 18559.212890625
339.166748 19350.015625
341.2189026 129271.015625
342.2250671 25124.791015625
343.1593933 15662.8427734375
355.1603088 33772.4453125
357.1759949 52896.765625
369.1399231 19535.826171875
373.1876221 25573.978515625
375.1811829 21693.69921875
379.1982117 16208.6064453125
386.1677246 23020.919921875
400.1836853 59498.29296875
406.2282715 26669.099609375
409.1817932 17702.185546875
428.2465515 17149.904296875
436.2143555 20572.61328125
442.2293701 13584.23828125
444.7901306 13294.576171875
454.232666 65712.6484375
471.2733765 14512.8056640625
482.2284851 30456.23828125
485.2735291 67335.1640625
499.2493896 92327.25
503.2826538 800214.5625
504.2858276 200074.5
545.2414551 30592.181640625
618.3148193 27969.978515625
642.2549438 15940.5029296875
675.3312378 151442.9375
676.3348389 57414.84375
692.3616333 21394.927734375
702.3573608 16505.8203125
730.4475098 16975.62109375
772.3870239 71919.0546875
773.3950806 28122.076171875
774.3901367 178298.984375
775.3986206 62603.80859375
796.4143677 84046.21875
887.4907837 103562.4765625
888.4899292 19803.5859375
1012.552307 74068.0390625
1013.529663 18020.109375
1047.517578 165700.28125
1048.524902 117730.8125
1049.523438 58022.78125
1220.614136 20293.419921875
1221.632813 19601.75390625
1254.753296 20317.05078125
