1593.6850524724 2
110.0711594 16536.412109375
115.0503693 5330.2387695313
116.070549 8056.16796875
120.0811691 107720.9921875
124.4486923 4357.4458007813
126.0539932 5503.1108398438
127.0862122 6629.947265625
129.0662994 5379.875
129.102356 18780.9140625
130.2534332 5178.0151367188
133.0427551 9617.5341796875
135.3168793 4920.787109375
136.0761261 13626.8798828125
139.9516907 5045.3647460938
143.1173553 7605.4389648438
147.1124725 13805.076171875
155.0814514 5880.482421875
158.094101 7661.0615234375
159.0922089 8281.943359375
169.1339417 5415.9106445313
171.1130066 12539.9306640625
173.0535278 6318.7045898438
173.1275787 7013.7099609375
175.1189117 78655.78125
177.1005707 7675.4682617188
185.0912323 6319.66015625
187.0715637 9198.4755859375
187.1445313 14451.5166015625
188.1448517 5715.6982421875
197.1282501 16756.166015625
199.1086273 10296.591796875
201.1244049 10409.671875
204.1360016 6865.1713867188
210.0262299 8377.40234375
210.1800232 5972.0146484375
213.0873871 11118.701171875
215.1391296 30621.025390625
216.098999 7429.8188476563
217.1370544 15455.255859375
221.1286621 287162.0
222.131897 16033.5234375
227.1023712 9519.0283203125
229.1168823 9959.779296875
229.5566101 6577.6435546875
233.1637726 6620.7495117188
244.1677246 6698.9501953125
249.1234894 139026.140625
250.1260529 7865.2080078125
252.0371857 8192.0146484375
258.1098022 7717.4013671875
261.1586304 7480.751953125
299.7722778 8230.193359375
334.1807251 8121.904296875
344.1990051 11085.8876953125
362.2103271 11052.8125
363.1819458 18275.732421875
445.2454529 12826.7412109375
611.3001709 44469.13671875
740.3408813 18092.474609375
860.3655396 17533.748046875
900.3686523 52405.26171875
901.369812 15423.72265625
997.4325562 12742.6708984375
1040.427002 12578.0947265625
1060.396606 107135.1328125
1061.407593 39008.90625
1062.46814 17041.9375
1082.533203 10159.5126953125
1131.433105 97375.5546875
1132.446655 50414.40625
1133.434082 14636.271484375
1232.479248 123394.1875
1233.48999 49890.375
1234.48877 31370.583984375
1250.615845 16659.37109375
1345.56958 75926.5078125
1346.5802 29862.703125
