1489.82713797393 2
110.0718307 24423.744140625
115.0869293 9986.2763671875
119.050354 11597.6572265625
119.0820847 19478.189453125
120.0810547 200264.109375
126.0553055 17024.0390625
127.0866852 19563.607421875
129.06604 14620.0146484375
129.102417 167274.609375
130.086792 78826.3125
130.0955505 12865.3818359375
133.0430145 12244.45703125
136.0758972 237436.03125
137.0794525 15070.392578125
141.1021881 23462.60546875
145.0606995 12072.66796875
147.1126709 133875.828125
155.0816193 41539.48046875
157.0972748 62471.08203125
158.0929413 11040.265625
159.0918427 23899.697265625
167.0816956 23479.5625
169.1336365 79313.796875
171.0761719 23799.46875
171.1130066 12483.5966796875
171.1490021 19881.36328125
173.1286621 350936.21875
173.1427155 21511.6015625
174.1320648 19620.15625
175.1193237 57481.890625
181.06073 21883.51953125
183.1136017 21503.181640625
185.0928497 20779.5
185.1652069 12269.75
187.1442566 23622.3359375
189.0872192 17516.705078125
193.0969238 94779.359375
197.1288757 68897.8359375
198.0875854 14481.4306640625
199.071167 62247.11328125
199.1078491 14811.8720703125
199.1444244 19165.47265625
199.1808472 122454.421875
200.1401215 15677.638671875
201.1049805 15347.1513671875
201.1235504 407355.34375
201.1413574 19169.123046875
202.1268921 23113.826171875
211.1069489 10930.1689453125
212.1022644 16109.6474609375
213.0873566 20763.732421875
215.1394196 43956.57421875
216.0977173 67764.9765625
217.0819702 11808.087890625
219.1492004 18930.12890625
221.0930786 40868.34765625
226.0835571 14257.8046875
227.1021729 44059.96875
227.1753998 42127.1953125
228.1348267 25219.76171875
229.118866 24331.67578125
233.1641541 12977.189453125
240.134613 17815.83984375
242.1513977 12936.6982421875
243.134964 18336.599609375
244.1655731 52821.578125
248.160965 18316.412109375
249.12323 11185.2001953125
249.1608429 13539.90625
250.1190491 21219.216796875
258.1446533 20178.767578125
259.9126587 12480.4423828125
261.1583557 12684.1435546875
266.1493225 9993.2490234375
269.1853638 37610.14453125
270.1814575 63994.953125
272.1715088 15188.2578125
275.1714783 12619.4013671875
278.1137695 19262.2734375
284.1237793 57379.11328125
284.1557007 11369.0615234375
296.1956482 13700.8955078125
310.1765137 79305.890625
311.1721191 25298.732421875
312.1294861 16287.9365234375
314.2077942 135984.140625
315.2086182 17425.171875
326.1716919 113508.2734375
328.1123352 49725.99609375
329.1815491 23269.4609375
330.1455383 14314.3212890625
335.1352234 23432.08984375
341.2181702 46723.00390625
353.2184143 15807.28515625
355.1580505 21443.9765625
362.2062988 16383.662109375
371.2275696 17893.80078125
373.1177979 20976.888671875
375.2218933 11294.275390625
397.2485046 14487.59765625
409.2442932 24192.341796875
420.2269287 18224.1484375
425.237854 62606.03125
440.2142639 22933.078125
475.2868042 14397.19921875
486.196106 12983.5283203125
523.2507935 12427.6865234375
526.2525024 20466.7578125
538.2855225 86649.546875
539.2835083 20256.859375
540.2848511 13214.3759765625
541.2553101 16000.650390625
550.263855 13400.033203125
632.3076172 145526.5
633.3092041 48261.22265625
637.2810669 13621.0732421875
658.2869263 12384.5947265625
734.4115601 134954.328125
735.4090576 50660.07421875
737.3511353 20683.703125
744.4537354 70964.859375
745.4271851 23659.525390625
746.3814697 51617.86328125
813.4264526 12916.3310546875
830.4130859 68813.9296875
831.4211426 25590.46484375
839.3810425 57684.1171875
848.4436035 64029.76953125
938.4486084 17055.931640625
949.4891357 49704.6015625
950.4990234 13175.896484375
1031.483887 44436.87890625
1046.512939 18925.30078125
1063.546143 93672.6015625
1064.529785 56609.44921875
1156.55481 20836.45703125
1176.614014 51390.78125
1177.614624 17002.484375
1289.688721 16245.205078125
1293.467041 14371.953125
