2014.99920578378 2
141.0654297 7746.2231445313
141.1026611 5218.2895507813
147.1123505 14374.3642578125
149.5547943 4870.974609375
155.0717621 6995.7568359375
155.0817566 123732.765625
157.096756 6366.9848632813
169.0959167 8320.404296875
172.1075287 14770.1708984375
175.1188812 43096.9921875
194.4171143 7066.1630859375
201.0890198 6570.4604492188
201.1225128 6973.5146484375
204.0807343 61804.69921875
215.1389618 29008.826171875
218.0594635 9808.2431640625
226.1195526 12135.546875
226.1550598 68463.7421875
227.1568146 6836.5791015625
229.1183472 34220.45703125
232.075058 40658.71875
240.1323242 8974.45703125
243.1334686 35074.93359375
244.0896606 9617.4384765625
244.1645966 30951.404296875
249.160141 6966.2802734375
254.1500244 178886.375
255.1534882 16964.625
258.0906677 30851.1953125
258.6352844 6619.1049804688
261.121521 7911.7216796875
270.1113281 7474.0727539063
271.176239 10268.33203125
283.1754456 8512.0048828125
286.122345 11934.451171875
288.2044373 16517.818359375
289.2064819 9584.439453125
295.1408691 15462.390625
298.1399231 10577.4189453125
301.8233948 6617.9907226563
310.1760559 45083.0859375
311.1720886 16704.310546875
320.1619263 7558.66015625
325.1890869 10965.619140625
325.2229004 55120.76171875
329.1257019 12086.28515625
342.2038574 64412.4453125
343.206543 14803.77734375
353.2189026 41099.6484375
356.2182312 31404.76171875
358.1618652 11626.6220703125
365.2201538 10413.763671875
382.2450256 31493.72265625
386.1487427 17092.583984375
394.2080383 10959.015625
401.2859497 89905.796875
408.2239075 7134.5146484375
414.1867981 8026.0258789063
423.2591248 16148.07421875
424.2618713 13829.2998046875
433.2453613 16926.41796875
453.2355042 60274.7421875
454.237793 30526.564453125
457.2214661 16863.6875
471.2477417 70931.6328125
472.25 67558.90625
485.2173462 32946.6953125
524.5197144 9617.078125
533.2210693 15042.66796875
536.3441772 29805.30859375
537.3484497 18758.31640625
539.3111572 15775.1552734375
556.3327026 9290.494140625
557.3370361 15820.8291015625
567.324646 11026.7724609375
584.328186 46674.609375
585.3341675 48625.93359375
606.3251343 56615.59375
640.2868652 10128.6005859375
652.3780518 17082.984375
663.3833008 123037.3125
664.3848877 48603.92578125
672.2697754 9121.2197265625
698.4139404 12772.5849609375
749.4092407 8513.650390625
778.4109497 38955.54296875
839.4044189 10000.525390625
891.4975586 92872.3125
892.486145 78690.65625
989.5604248 16699.10546875
1006.560974 42476.7734375
1007.584167 161739.890625
1008.588257 71590.9765625
1009.554504 16074.5009765625
1077.554932 62966.078125
1078.564087 39565.12890625
1139.582886 11099.2548828125
1141.59375 11827.9404296875
1206.595215 41701.5859375
1207.611572 14248.3984375
1208.58252 12965.4052734375
1238.631958 11111.05078125
1259.203613 8855.8173828125
1267.501709 10342.5400390625
1277.668701 15113.833984375
1352.707642 12957.1318359375
1374.691528 138056.109375
1375.687012 77849.7734375
1376.708252 40207.65234375
1414.674805 11154.7236328125
1431.713013 223258.234375
1432.713135 238332.0
1433.718994 76900.359375
1530.789185 117577.3984375
1531.783081 92250.421875
1532.783447 32036.734375
1783.924316 12697.9208984375
1784.911743 28881.453125
