1165.54787624447 2
84.04502106 2834458.25
84.0814743 3143443.5
86.09709167 28491092.0
87.10006714 763931.75
102.0555878 1427119.625
109.172226 715162.4375
120.0812912 1144893.5
129.773941 796216.8125
130.0865631 1051597.25
147.1128693 1628963.5
156.9342651 772269.375
157.1336975 32667794.0
158.1372986 1631274.5
165.6138 848000.8125
185.1287384 7064766.5
229.092804 1759841.625
231.0976715 795535.25
234.1448212 3128471.0
379.2198486 755614.75
381.2119141 3215276.5
494.1885376 863556.375
495.2521973 1481279.625
566.1849976 1231805.625
609.3067017 1168011.375
723.3381348 1669194.0
724.3416748 903870.875
852.380249 1149379.5
964.418396 1219173.125
981.4337769 5682921.0
982.4194946 3210965.5
1030.108276 839897.75
1040.61853 814081.0
