1557.753524 2
110.0713882 22414.203125
115.0209122 24479.771484375
117.390007 3963.90625
122.0715103 10598.3056640625
128.5916748 2882.5864257813
129.1026611 37719.640625
134.071167 3046.8037109375
136.0752106 6217.9633789063
143.0162354 4364.2548828125
147.1122894 4385.6704101563
147.5525818 3468.6535644531
150.0663757 7269.5258789063
152.3673096 3047.7419433594
157.1332855 4165.4428710938
160.0423431 33214.05859375
160.0542755 4261.3237304688
161.0262451 3638.7106933594
166.0983887 4026.0974121094
167.0925751 32403.189453125
175.1195068 8239.5771484375
178.0619812 40407.01953125
185.1284332 6257.1665039063
195.0881653 108328.875
196.091095 7585.5952148438
226.1182709 3974.5146484375
230.1483765 5877.5483398438
238.249176 4894.2631835938
239.4429779 3747.9895019531
248.1143799 9764.13671875
248.1596527 4437.0063476563
249.1241913 3759.9697265625
252.0361176 75004.4921875
266.1250916 43137.3125
288.109436 5432.916015625
293.1139221 5503.8618164063
309.0935974 39853.79296875
392.167511 9977.9501953125
392.2150269 9321.0625
406.1658325 5152.6650390625
422.1550903 11587.1611328125
449.237915 37983.30078125
450.2366333 18712.345703125
463.2459412 5993.5078125
564.265625 29898.638671875
592.7962036 12464.8720703125
663.3306885 8895.083984375
734.3695679 21908.416015625
761.8586426 11416.4423828125
762.3670654 20578.63671875
778.3933716 65530.55859375
779.392395 36243.53125
780.4174194 74896.5703125
808.3685303 6466.7875976563
934.4884644 20883.2109375
978.5233154 11349.599609375
979.5388794 8311.7705078125
982.4693604 59183.375
983.4696655 25024.923828125
1148.5896 8372.748046875
1292.632202 25170.6796875
1363.68042 22125.556640625
1364.688354 25419.62109375
1424.786255 7029.2504882813
