1136.5779742075 2
78.93106079 16907.9921875
84.04506683 214116.640625
84.0816803 179853.25
86.09711456 955296.5
86.10240936 32151.962890625
87.0560379 43587.765625
87.10044098 39598.4375
88.03517151 19006.369140625
88.03977203 175045.984375
91.05476379 23322.603515625
98.02405548 21094.701171875
101.0714798 184930.96875
102.0555954 110932.5234375
104.0533295 119122.3046875
110.0717239 78271.3046875
113.0714645 28765.701171875
120.0811386 524091.0625
121.0837936 27757.51171875
126.0555191 24215.998046875
127.1070557 18790.15625
127.8441315 18676.1328125
129.1025696 359020.84375
130.0653381 25325.515625
130.0866394 98066.3046875
130.1062012 32985.4921875
136.0758667 611453.8125
141.1023712 30581.31640625
147.1130066 202702.375
153.0646667 19347.259765625
155.1179962 162151.859375
158.093277 23146.583984375
159.0916748 36076.015625
159.1140747 24320.7109375
169.1333618 35188.01171875
171.0770874 32730.7109375
173.1289063 29007.1796875
175.1192627 166782.828125
177.7216797 21757.615234375
183.1133728 152940.140625
183.1498871 30092.61328125
185.1644897 29472.814453125
187.0722046 23221.41796875
187.1074371 33640.5546875
197.12883 39690.234375
198.1244354 20638.423828125
199.1807709 81615.578125
200.1396027 480329.6875
201.1239014 42940.12109375
201.1414642 25581.99609375
207.1135559 26772.02734375
213.0873108 23671.833984375
213.1596069 27287.330078125
214.1546631 36298.99609375
219.1130219 20249.359375
223.1083984 106866.3125
224.1388245 22210.076171875
225.12146 18873.810546875
226.1188507 108858.359375
228.1346893 83939.7734375
235.1435394 81219.484375
242.1503906 71920.4375
243.1468048 24384.775390625
244.0943298 24026.955078125
244.1290894 46453.1953125
244.1661682 84626.9609375
251.1221313 28534.23046875
258.1457825 34132.21875
261.0901489 47157.125
261.1567078 214812.34375
263.1380615 47665.69921875
279.1173096 23721.763671875
294.181366 29014.8984375
310.1445313 21939.09765625
310.1769104 141544.15625
310.2084045 21710.349609375
335.1395874 42976.3203125
343.199707 19335.98046875
350.1721191 27823.4140625
355.1632996 27475.13671875
356.1949768 72227.734375
359.1724548 19189.0078125
372.1879578 126654.1015625
389.2194214 37671.7109375
431.1546936 24583.3203125
454.3039856 23223.1328125
473.2380066 33351.6953125
521.2420654 35852.41796875
526.2749634 31263.775390625
569.2808228 130499.125
604.2769165 25175.8984375
611.2901001 22277.568359375
636.3399658 27386.236328125
668.3045654 84526.875
669.3068848 36823.06640625
733.3242798 27123.359375
758.4087524 29338.41015625
759.4203491 23308.814453125
781.3803711 31142.232421875
892.4245605 45163.07421875
909.4533081 25374.755859375
