2141.05256103417 3
153.0650787 13332.203125
157.0970459 11584.5732421875
158.0927429 7466.1899414063
159.0788116 12417.1142578125
159.0917511 157093.1875
160.0948334 8514.5458984375
167.0810394 11341.1015625
168.080307 9215.8154296875
170.0605774 88880.1328125
171.0640717 7085.9750976563
171.0766144 77532.375
171.1121368 25792.89453125
172.6636353 7789.0102539063
173.1287689 80077.7734375
175.1062775 15738.802734375
175.1191254 43394.59375
181.0606995 11398.7373046875
183.0771027 11446.990234375
183.1127319 50257.8125
185.0920105 110019.7578125
191.1177979 77118.734375
195.0755615 19677.95703125
197.1287689 18073.181640625
198.0872803 11302.91015625
199.0531311 9044.9931640625
199.0709229 16710.6015625
200.1394196 24415.7109375
201.0317535 13219.26171875
201.1228333 81743.15625
202.0826416 13111.625
203.1024017 43776.1875
210.0222321 43405.30078125
210.1232147 10722.0986328125
212.1037903 22516.478515625
212.1346588 8650.650390625
213.0861511 12927.587890625
216.0979614 40430.1875
217.08284 15279.1591796875
218.1504517 87215.4765625
219.1129761 71526.984375
221.1284637 11699.171875
226.118988 21960.076171875
227.048233 103709.1875
227.0673218 11809.693359375
228.1337128 22292.126953125
230.0953369 9628.193359375
230.1144104 99489.390625
231.1136322 41465.90234375
232.1142273 10866.9384765625
234.0910797 88041.3046875
234.1274261 102991.46875
235.1292725 15234.134765625
236.1038971 15841.962890625
240.096817 12357.224609375
240.1341095 17421.00390625
242.1495972 19889.447265625
244.0744019 16081.939453125
244.1123352 56990.6875
244.1641846 10991.390625
245.0764771 14298.90234375
245.1147614 9491.76953125
246.1806183 13196.9462890625
248.1419678 8991.943359375
249.1236115 39146.76171875
254.1130981 21106.4375
260.1061707 10803.904296875
261.1384888 18297.037109375
262.0858154 278690.375
263.089386 24487.54296875
263.1206665 18298.134765625
264.0811462 12101.4423828125
272.1252136 41584.01953125
272.1610413 46502.6015625
273.1268311 10899.484375
273.1592102 12676.767578125
282.1095886 9512.740234375
284.1595154 101901.96875
285.1618042 25695.525390625
288.2038269 12242.0419921875
289.1331787 193282.9375
290.0812378 20080.90234375
290.1369629 58575.16796875
297.1538696 9501.4501953125
302.1745911 22761.365234375
306.159668 133822.046875
307.1644287 21816.666015625
311.1727905 11956.2294921875
313.1875 24793.87890625
316.1144409 57003.515625
317.1277771 61863.58984375
320.1611633 42902.47265625
325.1508484 18617.509765625
326.1710815 14624.93359375
327.1133423 18872.66015625
329.1824646 44228.99609375
331.2344666 19370.791015625
334.1543274 26042.1484375
337.1509094 18480.94140625
337.1876221 14739.02734375
345.124054 72373.9921875
345.1724243 12898.0771484375
347.2294312 14797.2294921875
349.2052002 11874.6533203125
355.1247253 18055.455078125
355.1990356 22106.359375
359.1694031 44605.28515625
361.1149597 14558.7802734375
361.1976624 20362.396484375
363.1339111 18689.212890625
370.2477417 15999.4150390625
372.1820984 11677.9794921875
373.2120056 21462.388671875
374.2092285 21369.40625
377.1824341 16603.26953125
387.1513977 21475.560546875
397.2252197 11281.083984375
401.1693726 14429.578125
401.2195435 14747.87890625
410.1940308 11867.2314453125
411.1898499 11325.482421875
419.2316589 17359.9609375
426.163208 12937.705078125
428.1622009 52636.05859375
430.2091064 22302.896484375
431.2106934 11501.9501953125
434.2628174 50858.15234375
441.2830811 23678.62890625
446.1700134 98762.46875
459.2940063 161790.171875
460.2964783 47858.046875
485.2706299 17357.990234375
502.2692566 23739.814453125
530.2785645 12801.302734375
545.2294312 12285.8388671875
547.289856 20028.064453125
548.2960205 15811.78515625
556.3137817 15815.41015625
559.3120728 82343.84375
562.3197632 23166.65625
566.3075562 42375.3359375
572.37146 13248.654296875
585.3009644 14995.5625
587.3875122 136918.328125
588.2661133 42923.90234375
588.3893433 43117.29296875
600.3839722 14895.3037109375
616.274231 13036.1083984375
621.3285522 21289.345703125
621.8249512 21802.4140625
622.3290405 15770.91015625
630.3302612 15470.9912109375
631.3360596 12935.2890625
649.3543701 56092.9375
650.3528442 20125.435546875
672.3920288 46929.6875
680.8595581 50841.51171875
681.3630981 42702.66796875
681.8655396 19126.33203125
702.3092041 43967.26171875
702.4165649 70018.4375
703.3109741 16427.08984375
713.3932495 24884.279296875
714.4249878 68105.4453125
715.2990112 17378.685546875
715.4115601 251567.234375
721.3852539 17323.86328125
746.3933716 16335.9765625
754.3942261 46432.328125
754.8955078 22737.40625
755.394165 23163.880859375
756.5027466 14858.55859375
757.3144531 14937.6640625
772.3966064 16999.240234375
781.4037476 14934.283203125
781.8989258 20338.85546875
789.9107666 43062.70703125
790.4128418 48406.39453125
798.3829346 14820.119140625
815.3862915 18053.0
816.4188232 14149.6240234375
831.4577026 42244.83984375
834.43396 52548.046875
835.4345093 82648.09375
869.413269 16896.138671875
886.4291382 42806.62890625
914.4541626 21006.69140625
918.491394 131227.765625
919.4973755 60349.4765625
928.4318237 14821.9384765625
945.4741821 16262.4267578125
963.4735107 54254.21875
964.4693604 34244.23828125
974.453064 15912.1279296875
1014.516663 19990.34765625
1015.503845 78294.1328125
1016.518616 24090.46875
1032.529907 218927.375
1033.540894 121035.203125
1034.540283 46093.8046875
1076.497192 18545.884765625
1092.521729 128586.765625
1093.513428 103471.6484375
1094.525513 23084.5625
1113.567749 17586.39453125
1114.588623 50617.703125
1131.598022 140229.28125
1132.599854 97630.453125
1133.60022 39257.390625
1239.591309 54702.1015625
1240.583862 48926.58984375
1241.623169 18219.34375
1242.624634 69897.9140625
1243.629395 21665.001953125
1259.668457 23303.314453125
1260.677612 19460.6796875
1277.576172 14534.826171875
1360.704956 94676.9375
1361.725586 74501.9296875
1362.711792 25195.421875
1466.678345 41351.265625
1507.759644 20351.921875
1508.789307 23909.791015625
1509.778076 16858.23828125
1578.82019 37212.109375
1579.815308 16436.109375
