1823.811524 2
141.0659943 3156.6025390625
175.1190033 3299.7863769531
238.6434479 2872.3586425781
269.2965698 3267.998046875
270.1098328 4892.2490234375
288.1184387 3136.4157714844
317.1923218 7575.3540039063
359.1558228 4374.6752929688
462.2216797 4085.8425292969
591.2667236 4932.3461914063
761.3590088 5995.5766601563
868.4078979 5700.9135742188
869.4024658 4104.6879882813
895.3988647 4771.0385742188
911.4043579 7681.1508789063
913.432251 89841.2734375
1291.59729 11780.7353515625
1292.599365 6353.2749023438
1321.957764 5156.1279296875
1648.790527 5010.3525390625
