1604.845724 2
114.0551987 6978.3369140625
120.0807953 48825.70703125
129.1021576 43213.44140625
132.0800323 7683.8442382813
133.0429993 7211.935546875
136.0756073 48079.98828125
147.1126404 18731.16015625
159.0910034 8943.1552734375
165.0102539 7041.9018554688
169.1205292 7253.525390625
169.1338806 175573.5
170.1370087 11622.1328125
171.1128845 17283.501953125
173.1283722 16592.287109375
175.1190643 19493.943359375
181.096405 8298.787109375
183.1129761 13533.9609375
183.1492767 13660.6103515625
184.0801086 7174.1235351563
185.0928345 7575.5209960938
185.1287079 8362.0244140625
187.1077271 9242.2353515625
197.1286621 132732.28125
199.0711365 10349.55859375
201.087326 15262.0068359375
201.1235962 49981.71875
213.0862579 38582.26171875
215.1389618 12815.7431640625
217.0821381 12561.44921875
228.1351776 9690.787109375
229.1187286 47895.41796875
242.1492004 15862.1708984375
243.0977173 40788.81640625
243.1339111 13839.17578125
258.1085815 12022.447265625
261.15625 15980.134765625
262.1181641 9966.3173828125
280.1681824 12451.1982421875
294.181427 84000.6171875
307.1442871 19587.546875
312.1584167 10232.27734375
314.1353149 40063.4140625
326.1719055 125183.015625
327.1730347 14403.3994140625
330.1309509 9228.814453125
344.1972351 16919.857421875
347.1335144 8156.3896484375
355.1609192 35307.7890625
360.1556702 16934.435546875
397.1894531 13196.9111328125
397.243927 21239.513671875
409.2106018 9175.9013671875
425.2388916 92512.5
459.1770935 10517.3017578125
468.2483521 11397.130859375
488.2495117 18689.921875
506.2618713 169246.015625
507.2693176 18419.60546875
517.3091431 13041.32421875
556.2818604 21959.083984375
579.7321167 11409.9453125
647.3555908 13709.26171875
653.3262329 73245.0859375
654.3330078 21774.109375
759.3724365 14686.21484375
760.4431763 14878.9580078125
786.421814 15250.4140625
803.4406128 39940.23828125
833.5081787 18744.869140625
834.4102783 14381.103515625
849.4515991 122896.796875
850.4503784 75777.421875
963.4868774 13940.318359375
971.4733276 19451.64453125
980.4909668 56656.9921875
981.489502 34522.81640625
1079.560059 22250.607421875
1080.529907 13874.775390625
1118.55481 13443.744140625
1208.605957 48993.375
1209.597778 19166.990234375
