1502.71275915367 2
104.0532303 89763.5859375
109.8984528 71083.6171875
120.0810928 333347.5625
129.1029968 154552.71875
130.0660706 74879.640625
136.0760193 372945.5
138.0916748 162391.390625
155.0816956 83947.9296875
156.1021881 140455.859375
158.0927887 134802.046875
159.0922699 292863.375
173.1279907 96241.125
175.1188049 1219320.0
183.1129303 1477006.25
184.1179352 75924.828125
185.0564423 90965.625
189.0752869 87382.0
191.0882568 72150.484375
201.0902405 62615.3828125
201.1236725 2025181.75
202.1267242 96208.890625
211.1078339 706756.75
229.1190643 402112.9375
231.0617981 476644.71875
240.0978394 91443.2265625
243.1340027 337878.75
258.1083679 172792.203125
260.0871887 125191.796875
269.1862488 93342.2890625
272.177063 99583.953125
304.161499 381829.53125
315.1433105 106506.8203125
326.1362915 533269.875
330.1295471 86363.65625
340.1606445 74411.0625
358.1704102 157290.734375
375.1992798 1329985.375
376.2038269 143178.671875
395.1537781 128885.6796875
402.1620178 88653.171875
413.165741 144218.953125
423.1504211 121152.90625
441.1635132 718522.25
442.2781677 147047.90625
444.1898804 92629.3203125
473.1890869 144202.265625
488.2825928 678939.0
489.2814636 120308.171875
539.3302002 156366.84375
540.328186 129788.8828125
554.2460327 113481.4296875
674.3657227 982296.1875
675.362915 365742.5625
702.3822632 110389.359375
703.3877563 132041.390625
784.4055176 138659.578125
785.3895264 351817.59375
802.4210815 1053223.875
803.4136963 356299.84375
804.4144287 114997.21875
914.4362793 115198.3125
931.4633789 1168642.0
932.4664917 798136.75
933.4586182 269068.84375
1044.547485 507846.25
1045.537964 305202.28125
1159.567871 430582.3125
1160.560303 160141.640625
1274.60083 803799.625
1275.613403 705631.75
1276.587891 311618.0
1431.08252 89534.59375
