1703.8114379089 2
120.0811386 70553.234375
120.0869293 6002.0283203125
129.102005 59069.80078125
130.0865173 9701.3330078125
130.0960693 6929.9599609375
133.0426178 6762.63671875
136.0756531 10985.810546875
139.5344849 8251.8837890625
141.1016235 8227.119140625
147.1121826 12016.7138671875
155.8048706 7454.564453125
157.061264 14612.9326171875
159.7132721 6365.0161132813
164.4109497 7492.4462890625
169.1331177 13281.353515625
175.1187439 52523.6171875
197.1290436 16323.474609375
202.9373474 7440.4506835938
203.0658569 56172.07421875
207.1127472 55726.234375
215.1417236 7761.484375
224.143219 9252.3212890625
225.5166626 7937.76171875
226.0849304 8169.4526367188
227.1016693 8578.96484375
231.3110809 6865.8701171875
235.1076965 21840.001953125
244.092453 10188.3876953125
249.1239166 8982.70703125
252.1331329 8777.400390625
269.3276978 8627.529296875
272.0883789 56885.7109375
277.1187439 20968.259765625
285.1355896 9208.67578125
290.0985107 43407.74609375
307.1853638 8610.9111328125
322.1871643 41009.8046875
332.1229248 10582.3984375
391.1618652 44393.328125
402.2373352 14306.8642578125
403.2312012 9114.6474609375
409.1697388 13574.890625
414.7304993 10986.373046875
419.1574402 14272.1513671875
442.2215271 16323.673828125
459.247467 40427.98828125
499.288208 113737.921875
500.290802 17927.0703125
512.1628418 15333.2412109375
512.786438 15779.0361328125
540.1536255 16403.30859375
548.2036133 13295.1611328125
587.3056641 44721.86328125
589.2976685 9875.712890625
660.4624634 10855.8056640625
698.3479614 12186.8310546875
715.3630981 76664.1328125
716.3637085 10008.39453125
793.5751953 12270.2275390625
828.4471436 134348.8125
829.4526978 41239.4375
851.4616699 56883.08203125
852.4500122 17976.41015625
927.5181885 20772.791015625
928.5093994 20835.3671875
1007.544678 21042.54296875
1024.567505 317126.09375
1025.573608 168231.34375
1026.584839 41331.859375
1138.612061 108524.796875
1139.59314 74269.5390625
1267.662354 43061.14453125
1268.6521 37091.12109375
