1334.66412557119 2
95.04243469 10937.072265625
98.06071472 12531.6103515625
101.0713577 108975.921875
102.0554581 29507.806640625
104.0534134 25097.19921875
110.0718002 62323.0859375
112.0869522 23382.375
113.0716858 22076.23828125
115.0506973 164120.828125
115.0871582 25158.955078125
116.0163574 14828.4287109375
116.0712509 25124.291015625
120.0811081 240110.359375
126.0552979 14002.37109375
128.1065216 13290.44921875
129.0660706 26237.939453125
129.1026001 266387.5
130.0619965 21316.6484375
130.086441 78015.21875
130.095459 11149.14453125
131.117691 18538.892578125
133.0432739 197231.609375
136.0758209 351299.75
141.066391 14809.88671875
141.1021881 21836.572265625
143.0814514 23053.103515625
143.1180573 86098.5078125
144.6580811 11104.95703125
147.1128998 134567.234375
155.0821075 13500.154296875
155.1183777 23945.37890625
157.0974884 164080.921875
157.1089935 17159.80859375
157.1330872 20077.4375
158.0563965 243000.3125
158.0921783 49248.85546875
159.0777435 15728.2587890625
159.0919495 79344.0546875
169.0620117 18960.7734375
169.1340027 16356.384765625
171.076828 18993.908203125
171.1133881 90556.0703125
173.0926361 17660.76171875
173.1287079 285931.65625
174.1321259 24417.37890625
175.1190643 360452.03125
177.1026917 19076.91796875
179.0808105 15291.306640625
180.1016541 27530.04296875
181.0597687 12841.5458984375
181.0975342 23112.712890625
183.112854 100417.453125
183.149704 68037.9921875
185.1286316 20615.861328125
185.1651306 75234.34375
186.0876465 54609.05859375
187.0713501 18146.41796875
187.1081085 15758.830078125
187.144989 40355.12890625
189.0870972 20356.33203125
191.5851135 12382.935546875
195.1127777 20293.69140625
197.12883 51749.015625
198.0885773 14014.03515625
199.1077576 13271.5400390625
199.1806488 70220.3359375
200.1018219 13439.5712890625
200.1395416 222783.609375
201.0879974 14293.0068359375
201.1235046 119705.0546875
201.1408844 27036.203125
203.1214447 18664.0625
204.0805969 95457.265625
207.1139069 49211.45703125
211.1447906 23594.35546875
212.1043396 14212.1982421875
213.1591339 39545.7109375
214.1193542 26973.5390625
215.1395874 48234.2109375
216.1435242 13490.01171875
217.0823822 29377.90234375
217.1346436 15054.3037109375
218.059494 19737.720703125
223.106308 20106.796875
223.147522 12589.7822265625
224.1061554 13837.73828125
226.0825958 26611.603515625
226.1188507 112470.71875
227.1762238 52499.12890625
228.1344299 136558.96875
232.0753937 88628.265625
235.1063995 13706.6767578125
240.1344604 43440.08203125
243.1092834 23097.32421875
244.165863 44108.5625
245.1283264 17928.791015625
246.1260376 13517.4970703125
249.160553 18537.390625
251.1024933 24655.63671875
254.1141815 23921.998046875
254.1499023 19559.994140625
255.1108551 13757.38671875
258.1440735 51975.37109375
261.1277161 12541.3681640625
270.1452026 24291.458984375
270.1809998 45211.0625
271.1404419 86346.8515625
271.1836243 17962.921875
272.1720581 12810.8837890625
277.1549988 15528.8310546875
283.1048889 15700.794921875
285.1558838 23723.806640625
288.2034607 47533.984375
289.1611938 24397.724609375
290.1134338 16744.693359375
292.1315918 13981.021484375
296.1967468 26938.732421875
299.1716919 20660.681640625
300.1279297 20613.099609375
309.1228943 13035.263671875
310.1763916 72819.5078125
311.1340027 45144.46484375
311.177063 27876.876953125
316.1516418 18472.783203125
323.1372375 13856.6015625
339.1667175 16065.337890625
339.2037048 100236.7421875
340.2053223 22392.318359375
341.1810303 21756.02734375
341.2183533 22746.21484375
344.1809387 64348.08984375
345.1591797 16645.61328125
357.2137756 26459.53125
359.2385254 21482.439453125
361.1170044 65137.62109375
361.1562805 14615.5244140625
397.2084351 140457.9375
398.2088013 20367.978515625
409.2294312 76764.8984375
410.2391663 24790.462890625
413.2143555 25500.13671875
420.2231445 13975.8076171875
428.2527771 24923.6484375
441.2351379 314381.59375
442.2355957 50019.51171875
449.225769 17503.15234375
466.2533264 251916.0
467.2553101 46349.57421875
502.2417297 17155.150390625
503.7897034 24006.26171875
504.2442017 19093.513671875
510.2911377 60466.10546875
511.2936401 25182.646484375
519.2694092 57404.10546875
521.2648926 22708.033203125
532.3249512 19975.2578125
574.3336182 113088.046875
575.3353882 16083.416015625
576.3284302 12585.2412109375
604.2990112 46862.0390625
605.3076172 24630.234375
619.8308105 17204.74609375
620.3397827 14172.12890625
623.3756714 56944.3125
624.3818359 81542.8984375
632.3519287 59539.85546875
635.3032837 16692.837890625
636.3141479 17027.642578125
652.3319702 181245.34375
653.3356323 83729.0859375
654.3330688 17661.837890625
666.3745728 71342.6484375
667.3793335 76466.015625
668.3861694 17660.60546875
687.4130859 71155.9921875
703.397644 105539.5234375
704.3902588 24836.494140625
719.3283691 25886.572265625
730.4465332 13592.607421875
755.4266357 15385.3388671875
765.4107666 65843.265625
766.4172974 28083.568359375
774.4328003 198423.65625
775.4315796 46424.51171875
776.4272461 14059.97265625
783.3565063 19749.751953125
832.4237671 17857.40625
850.46875 69459.359375
851.4896851 15678.1689453125
879.4559937 95475.8515625
880.4507446 53139.35546875
889.4570923 18487.78515625
903.4745483 112331.671875
904.4644165 53539.6015625
905.4682007 13995.4921875
965.4920044 52160.5234375
974.5077515 106837.8046875
975.5045166 28213.96875
985.4014893 19868.09375
992.4414063 59783.7421875
993.4407349 28623.802734375
1007.494202 73430.4375
1008.487183 50381.69921875
1009.491394 18324.076171875
1047.514648 46716.23046875
1048.512939 16896.173828125
1064.541138 152452.453125
1065.531982 64020.16796875
1078.551025 16801.849609375
1084.455811 23547.376953125
1105.522583 23075.974609375
1134.536987 54487.7265625
1135.536011 28257.248046875
1166.627319 16812.08203125
