1483.82909843203 3
110.0717621 1537880.125
116.6674652 73378.7109375
120.0811615 351867.375
129.0662231 729683.3125
129.0938568 99552.6015625
129.1026459 1802263.125
130.0865021 486876.34375
130.1063385 79989.265625
131.1177826 109365.4453125
136.0758514 1105615.25
147.1127167 533193.75
157.0974731 117509.203125
169.1339417 294597.15625
171.149704 112458.484375
175.1194305 460030.5625
183.1124725 100380.9921875
191.4532471 74569.375
196.14505 467808.0
197.128891 1483936.625
199.1441803 165582.28125
201.1238403 92211.8984375
209.0919647 274110.5625
214.1553192 438898.5
217.1353607 95818.765625
221.1031189 151267.265625
226.120285 461448.53125
233.0142365 73591.734375
235.1433716 155910.21875
237.1251373 70529.9765625
244.1285706 473688.75
247.3786469 77089.765625
249.0993805 302028.46875
251.1495667 110814.0390625
253.093338 113747.6171875
258.7895203 81866.1953125
261.1564636 870866.0
262.1602173 84122.84375
263.1395264 265029.125
265.4821167 79706.6484375
267.1091919 422499.53125
271.1807251 71126.078125
281.1600037 115233.53125
291.5166016 71332.953125
301.2299194 98730.90625
309.5464783 69259.9765625
309.673584 83264.6484375
318.1926575 100959.5859375
323.6707153 682269.375
324.1705627 104934.1953125
348.1671753 105904.0234375
360.2247314 365801.6875
362.2075806 306489.53125
366.1767273 366082.3125
373.2034302 415976.5
377.1852112 122582.2109375
422.7364502 474414.0625
423.1965942 275426.21875
430.7262268 123622.9921875
462.2697449 81911.84375
473.2147522 89291.9453125
477.2433472 583340.0625
481.2751465 103229.921875
494.2722168 169741.96875
509.2720642 453483.6875
522.2702026 400039.34375
523.2855225 349943.28125
576.3010864 117541.1953125
581.2657471 110764.265625
617.3479004 121350.1171875
618.3433228 100667.265625
621.3371582 118653.3203125
621.850769 83572.5390625
622.3518677 353987.15625
623.3499146 117073.6328125
646.3314819 337319.9375
647.3226318 162702.421875
648.3260498 87016.875
720.4004517 311112.4375
721.4164429 426686.59375
722.4005127 87553.859375
749.3909302 532509.6875
750.3909302 159521.984375
772.3704224 106693.2890625
793.4235229 91597.1875
820.4887695 86810.34375
821.4959717 98900.1328125
845.4472046 126695.4609375
883.4695435 139617.625
890.8701172 91953.578125
