2004.01928443273 3
147.1125336 83022.2578125
158.0552979 29841.736328125
159.0771179 36694.609375
159.0910339 78598.0
169.1332245 55458.72265625
175.1188965 78897.4296875
179.081604 263035.3125
181.7500763 29541.91796875
183.1493225 338056.375
197.1281128 43075.7734375
197.4933624 30043.591796875
198.0876465 28441.9140625
202.1279297 29503.59375
211.1446075 79826.53125
213.0874634 30833.0859375
217.1359558 31334.076171875
226.0827637 37207.1796875
227.0649719 34222.21484375
228.1343231 70252.6171875
231.3006134 30771.21875
234.1225891 57256.390625
242.1495514 80824.0078125
244.0931396 67703.953125
245.0962982 32506.873046875
245.1289063 64666.01171875
258.1446228 72643.7109375
260.1075745 37734.32421875
262.1193237 54400.3125
274.6455078 56091.66796875
276.1574402 54882.95703125
281.1250916 65950.609375
285.1333618 76047.2578125
305.1247253 36908.66796875
317.1911011 140293.453125
322.1553955 49657.921875
325.1867676 43098.4453125
342.1771545 38833.09765625
350.2132568 39484.02734375
351.2021484 90702.3515625
407.1954956 82756.1484375
444.2892456 132814.640625
450.2749329 53459.671875
451.2686462 49726.41796875
466.2067871 41600.21875
484.2159119 84320.59375
491.2616272 43825.3515625
522.2269897 142275.625
532.3202515 65318.85546875
532.8311768 41848.4609375
548.3270874 142266.59375
559.7784424 39033.73828125
597.2446289 52221.453125
615.2625732 158312.515625
633.2670898 47435.359375
634.2738647 52011.91796875
661.3681641 143365.328125
664.3360596 50653.75
676.3345947 43182.109375
692.3721924 71583.8203125
736.3812866 167065.28125
749.4310303 57550.91015625
760.4384155 60007.234375
797.3357544 57639.1953125
807.4023438 160094.125
808.4014893 69598.0546875
814.5090332 130270.765625
815.4971924 59476.12890625
899.9262695 59908.7265625
920.4943848 286989.625
921.4916382 159999.984375
944.5275269 51182.328125
1038.424927 68188.6171875
1130.609009 254662.421875
1131.623413 178490.15625
1506.659058 49842.1875
