1756.95467414513 2
129.1023254 42665.41796875
136.075882 1143235.125
137.0787811 115137.0703125
141.1018982 25165.43359375
144.1500397 20472.279296875
147.1134796 21171.341796875
155.0810089 134410.515625
169.0971985 40398.83984375
169.1331329 25014.1796875
172.1060486 19981.681640625
175.1191254 58546.10546875
181.0972748 301690.5625
182.1003723 23456.92578125
183.1133881 38071.69140625
183.1495209 250658.125
184.1521454 31439.3984375
185.0916138 20738.947265625
187.1078491 50971.21484375
199.1080322 72384.6953125
200.1389465 159974.28125
211.1439667 172053.234375
237.135498 41837.6484375
248.1609955 33615.0625
249.1581726 31866.107421875
251.1023865 65456.5625
254.1498566 189377.421875
277.1543884 34874.0546875
280.1657104 186875.015625
283.1447449 175666.328125
307.1435852 28927.140625
325.1882935 37288.42578125
328.1653442 37952.69921875
332.160553 555859.0
333.1650391 122066.6875
335.1948242 46859.671875
350.1701355 116680.9375
389.2198181 70706.4375
417.2125854 237546.140625
418.2145386 45467.015625
420.2227783 43672.48046875
434.2606812 131148.71875
469.2400513 58218.3671875
482.2813721 114400.9765625
502.3013611 54341.67578125
530.0713501 32822.9765625
530.2974243 265321.09375
531.3012085 45815.74609375
547.3427734 61778.8046875
564.3826904 32837.43359375
629.3674927 187277.296875
630.3655396 61976.0234375
710.4099731 140163.875
779.7692871 35693.63671875
878.4818726 43035.1640625
926.5352783 35671.41015625
938.4780273 65769.1015625
963.5536499 855058.375
964.5532227 389418.03125
965.5626831 123288.5234375
966.5697632 34096.6953125
1154.547241 128015.109375
1155.551514 122615.109375
1156.552002 47837.4296875
1260.719727 329714.40625
1261.715454 278217.4375
1262.716919 51056.59765625
1317.621582 152311.28125
1318.61731 299566.625
1319.620117 161122.109375
1320.606689 64148.68359375
1391.467651 42897.37109375
1528.763306 139630.796875
1529.786865 51957.90234375
