2256.06442669741 3
157.0974731 22861.634765625
163.474884 6852.9067382813
171.1129608 41015.5390625
175.1183777 13299.8984375
186.0868835 9028.2314453125
187.1438446 8458.298828125
210.0883026 9284.205078125
211.1446686 10527.6748046875
214.1190033 20855.857421875
215.1395111 10703.6171875
216.0986176 12469.4423828125
216.1389008 8562.6953125
218.0600128 23109.90234375
226.1204224 32876.265625
234.1441498 14863.392578125
240.1343536 16491.15234375
242.1494598 24807.568359375
285.1187744 19186.669921875
297.1582642 18101.990234375
301.0981445 10316.2099609375
312.1990051 11333.35546875
313.2249451 11628.1708984375
319.1032715 10642.859375
330.1419983 19789.498046875
331.1450806 48762.90234375
335.1931152 42745.04296875
384.1884766 16161.751953125
401.2191772 16728.3125
412.181488 39772.16796875
429.2088318 42762.66015625
440.2365112 14454.9375
443.2052612 14904.986328125
450.2174072 16931.890625
458.1088257 12405.521484375
469.1517334 10540.6083984375
526.2536011 14408.517578125
538.3035889 17460.791015625
561.2519531 12259.626953125
566.3320313 16210.6357421875
578.2749023 13407.1728515625
615.2590942 12576.333984375
627.2875977 15885.1953125
632.2825928 40070.65234375
670.6453247 12827.263671875
689.3101807 56706.76171875
721.3312988 42922.3984375
741.3406982 18177.9453125
751.887085 15830.791015625
752.3981934 21094.384765625
756.8418579 13854.1953125
841.9051514 18774.994140625
849.3377075 56223.58984375
850.342041 23500.02734375
851.3468628 14623.7890625
921.4489136 14487.5068359375
922.432373 19516.62890625
962.4221191 55487.234375
963.416748 34889.390625
964.4281006 14138.0791015625
970.4528809 21582.041015625
972.9596558 14470.2109375
1000.956421 20018.021484375
1075.502197 44505.5
1076.508545 21031.91015625
1101.49292 17816.1328125
1102.496948 13561.9052734375
1165.534546 37783.609375
1180.531128 15392.384765625
1198.534302 129385.3046875
1199.546387 74078.2109375
1200.551147 45915.91015625
1327.644653 18559.65234375
1512.710938 20790.884765625
2082.974121 15081.728515625
