1417.8079538394 2
98.06051636 63108.9140625
101.0715485 30714.53125
102.0553894 20903.599609375
104.053215 14451.1513671875
110.0718231 56042.9453125
110.5900574 12557.0537109375
113.5772171 13773.12890625
115.0865021 21679.96484375
120.0813141 171333.203125
121.0846405 17978.470703125
126.0553436 55072.8359375
127.0869675 21662.34375
129.0663605 18994.646484375
129.1024933 201152.609375
130.0867462 54569.9375
133.0612488 61766.28125
136.0760956 155277.234375
141.1023712 27493.603515625
147.1131287 70647.03125
155.082016 33110.140625
159.0919189 32029.693359375
169.0974579 33189.765625
169.1336975 27205.58984375
171.1132507 77078.5859375
173.1290588 85664.4375
175.1196594 129640.4453125
176.1221771 20947.62109375
181.0973206 24676.58984375
183.1129303 52585.390625
185.1648865 131928.265625
187.0713348 21610.623046875
187.1090088 15538.1513671875
187.1447449 19514.810546875
195.1135559 33793.203125
197.1291504 66311.015625
198.0873566 17709.59765625
199.1076965 110835.1484375
199.1814423 25116.1875
201.123703 308896.34375
207.1131592 14693.3916015625
212.1036835 31651.494140625
213.16008 17217.45703125
215.1397705 68485.1875
216.098465 16442.9921875
217.8609924 14898.087890625
226.1192474 82111.0625
227.0670471 18858.861328125
228.1013031 17916.08203125
229.1185303 1327491.125
230.1220245 183074.484375
230.1469116 15255.484375
243.1327515 25132.83984375
244.0934143 194824.65625
244.1298828 18498.71875
244.1658173 28841.951171875
245.2429352 15418.7568359375
252.1347656 27914.734375
255.1451569 63778.93359375
265.1185608 17755.431640625
272.17099 117883.09375
278.1505737 50697.7421875
296.1620789 97684.90625
298.139801 74151.03125
301.1516418 22814.427734375
325.1882324 25446.77734375
327.1325684 18981.861328125
329.1813965 15755.3125
341.6985168 202917.5
342.2026978 607458.125
343.2053528 118774.015625
344.206543 25454.615234375
357.1764526 80636.65625
383.2224121 21778.173828125
385.2553406 84911.0859375
392.2231445 29535.2890625
411.2257996 21005.626953125
413.2738037 26662.7421875
440.7480164 24857.57421875
478.4136047 14933.33984375
480.2689209 27672.1015625
480.7666016 20547.60546875
489.2749329 644123.375
489.7771301 361307.03125
490.2781982 130627.71875
585.3357544 29291.873046875
593.2956543 33758.75
594.289978 25173.14453125
657.3504028 25350.33984375
678.3783569 30448.9375
682.3881836 307697.875
683.3948364 107011.8984375
691.3702393 18997.5
706.3793335 53789.59375
708.4002075 90676.484375
709.3930054 24725.666015625
783.4367676 97028.484375
784.4363403 25755.271484375
822.416748 21319.75390625
834.4269409 29491.041015625
870.4234009 18635.298828125
880.4886475 238910.625
881.4973755 127226.3515625
882.4887695 16559.865234375
933.5159912 98593.46875
947.5127563 17944.841796875
960.5076294 20386.048828125
961.5140991 16608.841796875
977.5421143 1199426.0
978.5462646 628007.5625
979.5501099 205026.6875
1003.53418 17365.427734375
1076.5979 30979.3984375
1189.682251 20958.48828125
