1913.00172170193 3
136.0755157 52653.22265625
137.2276917 20569.658203125
147.1128998 22436.376953125
149.0623627 23283.529296875
155.1176605 30118.0390625
158.0922241 40470.4140625
159.0922852 29825.57421875
167.0810242 26836.64453125
173.0911255 29402.908203125
173.1280518 45089.74609375
175.1194611 312560.40625
181.8067017 22123.40625
182.1288147 118010.0859375
183.1127014 165747.6875
183.1319733 33572.9765625
185.0914612 55425.2578125
189.0857086 47013.75390625
197.1643372 30237.240234375
199.0708008 38483.375
200.1395721 189899.65625
201.1234436 62801.62109375
203.1014404 22503.2578125
207.1125336 183563.796875
210.1231689 35600.20703125
211.2668304 25688.798828125
214.1182098 66993.09375
217.0815735 116860.0234375
224.1754456 32255.109375
226.1185913 63826.80078125
227.1739197 36965.41796875
228.1344147 134991.09375
233.1649017 197218.6875
235.1078339 49268.27734375
245.0757141 42352.47265625
249.1228333 45640.984375
254.1522369 33305.2265625
261.1600342 58645.765625
271.1776428 30193.107421875
277.1188354 39158.890625
288.2026672 40801.6328125
311.1747742 28585.771484375
315.1665039 45621.5078125
325.1880798 35999.72265625
327.2026367 44820.0859375
358.2103577 31342.5078125
358.5412903 29747.9140625
371.2435303 32765.419921875
375.2367859 191896.21875
404.2533569 32858.1796875
460.289978 31696.1171875
486.268219 62074.953125
488.2769165 39688.5859375
502.342865 38962.94140625
504.2771912 452702.53125
505.2796631 34019.70703125
616.3861694 42918.1015625
617.3862915 33352.91015625
619.3007813 302618.84375
620.3109131 143614.34375
718.4265747 309849.28125
719.4297485 405799.40625
720.3339233 293320.125
721.3505249 121647.8046875
729.4664917 72067.828125
730.4817505 42198.2421875
758.3809814 34913.0
780.4472656 35754.8671875
798.4880371 63906.171875
816.4977417 182615.984375
817.5041504 48597.09765625
821.3997803 560724.6875
822.407959 176621.984375
832.5151978 48715.55859375
932.4342041 130739.0234375
933.4415283 48060.66796875
945.5480957 41028.71875
946.5525513 171468.40625
947.5596924 114514.9765625
949.4924316 45706.6640625
950.444397 204643.5
951.4464111 130380.90625
964.5757446 63426.96484375
1045.621338 260953.578125
1046.631714 190371.71875
1093.59082 46548.1015625
1312.644287 41286.6484375
