1961.95593924749 2
147.1129456 5518.5395507813
157.1334991 29546.341796875
175.1187439 5066.6645507813
185.1281128 21321.833984375
194.0956726 3754.2805175781
198.0874634 20263.5
231.7550049 4259.2041015625
253.0475159 4307.857421875
258.1085205 7156.99609375
266.1593933 5338.0864257813
269.1234131 7842.7084960938
284.1702271 24665.6640625
287.1364746 9458.3681640625
301.1299438 26562.671875
311.1738281 6879.4931640625
374.1725769 6613.5063476563
398.1645813 5758.208984375
447.2326355 38762.6875
546.0454712 6401.7490234375
580.2869263 5555.0268554688
675.3474121 10665.15234375
832.6696167 8656.1875
910.493042 7128.5556640625
981.506897 12170.5625
982.4917603 6341.5283203125
983.4112549 8975.7978515625
1003.519897 22422.73828125
1090.557251 35229.75390625
1091.575684 18761.4140625
1201.585327 27922.12890625
1202.58606 16339.04296875
1219.616943 11038.69140625
1259.970215 6952.9331054688
1289.660522 6839.193359375
1290.672485 8522.1630859375
1346.678101 29818.27734375
1347.674805 32873.26171875
1348.685669 10868.31640625
1458.697998 6606.5502929688
1562.740479 23046.291015625
1563.706543 7429.638671875
1661.1604 8444.9775390625
1977.112671 7595.1186523438
