1466.77586047091 2
101.071846 17889.28515625
102.055809 19977.5625
104.0536575 23283.935546875
115.0874023 7403.4096679688
116.0711441 4628.7041015625
120.081459 94151.1328125
121.0850906 4544.509765625
126.0557861 5144.9633789063
129.1027069 58520.171875
130.0872192 17374.50390625
136.0761108 100780.3203125
137.0800934 7013.2446289063
138.0907745 5158.3100585938
141.10289 5682.37890625
147.1129761 34800.48046875
153.1028442 8444.6240234375
155.0820618 6350.8413085938
159.0771484 5455.5888671875
159.09198 8838.521484375
163.0869904 7073.1357421875
169.0981293 8602.0615234375
169.1343384 25654.890625
171.0767365 5088.5244140625
171.113678 6341.5
173.1298218 5953.4204101563
174.2424164 4757.7250976563
175.1190033 34092.69921875
183.1136322 52213.82421875
186.0886688 5946.7329101563
188.1038818 5095.4575195313
197.1294708 8501.79296875
198.0881958 8939.2421875
199.0727386 6588.7426757813
199.181366 4378.201171875
200.1407318 21799.888671875
201.106369 25817.65625
201.1239166 10609.5751953125
211.1087189 43133.8515625
213.0884857 8194.0185546875
215.1418304 4982.9765625
216.0989227 20084.94140625
217.0818787 5398.0434570313
217.1361389 23953.7734375
221.1291656 6042.1162109375
226.0829163 5221.0249023438
226.1192627 8212.732421875
227.067627 10150.1796875
227.1040192 8992.8818359375
228.1352234 81580.71875
229.1008911 42395.33984375
229.1196899 6313.5102539063
229.1391144 7056.6108398438
235.1085052 5100.8588867188
242.1508484 22895.529296875
245.1312256 24747.6640625
248.1040802 9273.9287109375
249.125473 7716.9067382813
249.1627197 6154.7626953125
251.1047516 17086.513671875
254.1504974 5919.091796875
258.09021 9628.791015625
268.1291809 6430.3994140625
268.1663513 6029.1274414063
272.1734314 10867.619140625
276.1357422 5019.8920898438
283.6958618 5166.095703125
294.149353 6494.1591796875
294.1819153 27769.400390625
304.1636353 28562.095703125
311.1727905 21405.103515625
313.1166382 17388.51171875
316.1149292 22488.3515625
329.1826477 6234.3696289063
331.1249695 6874.9208984375
334.1766357 5772.201171875
342.1831055 38390.43359375
344.1292725 7710.3364257813
347.1780701 5389.2485351563
371.1772766 9671.3681640625
379.9623108 4691.7016601563
387.15271 10421.0380859375
389.2228699 9781.2568359375
434.2400513 5395.1928710938
439.0943909 5734.51953125
441.2485352 35125.0078125
454.2838135 7454.3774414063
455.2705383 20131.5078125
512.7929077 5992.0249023438
535.2432861 5299.939453125
569.3120117 17787.28515625
570.3098145 8534.6259765625
583.3289185 9594.0966796875
671.3477173 7488.970703125
680.4494629 7396.8125
682.3872681 29224.548828125
683.3931274 8843.998046875
717.3929443 20014.69921875
718.3985596 6346.8579101563
730.3920898 8986.2177734375
782.4234619 6552.080078125
795.4737549 10121.765625
796.4732666 6545.8046875
956.546814 18378.298828125
961.5149536 5465.1333007813
1017.539246 18704.6875
1018.543457 9803.1787109375
1023.57251 76314.5234375
1024.585449 38617.99609375
1025.552002 7192.13671875
1029.618652 7195.5966796875
1138.579956 7651.7778320313
1139.594116 5500.7866210938
1154.612061 9799.166015625
1173.682373 5830.9272460938
1239.614502 6389.2495117188
