1461.69786265889 3
101.0717087 198621.3125
102.0556793 246657.828125
110.0717697 1102430.625
115.0871582 585280.375
116.0707932 224049.828125
120.0215683 104219.515625
120.0811081 862055.5
124.5735321 99658.5078125
129.1026306 644865.0
130.0868073 142723.109375
136.0760651 246130.453125
143.0813904 253884.28125
147.1125793 431947.25
157.1339264 462957.3125
158.0926819 541019.875
158.1362152 101377.296875
159.0912628 137207.84375
173.1289063 211679.21875
175.119278 1298557.75
182.1290283 1138254.0
183.1132202 665127.6875
185.1285858 125733.1484375
200.1392212 883288.1875
210.1237946 399492.0625
215.1403198 154653.375
227.1032867 174641.78125
228.13414 973446.375
229.1314392 224326.0
244.1084595 140018.25
246.1567078 1764961.25
247.160141 165483.84375
253.6408234 136892.40625
260.1966553 176729.421875
264.1133423 135793.671875
265.0173645 133617.390625
276.1099548 115453.390625
294.1201172 243320.890625
312.1316528 818393.5625
375.1990356 389039.4375
394.1671448 120601.8046875
444.3185425 605872.625
446.2356873 1189007.0
447.2420349 189633.796875
475.1898804 194374.484375
487.3240051 659698.75
488.3292542 128639.171875
489.2449036 176689.359375
506.271698 1751950.25
506.4029541 114969.4140625
507.2763672 432379.1875
517.2736206 2217584.25
518.2756348 605177.5
590.2191772 594903.0625
617.3007202 134818.9375
630.3573608 437160.46875
635.3078003 446686.5
636.3189087 105709.2578125
719.2611694 993642.9375
720.2616577 434778.25
748.3970337 1371300.5
749.3936768 187460.078125
832.3373413 192156.53125
833.3535156 144370.78125
1085.13623 121271.5390625
1088.702271 115496.453125
