1053.50446247913 2
79.16093445 144727.78125
84.04541016 259160.5
84.08118439 236963.0
86.09722137 207810.390625
90.4851532 145271.40625
98.0605011 300421.03125
101.0715637 247448.046875
116.0710983 996158.375
122.5712814 167226.046875
133.0435486 1095267.25
136.0761261 779404.6875
143.0820923 831400.0625
147.112915 329523.0
161.0926208 656097.25
175.120163 250395.015625
189.0861206 250150.046875
226.154068 289821.34375
240.0981903 219885.734375
244.1657715 2031202.875
246.1275787 797304.125
258.372345 178977.515625
278.1141052 263199.90625
331.106842 206903.921875
427.6740723 199111.140625
429.2477112 240698.515625
592.3078003 1184939.375
593.3137207 299737.53125
659.3278198 666604.0
689.2324219 173708.203125
705.3911133 292514.71875
865.4151611 254930.9375
