1356.67202543032 3
101.0714264 20776.462890625
102.0555267 84333.4609375
103.0541763 4409.3999023438
104.0533524 81210.8359375
112.0874863 3039.3930664063
113.0714569 17917.39453125
115.0502319 7273.677734375
115.0870056 14204.0712890625
116.0709457 5028.1850585938
119.0494919 15676.8798828125
120.081131 179194.546875
121.0845337 7572.1928710938
127.0865707 4257.927734375
129.0661011 23970.0859375
129.1025391 243745.625
130.0502319 7132.779296875
130.0653534 5781.1796875
130.0866241 80171.140625
130.1057739 21405.8515625
131.0817108 5319.0942382813
134.045517 6040.5146484375
136.0758362 270094.90625
137.0792694 27192.076171875
140.0708466 2958.0236816406
140.0814362 6408.3305664063
140.1440582 3857.6325683594
141.0660553 15628.7431640625
141.1023865 3838.8896484375
142.1224518 4860.2783203125
145.0611115 17115.98046875
147.0441132 5504.9521484375
147.0765076 33230.40625
147.1129608 127618.5078125
148.0783691 3295.4382324219
148.1168518 4758.7866210938
152.1077881 7125.818359375
155.1179657 3633.7102050781
157.0610504 36515.83203125
157.0972748 77551.71875
158.0928955 14768.267578125
159.0773163 12733.0009765625
159.0919342 7225.1171875
169.1338501 27804.5625
171.0761566 3288.1018066406
171.1130829 3346.0502929688
172.072525 5874.044921875
173.0559082 27585.7890625
173.0924988 6892.1713867188
173.1288757 55161.25
175.0719299 25198.560546875
175.1191101 73640.4375
179.0815582 36416.5234375
181.0611267 6197.8725585938
183.0773773 4813.8823242188
183.1141357 4901.6479492188
183.1496735 7031.3413085938
184.1534119 3210.4318847656
185.0919952 3620.3969726563
185.1290588 3005.5065917969
185.1649017 21585.9375
187.1083527 13047.3740234375
187.1445313 18030.11328125
188.074173 14574.419921875
191.1184082 21508.669921875
197.1296692 22186.705078125
198.0875854 7435.0205078125
199.0717926 6897.9516601563
199.1803894 19881.85546875
201.1231384 60604.359375
207.0769501 12047.0517578125
207.1131134 61391.2578125
208.0795746 3356.7290039063
210.0873871 6268.8002929688
211.1435242 3312.3115234375
212.1395416 11660.794921875
213.124176 3399.4655761719
213.1610718 9755.8857421875
215.1389923 49201.28515625
216.1426086 3253.2077636719
217.0813446 6330.4545898438
217.0993195 3525.5703125
217.1368408 13696.947265625
219.1130371 4952.4145507813
225.1235962 4336.7124023438
226.1199341 11589.5986328125
226.1546173 5614.5258789063
227.1761322 7571.01171875
228.097641 79000.5859375
228.1340942 4728.6752929688
228.1714783 17210.548828125
229.09935 6956.8823242188
229.1199188 3931.36328125
230.1512146 11566.947265625
233.0957184 21470.216796875
233.1649933 11115.3408203125
235.1078949 30047.708984375
240.1348572 35744.78125
241.137558 5604.22265625
242.1489868 3582.994140625
243.1334229 30296.931640625
244.0640106 3976.353515625
244.1399994 3648.6711425781
244.1656189 20689.087890625
245.131485 6521.1235351563
245.168335 4032.8818359375
246.1089478 34895.8203125
246.1813507 107736.46875
247.1848907 11351.15625
249.122757 4800.5122070313
249.1594696 6324.212890625
250.1195068 4646.8745117188
254.1504822 11290.23828125
255.1454926 62558.0625
256.1478577 5245.8608398438
258.1448059 18132.517578125
259.1448059 5719.0629882813
260.1976929 13349.671875
261.0905457 143828.359375
261.1181335 6669.63671875
262.0930786 14097.0400390625
263.1029968 6485.1533203125
265.1193848 12362.892578125
270.107605 6003.2529296875
271.177063 5368.4125976563
272.1734314 24227.744140625
278.1121216 3576.6416015625
287.1049805 3472.1096191406
288.2018127 5671.9360351563
293.1141052 35724.6875
293.1889648 23984.185546875
294.1154175 4150.8828125
296.1608582 4626.658203125
297.1235657 5115.7021484375
297.1556396 53649.515625
304.1286316 14469.794921875
304.1637268 11684.412109375
306.1453247 4369.4072265625
312.12146 5291.74609375
312.1566467 6188.7001953125
315.1302795 16344.4169921875
315.1660156 14961.140625
326.1825562 6789.3696289063
334.1407776 5997.6518554688
339.2022705 4926.5283203125
342.2013855 4575.3247070313
343.2066345 30959.23046875
346.1823425 3877.2145996094
359.264679 41497.95703125
360.2684937 6931.3193359375
362.134552 18385.466796875
364.151123 5039.296875
365.2070007 3345.8200683594
371.2290649 3780.5083007813
374.1740417 84046.5546875
375.1760254 6438.9985351563
376.1794128 7617.2709960938
377.1845398 5885.314453125
380.1443787 19927.21484375
381.1758728 15456.8896484375
400.2220764 4682.4091796875
401.2870789 15210.3388671875
409.1722717 4561.3012695313
410.2071838 5024.7836914063
417.2474976 23381.484375
426.160614 4450.37109375
428.2149048 4196.5405273438
433.1686096 11930.017578125
445.243988 3552.8530273438
451.1838684 6102.3491210938
470.2980347 28463.548828125
471.2980652 19369.8984375
473.2427673 12631.421875
485.3080139 23384.51953125
486.3068542 4988.9526367188
488.3100281 69391.4453125
489.3142395 18555.84375
490.2771606 128323.4609375
491.2787781 37886.2421875
492.2813416 5503.4458007813
503.2806396 3179.2648925781
514.3694458 7267.0971679688
520.2036743 4898.728515625
530.331665 31853.560546875
537.3049927 13077.9951171875
584.3765259 14287.5615234375
585.3716431 47576.81640625
586.3746948 6651.3759765625
589.2192383 5719.4951171875
589.3442993 20818.763671875
590.3478394 5707.9838867188
601.4119873 4094.8571777344
619.2558594 6062.61328125
619.3484497 92011.015625
620.3546143 27311.6875
621.3516846 11931.5849609375
636.3796387 4100.2744140625
645.3552856 36385.99609375
646.3667603 96479.5625
647.3677979 31139.31640625
732.4330444 35360.94140625
733.4346924 12370.5869140625
734.4359131 5522.9829101563
747.4127197 83072.0078125
748.4180908 38689.91015625
749.4106445 4724.1337890625
757.4006348 28324.775390625
758.3945313 11745.7255859375
763.4191284 3863.2094726563
792.4169922 18641.427734375
819.4609985 16019.3857421875
828.763916 4166.7900390625
948.5006714 5362.130859375
1024.601807 3663.8825683594
