2039.0636365804 4
141.0654449 15660.2900390625
141.1018219 23544.068359375
144.5096283 6483.0541992188
145.0600586 13227.6337890625
147.1130066 112003.6328125
148.1154785 8594.9208984375
155.0812836 11474.724609375
155.118103 18216.0703125
157.0969391 49862.10546875
157.1329803 22178.490234375
158.0915833 15746.7978515625
159.0763245 25368.689453125
159.0913849 18402.7109375
159.1125336 27017.732421875
167.0817108 85437.2578125
169.0972443 17030.40234375
170.0457458 7865.3227539063
173.0558319 10788.7099609375
173.0919342 17273.35546875
173.1282654 16077.3798828125
175.1184235 51238.94140625
177.1029968 12845.0146484375
179.093689 14512.447265625
181.0970154 9005.7509765625
183.1130676 9457.728515625
183.1490784 11757.13671875
185.0928802 81366.375
185.1052399 8276.1474609375
185.1280212 24413.6640625
185.1651001 12665.16796875
186.1240692 119444.0390625
187.0714111 23297.427734375
187.0879059 8072.611328125
187.1074982 54578.33984375
187.1239014 10664.0732421875
191.1177673 47672.8125
197.1281738 23773.232421875
198.1230316 18256.826171875
199.1809692 17097.193359375
201.0870819 26551.25
201.1235962 21913.775390625
202.0825806 16877.7578125
202.1213379 14941.9755859375
203.1212158 9202.1923828125
204.1344604 428144.96875
205.0973358 66985.7421875
205.1375275 41786.9296875
207.0868378 16085.8681640625
207.1132355 12680.0947265625
211.1440582 12936.84375
212.1026917 18673.451171875
215.1397705 15518.9404296875
217.1389923 8289.7548828125
221.1031799 9950.1005859375
223.1078644 17930.49609375
223.1547394 10406.21875
225.0984039 65491.30859375
226.1184235 60371.07421875
226.1548615 27073.857421875
227.175354 12053.67578125
228.1339111 20539.05078125
233.1650085 12788.8876953125
235.1082001 21450.03125
235.1414948 10259.94140625
243.132309 9892.5927734375
244.131012 12614.09765625
246.126297 14644.4736328125
247.1435242 21380.26953125
248.6300354 53845.9140625
249.0975647 11886.4453125
249.1595764 58049.77734375
251.1021576 14173.708984375
260.1967773 45775.41015625
263.0828247 8560.3701171875
263.1398621 17254.166015625
266.6486511 16022.85546875
267.1094971 22764.740234375
273.1598511 18699.515625
274.1198425 65463.47265625
275.6539001 22496.4453125
277.1559143 12620.48828125
282.1818542 12018.1025390625
286.1736755 11517.6875
288.1112366 19008.654296875
289.1589966 11521.1884765625
289.651886 13414.9169921875
292.1294556 61483.40234375
296.162262 11325.4140625
297.6664734 45255.859375
298.1646423 67471.21875
298.6660156 13025.111328125
300.1901855 16091.8974609375
301.1513672 23675.783203125
303.2037048 132103.625
304.2052612 13369.078125
306.1193542 120088.859375
314.1721802 19184.291015625
320.1651306 26829.171875
321.1621094 12956.28125
324.1291504 143380.28125
325.134491 15643.5205078125
326.1146851 17200.654296875
330.1451111 125086.59375
336.1297302 15131.51953125
345.1564636 21009.880859375
345.193512 19123.630859375
348.1557617 99562.921875
349.1566467 16273.49609375
359.2665405 16679.6875
363.204834 14961.375
376.1241455 19525.07421875
376.2230835 15599.7919921875
383.1952515 18660.10546875
386.1326599 10901.36328125
390.2359619 131894.359375
391.1964722 26525.908203125
391.2406616 15381.462890625
392.1963501 12435.6435546875
393.1521606 151530.46875
394.1548767 17081.150390625
405.1689453 12349.0380859375
411.1627502 211604.703125
412.1715698 57739.48046875
419.1917114 94841.328125
420.1976013 23091.61328125
429.2496948 74795.828125
430.1973877 25807.779296875
430.2507629 19913.009765625
431.230011 26048.685546875
437.2615967 11591.6025390625
447.2570496 516746.65625
448.2605591 129564.296875
454.2312622 18784.041015625
465.2067261 13069.3525390625
465.2749939 12068.7001953125
472.2409363 17544.28515625
476.2503967 61685.1953125
478.2437744 49437.765625
496.2515259 80764.453125
497.2544861 22431.6328125
506.2374878 230370.546875
507.2383728 76879.484375
519.2994995 13346.2216796875
524.2442627 132974.875
525.2512207 43718.3515625
527.3565674 20587.42578125
543.279541 15955.8212890625
547.2921143 66494.6953125
575.3441772 17710.38671875
576.3388062 17220.181640625
577.3141479 12112.2158203125
587.362915 15787.8310546875
594.3238525 268306.375
595.3276978 123240.5546875
596.3314209 22641.31640625
602.3674927 18873.501953125
605.307312 77341.8125
606.3153076 43541.36328125
623.3145752 227902.296875
624.3165283 71987.375
647.3606567 12213.6533203125
649.2869263 13980.20703125
660.3737183 15509.193359375
664.321228 12762.046875
665.3585205 48065.3203125
666.3649292 25687.72265625
684.4020996 49889.359375
685.4076538 14465.853515625
687.31073 14342.42578125
689.3855591 53957.19921875
692.3053589 14750.529296875
722.399292 12493.087890625
724.4047241 19386.091796875
736.3953247 40787.71875
749.4279175 55606.25
758.3807983 26089.794921875
768.3691406 44447.1640625
786.3844604 183866.625
787.385437 59436.421875
800.4023438 20097.607421875
806.4295654 14950.62109375
818.4303589 21653.712890625
858.43927 22469.845703125
871.4721069 24126.88671875
875.4415894 79594.03125
876.4536743 54071.96875
881.456665 52905.81640625
899.4605103 175169.28125
900.4684448 45344.453125
902.4778442 15624.890625
915.4477539 15313.66796875
988.5396118 13259.4521484375
1012.509583 82582.4609375
1013.511841 42314.14453125
1098.604736 16456.41015625
1099.593506 14463.27734375
1142.120361 14081.703125
1287.682007 14501.7578125
