1833.87024405969 3
129.0661774 124094.21875
129.1023407 422506.5
130.0860291 135538.53125
133.0428009 337051.28125
136.0753937 393815.34375
141.0658875 80215.8984375
142.1221924 56213.01171875
144.0202332 37922.2734375
147.1125031 276676.53125
151.9618225 39896.27734375
169.0606689 327436.4375
169.1338348 255222.546875
175.1194916 103957.9609375
177.102417 761361.5625
178.8981323 48038.10546875
183.1111908 45915.05859375
184.5205078 50341.671875
184.9271088 48864.83984375
186.0873718 457503.875
187.090683 60201.19140625
187.1434174 266288.8125
197.1292725 100032.8671875
199.181778 49895.37109375
200.1399689 73338.7734375
205.097168 86252.6953125
215.1392212 293801.59375
217.099762 72048.2109375
228.133255 123604.4765625
233.1646271 257053.296875
237.1236572 296286.375
261.1602478 60168.66015625
263.0837402 58405.4921875
269.1246948 370186.09375
270.105835 71734.9609375
275.209198 243606.109375
280.0837708 91002.8125
280.1109009 702062.875
281.1152954 85172.3203125
285.1534119 79413.0234375
287.1345215 109032.953125
296.1940308 61018.78125
308.1066284 341146.0
315.8075256 59703.2265625
325.2232361 104380.2265625
327.2030029 59929.71875
335.1366272 54904.39453125
337.1880188 87000.25
338.1880798 63812.5
344.1959229 66587.15625
347.2298279 76212.9140625
348.2301331 63368.48046875
357.1768494 67946.859375
357.2492065 144236.171875
382.2113037 65074.66796875
383.2084045 61620.30078125
421.1899414 77230.5625
436.255127 65722.359375
458.2392883 87840.046875
471.3301086 440182.84375
494.2991943 266181.53125
522.954895 65264.30859375
605.3486328 82614.140625
622.3540039 89952.4609375
623.361145 111850.109375
721.427063 436221.5625
722.4276733 387021.71875
723.442749 96243.5390625
729.4135132 127089.953125
820.4927979 440735.0
821.4978027 567890.9375
822.4914551 103482.8984375
844.4302368 135140.359375
933.5751343 82349.6796875
934.5741577 115111.6640625
935.5875244 98822.3046875
941.4204102 67571.5703125
945.4923096 331533.0
946.4859619 98346.2734375
990.5298462 91663.8671875
1035.636597 115339.5625
1108.53479 216045.703125
1209.606567 346364.59375
1210.605347 355634.28125
1649.713379 82091.484375
