1719.77093246866 3
120.0807266 7405.1245117188
127.0865784 2748.8410644531
129.0651245 2743.2006835938
129.0955963 1867.9815673828
129.1024628 32736.09375
130.0496979 6853.6850585938
130.0861053 14790.505859375
130.1059113 3190.9377441406
132.0769043 3846.9709472656
133.0426636 2949.0380859375
136.0756683 7078.1450195313
143.1169586 2924.9692382813
147.112915 32934.36328125
155.1176605 4602.0874023438
157.061203 3364.0673828125
157.1334991 3057.1271972656
158.0922546 5264.34375
166.0609741 3963.09765625
171.1495819 3826.3430175781
173.09198 4075.1555175781
175.0711212 16790.52734375
175.1193085 40891.46484375
178.6368713 3390.4990234375
183.1128387 6537.9096679688
183.1494446 3634.9631347656
185.0537109 3410.4536132813
187.0710297 3301.5515136719
189.0873566 4146.9565429688
199.071991 5040.4409179688
200.1395416 26174.986328125
201.1232147 33023.2421875
201.139679 4024.9912109375
203.0666046 4255.71875
211.1075897 4019.3601074219
211.1435242 3860.7058105469
215.1392059 5222.8706054688
216.0419312 25042.634765625
217.0450745 4259.3725585938
217.0824738 5554.7314453125
226.0824127 5416.2133789063
226.1192017 25976.619140625
227.1017914 3961.7272949219
227.1746063 3958.9670410156
228.1342926 5635.5205078125
229.1182556 27574.94921875
232.1394958 3806.0654296875
234.1448364 8293.9697265625
235.1198578 4203.2197265625
243.1334229 3377.4714355469
244.1291046 19389.029296875
245.1248627 2974.7631835938
251.1507416 8680.3056640625
255.1098022 3075.3764648438
260.1966858 16967.580078125
271.1799011 3517.140625
299.1737671 4159.0620117188
305.6744995 16863.2734375
314.0985718 5168.9145507813
315.1666565 41480.1328125
317.2184143 5354.6733398438
331.2328796 6920.9594726563
340.6802368 3447.8820800781
347.2310791 4612.8969726563
349.1916504 16597.646484375
358.0805054 4136.9956054688
359.2407532 7557.634765625
412.0432739 4048.4978027344
428.2537537 3906.3505859375
430.3003845 4240.3188476563
473.2840881 51765.86328125
474.2883606 7708.0849609375
509.2451477 6951.5541992188
517.7546387 8881.9765625
530.3127441 13408.2353515625
531.3530884 7644.9921875
535.9238892 4232.8115234375
543.3113403 5782.083984375
544.3225098 4362.53515625
551.2960815 4345.4301757813
552.293335 4685.8588867188
556.5638428 4235.8979492188
560.3046265 5023.9545898438
572.3135986 14219.4013671875
573.3294067 37941.484375
574.3510132 86036.625
575.3636475 5261.0825195313
601.8113403 5950.6962890625
610.2462158 4389.54296875
635.3029785 4687.5595703125
650.3018188 4771.4565429688
662.340271 18280.529296875
663.3453979 5404.5688476563
689.3699951 3897.2529296875
694.8417358 19981.736328125
695.3392334 7353.7094726563
697.3779297 6984.5024414063
704.3533325 4250.6030273438
734.4058838 5313.5288085938
735.3948364 4471.2495117188
741.3513794 5712.33984375
750.8428955 5979.85546875
759.3660278 8947.7490234375
759.8577881 12288.173828125
766.3916016 5189.7255859375
818.3966675 13001.0322265625
819.4015503 6123.2485351563
821.338501 4857.48046875
880.4345093 6011.5048828125
890.4428101 6653.5200195313
899.4425049 7509.1733398438
904.4642334 5210.140625
908.3769531 6259.2807617188
917.4627686 31667.81640625
918.4605713 21949.46875
920.4237061 5551.3662109375
937.4460449 20155.08984375
938.4549561 6343.1303710938
963.4962769 4489.3388671875
1023.400879 16667.98046875
1024.392456 6372.802734375
1092.417725 5976.2446289063
