1592.95059641795 2
115.0870972 6537.7934570313
115.4808044 6054.6352539063
116.0707474 7812.7309570313
120.0740585 7125.8081054688
120.0811691 138774.640625
123.1410217 5986.7250976563
129.1022034 24990.2421875
136.0761719 69973.828125
136.083725 6492.5283203125
141.8708954 6210.5893554688
143.1177063 11995.322265625
147.1125946 42955.87890625
154.2396088 6861.2543945313
155.0819092 8550.5322265625
158.0930328 10455.5283203125
159.0917358 18351.806640625
159.1129761 11364.0732421875
167.0817566 8751.0927734375
169.0612793 7059.9438476563
169.1338196 11775.2412109375
171.1132507 8943.2080078125
173.8196869 7583.1489257813
175.1190796 47882.56640625
183.5514069 7776.9462890625
185.056015 19033.564453125
185.1647491 47243.50390625
186.0880432 45667.4453125
187.1074982 15601.8046875
187.1432953 10117.2333984375
188.1403656 11530.2841796875
193.0974274 40266.2734375
197.1289978 16843.89453125
199.1806641 100119.5390625
201.1230469 20681.44921875
203.0677795 30183.623046875
212.1029205 63417.390625
212.1394806 13741.11328125
213.0864563 13263.2001953125
213.15979 39527.828125
214.1183319 8864.994140625
215.1373596 13221.6201171875
219.113739 10137.0537109375
221.0926056 25619.525390625
226.155899 14195.0439453125
227.1757507 93714.875
229.1172791 21178.61328125
231.0614929 159225.71875
231.1131592 9512.0322265625
233.1656494 15559.4462890625
242.0756683 11801.3388671875
244.1657257 101938.5703125
245.1685028 10214.1796875
254.1495667 9517.48828125
255.1447754 21302.234375
260.0885925 9595.46875
261.1608582 13316.5576171875
266.1493225 19274.966796875
270.0733948 21438.421875
272.1717529 20442.2890625
276.1356812 10562.10546875
284.1652222 11380.078125
284.1977844 44086.94140625
288.0829163 271254.90625
289.0857239 13162.943359375
292.130249 44208.75390625
299.1379395 9196.3125
299.1731262 65904.6484375
300.1714478 9279.76953125
301.2247314 19285.779296875
310.2124329 13689.45703125
328.1872864 132442.140625
328.2221069 13127.330078125
333.1560364 11911.03515625
337.152832 20022.94921875
342.2032471 44351.89453125
344.2002563 12173.01953125
355.1617126 18922.29296875
362.2075806 14022.1962890625
367.2348938 16133.23828125
373.172821 49540.7734375
390.1326904 12779.65625
391.235199 47842.5625
398.183136 72327.3203125
401.1679382 21582.5546875
412.2568665 13141.083984375
440.262085 18464.55859375
477.2835388 48548.625
484.2524414 13205.0654296875
500.3562012 20670.90234375
517.2601929 13288.6513671875
520.291748 108040.4296875
521.2896729 39977.6953125
537.3148804 488278.6875
537.397644 15525.216796875
538.3197021 152169.828125
539.321228 36025.48828125
545.2521362 41168.453125
546.2579346 13367.2978515625
577.3167114 14107.3828125
597.3446045 13717.490234375
644.3588257 13905.30859375
650.4009399 43967.46875
707.4207153 241834.109375
708.4205322 103846.390625
759.4376831 37783.8515625
788.4075928 158346.0
789.418335 48587.484375
804.3377075 46302.12890625
807.4451904 14329.7236328125
820.50354 174484.34375
821.5066528 97262.8125
927.5259399 358387.03125
928.531189 24694.71484375
933.5979614 87228.578125
934.5979614 45226.66796875
960.4536133 21345.587890625
1034.642578 117048.5
1035.641113 76303.953125
1036.639893 18752.634765625
1042.547119 71767.953125
1047.492676 41017.60546875
1155.641357 40869.80078125
1164.658569 12933.8720703125
1165.607666 16460.05859375
1177.546143 12767.880859375
1181.702881 76536.6640625
1182.706299 65601.34375
1183.709961 24974.16796875
1194.541992 15884.712890625
1195.564941 19908.251953125
1366.800415 57549.26953125
1367.780396 47697.1796875
1368.800293 17809.654296875
