1200.6266598868 3
84.04510498 766504.875
84.04993439 28683.0546875
84.08148956 2708897.25
85.01140594 44476.1875
85.02922058 46178.8359375
85.04042053 89094.15625
85.04891968 18637.177734375
85.06558228 16125.4765625
85.08496857 128020.359375
86.06096649 29038.4140625
86.09714508 3293503.0
87.05597687 1603488.125
87.09508514 25869.166015625
87.10034943 227493.640625
88.0400238 592569.125
88.05918884 25210.091796875
91.05465698 160755.25
92.01718903 20323.521484375
92.05793762 21780.19140625
93.07053375 84306.4921875
95.04978943 21041.783203125
97.04044342 41370.08203125
98.02420807 237913.3125
98.06066132 243165.171875
99.05594635 34107.44140625
101.0350418 21487.123046875
101.0715103 224833.28125
101.1078568 171068.78125
102.0555267 713475.3125
102.0622177 30590.4296875
102.0916672 24360.42578125
103.054306 287442.8125
104.0532455 597675.875
105.0568466 25705.142578125
110.0718155 117905.9453125
111.0560074 34219.8359375
112.0398941 105374.3359375
113.0714951 83168.453125
115.0506592 429175.34375
115.0869675 32423.4453125
116.071022 502264.15625
117.0748062 20527.306640625
119.0486526 22647.689453125
119.0735779 19658.49609375
120.0811539 6255035.5
121.0760803 21923.46875
121.0844727 567441.4375
124.0397491 25798.47265625
125.0345993 25229.927734375
125.071373 138360.53125
126.0552673 202516.4375
127.0869522 25072.490234375
129.065979 419066.46875
129.1025085 5033383.5
130.0499115 75412.296875
130.0659943 86699.6015625
130.0771637 37420.51953125
130.0864716 822772.125
130.1061859 291451.09375
131.0900879 39584.19921875
132.0808411 84015.2578125
133.0437164 22767.802734375
136.0759125 578621.1875
137.0708313 37247.640625
137.0800476 20324.115234375
139.0501099 91560.078125
140.0344543 139434.84375
141.0662689 37849.390625
141.1021576 43826.72265625
142.0498505 129827.421875
143.0815735 383256.875
143.1183777 158130.8125
144.0662231 29533.583984375
146.0965271 71020.7109375
147.1128845 1177953.625
148.1161041 98938.140625
153.065506 178919.84375
154.0501862 133595.109375
155.0814972 124079.2265625
155.1176147 37870.67578125
156.076889 102064.09375
157.0609283 577573.4375
158.0639801 26503.794921875
158.0962219 149592.65625
159.0917969 97256.609375
160.1121368 42504.90234375
161.0737762 38648.30859375
161.0923462 308781.84375
162.0919037 164463.859375
165.1018219 27755.583984375
167.0453491 124426.59375
167.0818939 23290.189453125
170.0600128 77933.4921875
170.092514 40708.578125
171.0621643 26687.01953125
171.0765686 673338.5625
171.1130219 76118.8515625
171.149765 23339.298828125
172.081604 26269.662109375
173.1289978 34726.46875
174.0873413 808628.625
174.1014709 37574.4375
175.0890045 33960.2578125
175.1192932 224246.234375
176.1072845 150283.078125
177.029953 32292.556640625
177.1023407 108853.1171875
181.0606384 106929.40625
183.0769196 75831.3125
183.1131592 72803.03125
183.1492767 24920.978515625
184.0725098 74970.625
185.0557251 94293.3203125
186.0908966 123734.7734375
187.0887604 20358.96875
189.0713806 40222.6875
189.0870667 701067.5
189.1024933 47865.02734375
190.0903015 34984.640625
193.0612946 40392.1484375
195.0417023 56426.65625
197.12883 198419.28125
198.0872192 35978.51171875
199.0716553 305384.9375
199.0882111 34523.76953125
200.1391754 135829.78125
201.123291 110007.8125
201.1413422 19664.16015625
202.0823975 284318.46875
203.1173401 150029.4375
204.0801239 40995.35546875
205.0606995 124020.5078125
207.1128998 474915.4375
208.1165009 98521.8359375
209.0553284 27160.83203125
211.0716553 31037.564453125
211.6416626 184608.515625
212.0420532 21619.205078125
212.1039886 23636.427734375
212.1437988 43730.859375
213.0874939 82489.234375
213.1596222 24718.96484375
215.08284 24942.728515625
215.1394043 201602.890625
217.0809631 901528.75
217.0978699 124972.4453125
218.0852966 108171.9453125
221.0552521 107343.375
221.1285248 1568619.0
222.0879364 157848.21875
222.1320648 226578.453125
223.0698547 328519.6875
224.0730286 22536.275390625
226.0806274 36667.99609375
226.1551819 190951.796875
227.0657043 87608.5078125
228.1332245 25894.541015625
229.117691 29057.734375
231.112915 290128.4375
231.1489868 242590.8125
232.0752411 149868.171875
232.1134186 44153.38671875
233.1652985 206055.890625
234.1688385 22563.2109375
235.1081085 318027.0625
236.1107025 31634.642578125
239.065979 431442.34375
240.0722809 26494.171875
240.0963135 142764.140625
240.1700897 26649.509765625
241.079834 177689.09375
243.133667 135497.28125
244.1419525 49239.82421875
244.1657104 1157348.125
245.16922 141916.765625
249.0992432 41597.93359375
249.1227112 178039.328125
249.1595612 142159.875
250.081955 30593.95703125
251.0661163 142694.484375
257.1972046 309666.34375
258.178833 138701.296875
259.1078491 69932.890625
259.1438293 120821.2578125
260.1129456 23688.37890625
261.158905 106640.3671875
267.1087341 134456.234375
268.0910645 45276.81640625
268.1825562 116785.125
268.6853027 82550.984375
269.0768127 141209.921875
272.137085 82792.0
274.1189575 41730.34765625
275.2079468 1250549.875
276.17099 1481037.75
276.2085266 154527.484375
277.1747742 242245.21875
284.1608276 28961.9453125
285.1195068 153245.921875
288.1327515 29124.158203125
288.20224 26810.939453125
291.9877319 19389.361328125
293.1112061 23069.474609375
294.1811523 278678.65625
294.2112122 28793.849609375
300.1348877 244227.625
302.1147156 25973.013671875
302.1714172 23593.6953125
304.1632996 20761.87890625
312.1543274 85056.0546875
313.1598816 30290.388671875
318.144928 212545.765625
319.1495056 33236.31640625
322.5045776 23083.564453125
323.7002869 227011.21875
324.2003174 86148.6953125
327.1463928 27517.767578125
328.1286926 270710.8125
329.1326904 78325.9453125
330.165802 609094.4375
331.1689453 84982.703125
332.6990967 25088.826171875
336.1558838 29681.98046875
345.1748352 22768.64453125
346.1407471 601384.5
347.1429138 121968.3515625
348.1409302 18645.796875
349.20401 114778.546875
349.7043152 33240.671875
350.861145 23986.845703125
352.1289978 24832.787109375
354.5175476 30055.35546875
359.5179138 24587.447265625
359.8597107 118669.640625
360.1919556 108662.6796875
360.5274048 81137.3828125
364.1493225 209055.203125
365.1530151 35297.48828125
366.1933899 70725.1484375
366.5288391 26113.8203125
367.2130737 23541.7265625
368.1242371 31037.783203125
369.1513977 46568.921875
369.5238953 20963.17578125
370.1392212 79251.1640625
376.2218323 568663.875
376.7223816 271810.625
384.2686768 19526.541015625
387.1657715 34331.0625
389.2540588 67520.765625
389.5282898 32956.16015625
389.8642883 25793.34765625
393.2506409 29966.3359375
397.1500244 21435.76171875
398.1332397 137567.703125
399.1391602 25067.966796875
401.2847595 126962.578125
404.263031 92834.0
407.2657166 31097.25390625
414.1756287 83097.328125
415.1592407 125600.15625
416.152832 26047.025390625
422.2763977 1585411.75
423.2796936 358919.71875
424.2834167 34332.734375
431.2254944 27112.796875
433.1676636 26445.98828125
440.749176 78864.2265625
441.2567749 36913.17578125
443.1528015 26554.025390625
447.1849976 43526.609375
449.2428284 129862.703125
449.7566528 386723.75
450.2558289 194925.21875
450.7575378 28662.525390625
451.2634277 20275.845703125
455.1517944 29076.02734375
456.1859741 20955.44921875
456.2424011 143234.65625
457.1723633 36705.18359375
457.245697 24652.69921875
465.3770752 19719.787109375
467.153717 93795.84375
467.2220154 30265.99609375
467.2861023 22000.70703125
473.1616821 24937.701171875
474.1959534 22034.25
477.2324219 163828.984375
478.2374878 74404.796875
485.1637268 124312.34375
496.2637024 27856.453125
498.1948547 26651.349609375
500.7821655 21670.462890625
501.207428 35223.15625
503.173584 23846.81640625
504.2749939 30175.849609375
505.2743225 131150.078125
505.7672424 81116.8984375
516.2077637 39083.1796875
518.293335 34215.03125
522.2918091 40768.82421875
526.1923218 34391.94140625
535.3622437 729225.5
536.3665161 273426.03125
543.2165527 96844.0
544.2091064 42129.890625
561.3148193 37265.73828125
569.3220215 87502.140625
571.3120728 26230.44921875
584.1976929 30570.138671875
596.1972656 67068.2109375
603.229187 31429.16796875
614.2000122 30974.21875
623.3354492 62492.578125
646.3811646 116530.8984375
647.3912354 72401.6328125
664.3106689 24568.431640625
664.4024048 409164.1875
665.4072266 170392.75
666.4109497 36178.5390625
716.3922119 27776.998046875
733.4087524 90390.15625
751.4348145 1126034.375
752.4393311 541956.125
753.4320679 110518.78125
761.409668 26156.8984375
898.5020142 239566.75
899.5131836 174833.953125
1185.428223 22762.814453125
