1164.60230060849 2
84.04519653 385528.53125
84.08136749 111334.7109375
86.09715271 939606.25
91.06414032 90450.5703125
101.0715561 152068.6875
102.0558624 121762.2578125
110.0718536 195037.34375
120.0812836 3389595.0
121.084671 367931.03125
122.467041 98074.1484375
129.1025848 377322.6875
130.0872192 109409.296875
136.0759277 194869.359375
141.0666962 214437.828125
147.113327 147041.765625
157.1339264 688662.3125
159.076767 454961.53125
175.118988 673116.3125
185.1289825 457365.5
187.0719604 593248.5625
202.6077881 102773.7265625
207.1137238 105776.953125
219.1501007 467237.25
247.1435547 97613.84375
288.1332397 96276.2109375
288.2077637 98415.6875
334.1398621 426061.375
371.9381714 101968.265625
390.1790771 105665.5
396.2011414 101108.5546875
431.2366638 155785.046875
520.3458862 103619.7890625
530.3012085 319087.96875
562.2614746 98999.5390625
582.7909546 200051.71875
583.2980347 147909.046875
631.3516235 551623.5
675.2963867 140872.5625
676.3068848 138015.6875
732.4006348 1404973.0
733.3970337 512318.375
823.3688965 111095.28125
831.4663086 220128.390625
850.8635254 109807.1875
980.4313965 408334.3125
981.4436646 153173.4375
