1336.72157557635 3
97.80513763 442769.84375
102.0554657 557251.3125
103.0547714 730726.5625
110.071785 1093234.625
112.0874405 448353.9375
115.0874329 569591.8125
116.0711441 990707.5
119.0492401 1862352.375
120.0810165 4951734.0
129.1024017 626384.6875
136.0758209 20718864.0
137.0792084 1067107.375
158.0925293 2801517.0
175.1188507 5928263.5
185.164978 1638013.125
225.1714478 2014107.625
259.1407776 2344907.25
265.1187134 3144667.75
276.1663818 8303869.0
277.1681519 724899.4375
293.1134033 1796793.5
335.1681213 584951.4375
386.2518616 879187.5625
387.1987305 1086876.125
405.2098389 4182707.0
406.2141113 628221.0
414.2450562 7028964.5
415.2470398 1779357.25
482.31073 510777.09375
499.335907 14396505.0
500.3344421 3917031.0
510.3016357 499590.9375
516.2408447 597595.0625
527.3305054 16126978.0
528.3345947 3964713.25
529.3335571 1769260.5
532.2741699 455499.375
534.2510986 7074047.0
535.2515259 1802937.125
582.3607178 491869.0
612.4188232 6999750.5
613.4182739 2908219.5
640.4130249 3694295.75
641.4151001 978982.25
681.2796631 1272931.125
697.3139038 9633425.0
698.3152466 2910175.75
699.3222046 778189.8125
810.4003906 525185.25
