1389.51073592773 2
110.0720673 6583.5322265625
115.0869446 3904.2348632813
124.0517807 3693.9030761719
129.1024323 7034.2856445313
129.3067474 3581.9755859375
136.0762787 17868.2421875
158.0929413 6880.8891601563
175.1190186 25432.169921875
193.0973816 17682.828125
201.4805908 3557.1247558594
221.0915222 3634.091796875
288.2041016 7254.5659179688
313.7680359 3948.0236816406
317.1974792 4377.8920898438
338.1786804 4886.0063476563
470.1875916 5322.1323242188
487.193634 5780.2778320313
527.6977539 6404.9091796875
528.2041626 5456.0869140625
630.2896118 5158.8779296875
655.2784424 8254.2978515625
686.7487183 4285.1123046875
694.3621216 4828.2744140625
695.2572021 25552.625
695.3591309 5572.4780273438
695.7572632 18526.2265625
696.3267822 6645.6044921875
742.8411255 4528.474609375
973.361145 6346.8857421875
998.2253418 4528.8540039063
