2052.02326981789 2
141.1020508 7465.1533203125
142.5914307 2809.5908203125
147.1126709 8887.181640625
152.6743622 3896.9807128906
169.0966949 7653.744140625
183.1124268 3859.9926757813
185.093811 3831.9904785156
186.1239319 118335.625
187.1272736 7672.6293945313
197.1287842 8777.2021484375
201.1227264 8984.357421875
214.1004639 7655.36328125
214.1189728 112462.8125
215.1217499 8718.4560546875
217.0810547 4536.9858398438
233.1650696 20109.4609375
238.1194 3676.6906738281
242.1495819 9647.9921875
246.1807709 17842.634765625
249.1231232 7533.8764648438
260.1976013 6457.958984375
261.1605225 26184.9140625
262.1633301 4287.9370117188
268.1664429 7352.5263671875
277.1196899 42804.6875
277.1458435 5583.103515625
282.1810303 4984.9521484375
299.2095642 4382.7294921875
310.1404114 6179.32421875
310.1768188 6373.6220703125
310.2119141 7905.5102539063
311.1728516 9947.69921875
327.2032166 73734.859375
328.2069702 7438.513671875
365.7839355 4237.3188476563
390.1593628 5064.421875
390.2023315 39629.671875
391.2079773 5046.0283203125
415.1835632 6914.7373046875
440.2160339 36065.40625
441.2096558 5031.1499023438
449.1674805 5953.8286132813
456.316925 53720.30078125
457.1956482 20925.505859375
457.3206787 5505.5439453125
458.2285156 6417.1889648438
459.2267151 7547.1103515625
474.2742004 7515.5854492188
490.2314148 5638.53125
501.7961426 5178.6196289063
522.2926025 36000.5859375
523.3007813 6298.5756835938
544.229248 18373.1171875
548.2337646 6833.3081054688
552.37677 10558.609375
556.263916 10625.7041015625
575.3250732 9069.11328125
603.3162842 21404.23828125
625.2825928 7195.5419921875
633.3016357 5278.8491210938
637.3220825 9404.7861328125
643.2957764 8641.65625
682.329834 5351.6967773438
694.3382568 34724.06640625
695.352356 8185.1313476563
728.3070679 7208.7177734375
753.2462769 5240.8178710938
793.4104004 31682.15234375
794.4196167 6145.1342773438
851.4579468 5257.3022460938
922.4647217 6525.51171875
923.4735718 6418.8427734375
1005.433044 5867.515625
1026.621338 26727.939453125
1027.612671 22891.255859375
1051.496338 6481.5444335938
1193.677124 6489.2041015625
1249.599243 77804.1015625
1250.597046 34333.44140625
1251.607056 5934.0815429688
1336.636841 58889.203125
1337.635254 45519.48046875
1338.628662 24972.302734375
1449.708008 10410.3857421875
1450.719727 21349.958984375
1451.713867 8299.6884765625
1725.828369 8211.810546875
1726.829712 23648.072265625
1727.845215 9723.2890625
