1207.66393952048 2
84.04511261 192769.296875
84.08142853 379217.96875
86.09214783 98553.234375
86.09714508 2501592.5
87.1006012 62723.390625
95.2135849 58846.5390625
101.0718002 94861.625
104.0537949 55427.62109375
107.9450302 44275.83984375
108.9491882 46893.9375
110.0716705 343324.375
120.0812225 531266.4375
129.102829 418429.8125
130.086441 199163.484375
131.0812073 61475.08984375
131.1183014 64975.63671875
135.6410675 46438.1640625
136.0759583 461793.75
141.0667572 49657.87109375
143.1181946 55046.08203125
147.113266 286051.9375
149.0879364 44179.05859375
156.0768433 201723.0625
157.1337128 906174.125
159.0766296 196833.734375
175.1187744 84194.1875
183.1134033 51015.0859375
185.0924225 75775.984375
185.128952 220733.453125
187.1446381 105591.0390625
189.1777802 58618.89453125
197.1292267 187431.421875
213.0868988 110574.9921875
215.1394958 57400.8828125
221.1289825 112542.421875
226.1190033 85254.046875
234.1454926 176298.3125
242.1506042 82408.7578125
247.1091919 61987.50390625
254.1511536 64518.2109375
255.1461334 64404.12890625
272.16922 211689.328125
291.1661072 114041.7421875
305.180542 58596.93359375
325.1878967 80827.4375
325.9259949 50302.2734375
343.1972961 87581.40625
406.2324829 64511.828125
470.4664917 47977.4765625
477.2265625 78392.5234375
553.2956543 60221.90625
624.3352661 201634.484375
666.3422241 245138.859375
752.387146 80593.3828125
777.4285278 61352.34765625
923.5015259 67069.8359375
1023.547974 62190.1171875
