3136.31918350258 4
223.108078 618523.8125
223.128952 29478.68359375
224.1113434 102464.0
226.0829315 12172.685546875
227.0697479 11641.625
228.1343079 23474.974609375
229.1196136 26562.662109375
230.0779266 25193.31640625
243.1341248 15812.3583984375
244.164566 15657.642578125
249.1604309 63683.06640625
250.119873 26785.958984375
251.1032562 364513.1875
251.1293488 13616.66796875
252.1055298 28211.47265625
258.1448975 100830.75
270.1053162 13521.6953125
274.1183167 13396.0322265625
275.1711731 182873.21875
276.1749573 16967.17578125
277.1564636 18036.068359375
278.1150208 16588.140625
281.5121155 14982.0244140625
299.0998535 18742.6953125
301.116272 19523.20703125
301.1879578 17748.96875
310.1175842 26853.548828125
320.1256714 15635.1083984375
354.2145386 14972.294921875
364.1869812 122558.5390625
371.1958618 16170.9453125
378.6016846 12830.9931640625
403.1585083 16812.63671875
422.241272 107939.828125
447.1662598 16516.919921875
464.2004395 21134.474609375
477.7134094 18958.76171875
478.2093201 20449.59375
498.3287048 24238.017578125
509.2747192 157213.0625
510.2779236 33621.18359375
534.732666 78777.2734375
535.2303467 19617.119140625
557.3216553 137830.015625
558.3317261 19555.365234375
591.2545166 21711.181640625
616.2601318 21447.173828125
624.302063 66988.7890625
625.3093262 18952.681640625
627.7700195 17369.873046875
648.2514648 16387.787109375
678.2665405 31085.986328125
679.2712402 25142.10546875
704.2768555 26879.201171875
716.3252563 109796.828125
716.8248901 58562.9921875
738.3425903 201055.84375
739.3461304 84824.671875
766.8271484 27960.697265625
767.8171387 28922.806640625
784.3962402 29507.78515625
785.5321655 1234911.25
786.468689 315432.0
791.34552 30417.685546875
797.8562622 21197.234375
798.3596191 23387.12109375
814.3391724 25125.029296875
818.348999 24103.734375
820.3619995 22111.822265625
824.3601685 19600.11328125
841.3287964 32036.171875
867.3931274 55971.6015625
905.3916016 29039.482421875
906.4000244 27372.515625
907.3971558 24749.2578125
924.40802 201601.5625
925.4094849 108193.0703125
926.4084473 60754.87890625
934.3903198 27191.67578125
936.4223633 24260.94140625
948.4179077 75444.171875
949.4085083 32734.052734375
954.4151611 65250.85546875
971.5458984 21127.849609375
983.4310303 19676.765625
984.9104614 23163.396484375
992.4214478 21918.10546875
993.4459839 30268.830078125
1025.459351 136387.421875
1026.471069 66413.4375
1050.464844 120230.9296875
1051.464355 19165.4140625
1067.464966 24124.265625
1068.450317 103103.1171875
1069.468994 69433.765625
1204.525391 72253.703125
1205.520264 28619.552734375
1213.541626 85271.875
1214.549805 31538.791015625
1231.531616 25141.103515625
1318.611938 59664.8203125
1411.807373 27676.685546875
1456.575562 22719.78125
1594.692139 21887.439453125
