2243.21261183543 3
155.0814819 12093.0068359375
159.0924225 9244.6044921875
167.1174622 8859.291015625
169.1336517 15364.9052734375
170.0621185 6942.9487304688
171.0763245 12215.4296875
171.1127472 50317.2578125
173.1287079 40051.60546875
175.1191711 88199.34375
177.1018982 58514.3046875
181.0970459 39747.22265625
183.113739 11013.9921875
185.1650085 8414.8955078125
187.0714264 13459.0234375
187.143631 14114.4111328125
196.4469299 8902.9873046875
197.1285858 38942.10546875
199.1078491 16832.08984375
201.1235962 20584.43359375
207.0795593 11631.98828125
212.1029816 55470.44140625
213.0870209 9429.81640625
214.1203918 9729.0048828125
215.1396332 44422.36328125
217.1370544 19023.44140625
225.1242981 11076.5703125
226.120163 12219.33984375
228.1350708 17863.451171875
235.0750427 97647.359375
244.091568 11329.5888671875
244.1654968 63694.265625
249.124054 14946.7373046875
249.6871948 9055.6455078125
252.1347351 15634.5830078125
262.1197815 23672.88671875
270.1451721 22831.3984375
271.1413574 15383.50390625
277.1191101 48541.453125
280.1663818 16167.330078125
288.2037354 61221.08203125
290.1456604 10286.044921875
292.1289063 18995.3125
292.199707 17382.546875
294.1821289 41349.625
296.1969604 40158.53125
297.1582642 18817.349609375
299.1733398 17425.400390625
303.1734009 9698.265625
305.0991516 63729.44921875
312.1557007 9148.6953125
315.1672058 12837.1845703125
316.1319275 15461.2705078125
325.1519775 19030.080078125
325.1886597 11380.3564453125
327.171875 12057.30078125
330.65448 12223.19140625
332.9843445 10647.02734375
334.1435852 112482.4375
335.1434631 12623.4951171875
340.7272034 103830.75
341.2295837 19838.771484375
342.1304932 11904.2158203125
344.1448975 22110.88671875
351.168396 13800.81640625
357.2514954 11438.5205078125
365.2566528 17541.333984375
367.1974792 12876.662109375
371.1874084 13480.2578125
387.2718811 19339.1953125
393.2510376 56940.64453125
394.2521973 12547.099609375
408.2286987 13868.8359375
409.2090149 12989.2763671875
414.6994324 13466.4365234375
418.1842346 15438.6298828125
462.1976318 89459.1953125
463.2034912 14098.873046875
478.2330322 12371.474609375
486.3413391 16347.8505859375
491.2522888 10500.75
495.2506104 11009.7880859375
506.3375854 13489.4072265625
525.3453979 12189.5146484375
573.2717896 13395.001953125
583.3950195 135852.421875
584.4007568 52563.765625
620.4208984 21750.22265625
627.347229 58060.00390625
642.3008423 13182.9189453125
663.418457 42586.2265625
664.4296875 13327.556640625
680.4458618 573036.25
681.4484863 220290.546875
682.4524536 47929.48046875
708.4056396 18445.7890625
736.4193115 13022.4482421875
737.4616089 87228.625
738.4741821 15622.89453125
741.3656006 21013.685546875
748.4273071 11842.287109375
759.3712158 46396.6640625
760.3864746 17570.3125
781.4926758 352356.90625
782.4942627 161619.015625
783.5057373 44782.85546875
792.4278564 21585.2578125
803.4299316 14745.8837890625
816.4263306 12832.4677734375
820.4175415 12521.8037109375
828.3916626 17370.888671875
846.40802 18252.63671875
850.5359497 14307.9873046875
888.4536133 13240.373046875
894.576416 221679.0625
895.5814209 128553.2890625
896.5949707 23120.154296875
955.5777588 13303.283203125
966.5016479 50433.8984375
967.0891113 14138.9365234375
967.4794312 15973.2421875
1023.637268 79382.1015625
1024.61792 66209.6171875
1073.523071 42808.1328125
1079.560059 66557.8828125
1080.547974 20527.990234375
1090.036011 19211.349609375
1092.677368 21440.94140625
1170.695435 40693.41796875
1227.710083 23348.861328125
1267.740845 20973.208984375
1284.72229 61878.48828125
1285.715576 15942.36328125
1326.711792 15145.705078125
