7534
2
875.4339060000001
# +15.9949|* +79.9663|
C=160.030649
875.43562	0.0000	15.98	-0.041	5	12	K.VEELEEK.G	F
875.43562	0.1308	13.89	-0.255	5	12	R.VEEELEK.R	F
875.43562	0.5532	7.14	-0.929	4	12	K.LDEIEEK.Y	R
875.43562	0.5532	7.14	-0.929	4	12	K.LDELEEK.D	R
875.43562	0.5569	7.08	-0.94	4	12	R.DELIEEK.Q	F
875.43562	0.5695	6.88	-0.959	4	12	K.DLEELEK.G	F
875.42912	0.6865	5.01	-1.146	4	12	K.VEEVM#PR.R	R
875.42912	0.7491	4.01	-1.255	4	12	K.IDEPVM#R.I	R
875.43562	0.7822	3.48	-1.301	4	12	R.VEEEEIK.R	F
875.43295	0.8079	3.07	-1.342	3	12	K.KQDNNTR.I	F
