1593.86022665725 3
110.0710831 80188.6015625
120.0806122 241052.875
126.3249512 23646.876953125
129.0655212 166712.03125
129.1018219 229603.40625
130.085907 168828.109375
131.1177368 57432.89453125
136.0762939 45530.96875
141.2317352 28978.83203125
147.1122894 245526.28125
148.1147308 32177.771484375
155.0807343 32055.83984375
157.0975189 39661.1640625
157.1328735 49452.703125
159.1124725 280054.5
169.1327972 36350.32421875
171.0758209 37137.78125
172.0715027 53748.12109375
173.129425 40138.140625
175.1187286 239926.5
182.5361633 32210.3984375
183.1497955 41092.3359375
187.1083221 62741.84375
196.1447601 69494.1328125
197.1286163 71600.9140625
199.1805267 56696.0234375
201.1232452 55462.453125
205.0995483 42669.1640625
214.1558685 179297.5
215.1390839 50320.1328125
225.1225433 48761.43359375
226.1202698 42850.9609375
229.1196289 52121.16015625
231.0978241 55761.10546875
240.0981598 88280.3828125
240.1317291 41379.28515625
242.1499634 198720.171875
244.1318359 33716.94140625
258.1427307 44110.7578125
260.1967468 218075.203125
272.1247864 313442.28125
272.1719666 52694.7265625
299.8283691 37737.359375
303.2132874 558420.625
315.1687622 37738.67578125
325.1881104 44356.484375
353.1824036 54900.49609375
387.7008667 44463.87109375
488.3075867 75889.96875
513.8760986 48088.25
530.3494263 56776.5625
531.3070068 292912.71875
532.3193359 70941.9609375
547.2979736 52782.08984375
629.3370972 71125.2109375
648.7202148 46989.87890625
693.3168945 138993.734375
709.364624 175524.015625
764.3571777 71157.1640625
776.4146118 63533.03515625
781.4163208 76301.796875
810.3991699 48711.87109375
877.4371948 91591.265625
878.4434204 58176.4765625
897.4462891 205967.59375
898.4450073 81726.4296875
998.4969482 159271.203125
999.4935303 88824.7109375
1111.575317 82443.03125
1112.570801 79358.890625
