2409.23535433507 4
166.08638 1168.244140625
169.1337433 3760.5993652344
171.1129608 8475.7421875
173.0556793 2264.0471191406
173.1286926 9632.9384765625
175.0708008 1240.0745849609
175.1193848 3712.3732910156
178.0517731 1470.7259521484
181.0974274 9047.26171875
182.1291656 6665.3208007813
183.1128845 17269.177734375
183.1494598 1423.5124511719
185.0566864 1893.3101806641
187.1074524 1441.8016357422
187.1440735 3649.1921386719
189.0702515 1500.6760253906
191.0817413 1445.9750976563
195.0770111 2810.2419433594
197.1298828 3254.0168457031
199.1079102 6994.6801757813
199.1808624 27515.04296875
200.1394958 14268.068359375
200.1835175 2839.9558105469
201.1237793 10933.115234375
202.0826263 7747.19921875
205.0986176 2633.720703125
208.6772003 1568.9096679688
211.1079254 2563.2434082031
211.1453094 1793.4642333984
212.1036987 2709.0380859375
215.1394653 8405.33203125
217.1373138 3283.7585449219
225.1235504 3132.0202636719
227.1749573 17748.7109375
228.1347351 13320.7041015625
229.1190948 2467.5688476563
230.1141663 10656.0693359375
234.1236267 3770.3041992188
235.1083221 17050.69140625
240.1339264 2453.5810546875
242.1499786 11352.2373046875
244.1659851 2267.9123535156
245.1314697 1731.3112792969
246.1277008 1756.8581542969
258.1454163 2008.3546142578
263.1026306 3943.1623535156
268.0933533 3295.2932128906
270.1454468 7341.6762695313
274.1197815 3062.5883789063
276.1758728 1500.2640380859
280.1665649 2799.8740234375
285.1607666 2584.2534179688
286.1049194 8140.7065429688
288.203186 2696.8178710938
292.1292725 3392.5568847656
293.1599121 2326.0981445313
294.1107178 1383.6693115234
294.1497498 3497.7861328125
294.1824951 14425.2998046875
295.1873779 1945.7347412109
297.1575012 1868.3542480469
303.1121521 7515.119140625
309.1575012 1935.5737304688
311.1724854 10948.9521484375
312.1568298 3046.2475585938
313.1873169 2344.8627929688
315.1677551 7860.580078125
320.1245728 3157.5710449219
329.1825256 3572.5849609375
333.1894531 2023.1848144531
341.2185059 1687.8265380859
342.203186 11658.6025390625
356.1965027 3078.5893554688
357.158844 3398.8999023438
359.1280823 1801.94140625
361.1884766 2051.6943359375
363.2032471 2756.6088867188
376.1867676 2886.1237792969
378.1701355 1947.0238037109
387.2023926 2106.10546875
389.1475525 11933.6044921875
389.2307129 2211.8999023438
391.1985168 3535.5654296875
399.1872559 2678.7258300781
407.1558533 4275.7734375
408.2270203 15596.2626953125
409.227356 3090.8872070313
411.2275696 2408.8081054688
418.2120361 1981.2119140625
426.2007446 2166.9506835938
430.0918884 2142.7109375
443.2160339 2490.2331542969
447.2342529 3781.7185058594
447.7320251 3649.4211425781
450.1828918 2904.1684570313
456.2250977 2257.51171875
461.2768555 2059.3063964844
466.2354126 2135.5473632813
468.2414551 3647.7790527344
474.2366638 2140.1706542969
498.855011 1889.9783935547
502.2355957 3708.3994140625
516.2966309 2416.2321777344
539.2664185 8593.2861328125
563.2814331 2412.3708496094
564.2977905 2434.7250976563
596.286438 45110.79296875
597.2879028 15123.5078125
598.291748 7050.37890625
603.3586426 3563.2421875
603.8463135 2184.5053710938
612.3847046 6501.9936523438
615.3154907 8554.7109375
616.3215942 2637.7941894531
633.3218384 3972.7819824219
634.326355 6839.9111328125
676.3827515 6730.2221679688
695.3565674 26936.12890625
696.359375 9690.486328125
697.359436 3859.828125
719.3708496 2224.7629394531
725.473999 7338.2387695313
789.4661255 8563.6904296875
790.4625244 2565.6765136719
796.4020386 13843.7041015625
797.4100952 7493.1381835938
806.3806152 15210.7958984375
807.3889771 6411.6865234375
815.4182129 2590.6525878906
816.4343872 2329.5632324219
834.4136353 2428.5773925781
848.4398193 2308.755859375
875.4463501 17353.84375
876.4423828 11210.837890625
877.4464111 3158.0632324219
880.4667358 3180.068359375
893.458374 41061.8828125
894.461853 15209.80859375
895.4629517 9519.6103515625
902.5526733 2932.6916503906
929.4776001 3715.5061035156
947.4778442 2674.4929199219
993.5358276 3133.3701171875
1004.48761 7631.5439453125
1050.526245 2596.9919433594
