1333.68463917709 2
96.83347321 3019.025390625
101.0716248 3248.7219238281
102.0554657 5078.6650390625
104.0537338 3941.9233398438
110.0717545 4053.5871582031
129.1028137 37446.68359375
130.0865631 12122.7607421875
131.22435 2858.1376953125
136.0759583 13089.345703125
147.1129761 12028.6982421875
163.6019135 2677.0285644531
175.1194611 14678.708984375
178.0531311 6193.8540039063
185.0924835 6323.6245117188
199.1811066 85075.4296875
200.1842346 7464.4584960938
201.2439423 3516.9792480469
212.1027985 3051.3767089844
213.0865936 5037.5737304688
215.1385651 6341.4096679688
226.1186676 5325.9086914063
227.1756439 42083.84375
231.0979462 6892.5122070313
239.9983063 2893.1235351563
240.1347351 5661.4731445313
243.1344299 12444.673828125
244.1297302 5579.4692382813
257.1615906 7400.3076171875
258.1446838 5319.9819335938
260.1048584 13361.9736328125
275.1715088 7215.4418945313
332.1600037 11994.7939453125
359.0249939 4854.5473632813
403.2664185 12812.45703125
423.1699219 17333.828125
501.2315979 3294.400390625
545.7548828 3481.6691894531
569.2772827 4682.4829101563
610.8012085 4231.05078125
647.3376465 6062.8759765625
648.3366089 3957.5588378906
666.3442993 6604.8637695313
667.3491821 14827.9580078125
668.3438721 30633.267578125
773.6919556 3379.4536132813
776.3774414 6264.9926757813
832.355835 3739.9436035156
860.4124756 3454.3591308594
877.4213867 12488.888671875
878.4230957 5437.8315429688
944.3983765 3756.2883300781
961.4407959 4638.591796875
978.4626465 11715.5
979.4592285 5960.5966796875
1089.486084 5720.2275390625
1090.489258 4617.6318359375
1104.836182 3886.0432128906
1107.509766 18646.90234375
1108.507446 5945.546875
