1459.73559789487 2
101.0715942 164449.03125
102.055748 63891.046875
104.0536423 18367.958984375
110.0607529 13369.1953125
110.0717697 248804.640625
112.0870438 26678.021484375
113.1073303 17474.083984375
113.4721298 11796.701171875
114.0554123 29734.046875
115.0512161 14814.6640625
115.0872879 19801.02734375
116.0713272 23973.21484375
119.0818863 28913.3359375
120.0809708 134392.421875
121.084465 18687.240234375
124.0760956 20591.53515625
127.0507584 12764.1572265625
129.0661163 72848.0390625
129.1026917 262140.5
130.0503693 24251.412109375
130.0652313 21850.58984375
130.0863495 53029.625
131.118576 13240.6083984375
136.076004 96269.8359375
141.1018372 52054.42578125
144.0768738 48879.328125
147.1130066 97392.2421875
148.118042 12235.1171875
150.9816132 14728.013671875
154.0988922 18874.255859375
155.0816956 15752.8271484375
157.0595398 13580.501953125
158.0926361 83652.8515625
159.091568 86592.1875
169.0974731 47028.75390625
169.1336517 93207.4921875
171.0765228 18177.7734375
172.0712891 86279.5234375
172.1091309 15826.712890625
175.1193237 297142.09375
181.0612183 58424.71875
184.0698547 16899.056640625
184.1092224 17172.654296875
185.1651764 85394.453125
186.0874939 27077.3125
187.0874939 15090.0244140625
187.1438751 14478.4443359375
195.0759735 16897.70703125
197.1289215 105552.9453125
198.0876617 74068.9765625
198.123642 177143.46875
199.0713348 49866.99609375
200.1031494 28685.5390625
200.1416626 23052.333984375
201.0864716 20459.54296875
201.1234131 70424.828125
209.1035767 73366.109375
209.1401367 31380.7109375
210.6833954 12057.93359375
212.1035156 90330.8203125
213.0877686 17704.162109375
213.16008 22107.537109375
215.1404114 16498.287109375
216.0982513 30133.609375
217.0808105 20861.27734375
224.1135254 18962.09765625
226.0830383 82696.7890625
226.1189728 71083.171875
227.067337 87230.8671875
227.0858307 14389.9267578125
228.1346436 20501.37109375
230.1139374 118126.1171875
233.1276855 19668.923828125
237.1329346 18447.67578125
243.097702 63135.40234375
244.0930481 106215.4296875
244.16539 27020.41015625
249.1258087 15116.8466796875
252.1099091 271666.125
252.1342163 26015.23828125
253.1127319 12486.7529296875
254.1499023 15748.076171875
255.14711 28854.89453125
256.1302795 14850.2802734375
261.1227417 25442.255859375
261.1557922 16531.40234375
268.1652222 20770.630859375
269.1242371 17235.87109375
271.1763 29618.19140625
272.1264038 17664.560546875
272.1752319 49206.0546875
282.1819458 15596.9482421875
283.1044922 30837.078125
288.2028809 62301.27734375
292.0936584 15752.3447265625
295.1037292 19336.31640625
296.1963806 27006.578125
300.1252441 16886.671875
308.1712341 25620.0078125
310.1026917 60402.6796875
313.1513062 21777.21875
317.3499756 13714.9140625
327.1282043 134039.46875
328.1105652 87244.3125
329.1483154 16087.9091796875
344.1678162 71278.140625
345.1390686 101640.6484375
351.1760559 104492.2265625
355.1627197 50988.0
356.1837463 59148.8515625
358.2069397 25498.3671875
361.1975403 18433.578125
373.1703491 19955.919921875
396.1834717 18727.80859375
411.1644897 18036.78125
417.2510376 18424.392578125
438.162262 86505.65625
439.2671509 18518.10546875
447.1965027 17809.9140625
455.1877136 69697.546875
456.1795959 55408.546875
456.2930908 357661.4375
457.2958069 94810.4609375
459.2585754 19482.984375
509.2079163 16557.724609375
526.2245483 15230.8212890625
527.2088013 86458.2421875
531.2994385 29206.138671875
544.2371216 15133.849609375
548.2841797 23918.396484375
549.5361938 14158.728515625
591.3109741 22992.2734375
604.2871704 122621.9609375
605.2897949 22711.888671875
621.3153076 374875.625
622.2227783 15257.1455078125
622.3155518 127705.6796875
659.3464355 14129.9384765625
679.3274536 103549.703125
691.352417 107472.8359375
692.4181519 73808.8125
693.4272461 18327.177734375
701.3574219 18726.166015625
720.3792725 71771.171875
721.3684082 61294.21875
731.4436646 106364.640625
738.3795166 20721.6953125
748.3978271 19050.736328125
797.4614868 30328.951171875
798.4580688 17718.732421875
804.4398193 16139.0810546875
808.3651733 82361.484375
814.4156494 18989.169921875
819.43396 24990.537109375
820.4382935 17971.140625
863.4499512 20397.2578125
864.4482422 19585.927734375
904.4990234 18407.064453125
913.4328003 20795.203125
914.4542847 15085.650390625
916.503479 674031.25
917.5082397 308619.78125
918.5159302 150452.984375
919.9890747 30591.228515625
920.4976196 52831.24609375
932.4922485 24490.466796875
933.5031128 18708.58203125
937.4091797 81921.15625
948.4942017 17741.54296875
969.524231 23340.1484375
987.5383301 195898.15625
988.5443115 129392.2109375
989.5350952 49368.0390625
1002.477783 59682.55078125
1047.590576 21029.630859375
1052.424927 66803.9375
1098.566528 18210.212890625
1115.585571 61805.96484375
1139.475464 169313.203125
1196.598267 18625.03515625
1203.077637 18819.888671875
1216.636841 58950.0234375
1270.603516 51666.640625
1271.58728 28791.0078125
1301.654907 15638.5908203125
1383.672485 76649.1953125
1384.700073 17220.947265625
1385.684937 16514.548828125
1482.744629 28419.732421875
