1896.79405095345 4
133.0428467 18725.619140625
136.0753021 147980.953125
136.0843353 20855.609375
145.0970001 16775.408203125
147.1124115 37453.21875
154.0496674 24780.796875
167.0805664 20312.31640625
169.1331024 35619.20703125
171.0758362 45620.13671875
173.0906982 26822.25
175.1190186 108092.515625
181.1087646 24630.421875
183.1137848 16966.162109375
189.0868073 100841.1640625
209.1040039 30415.68359375
217.0823517 30755.138671875
229.1295013 17954.076171875
230.1259155 28019.462890625
235.144577 25727.6015625
248.5911407 17346.111328125
258.1428223 21556.734375
259.1421814 19815.38671875
265.9111328 19603.70703125
290.7295532 19067.939453125
298.6566772 46672.01953125
320.1296692 24620.236328125
322.186615 122454.5078125
324.044281 19963.45703125
360.6888733 20811.595703125
382.8492432 19788.58984375
456.2608337 37314.19140625
459.245575 155213.609375
494.2235107 51688.546875
502.2427063 25816.466796875
514.7371216 23254.98828125
540.2028809 32420.255859375
575.3165894 28866.474609375
596.3067627 119442.0859375
597.5526123 23213.146484375
619.3220215 25607.466796875
634.3900757 34975.0625
672.2906494 41452.83203125
704.3616943 191818.609375
705.3746948 83906.6171875
711.3369751 39232.1640625
720.3664551 50689.3359375
842.3727417 87224.953125
1313.170044 30463.537109375
1415.157593 30271.318359375
