1359.654524 2
101.0714951 20052.26171875
102.0555573 62686.4296875
103.5412445 8634.6005859375
110.071701 137278.96875
111.3005905 8559.375
111.4095001 7618.08203125
115.0872955 11391.84375
116.0709839 9173.7138671875
120.0812683 80502.9453125
126.0549545 67585.8828125
129.066864 10557.8662109375
129.1025848 248256.421875
130.0490723 10742.29296875
130.0865936 36785.5859375
133.043335 37528.1953125
136.0758209 33496.26953125
147.1130981 74595.46875
154.0496826 63738.02734375
157.0610352 10146.662109375
157.0979309 60360.1875
158.0923615 12818.3134765625
159.0775146 12133.2470703125
159.0916138 11703.2763671875
167.0817413 17129.119140625
169.0968018 10603.3818359375
171.0764008 66205.8203125
173.1303558 8313.8623046875
175.0714111 13645.5771484375
175.1194763 72961.953125
185.0928497 14487.271484375
186.1245728 37049.45703125
189.0873108 241760.34375
201.1238556 10545.220703125
212.1028442 95271.390625
213.0879974 14722.435546875
214.1195984 9057.646484375
217.0627136 11517.5751953125
217.082077 190199.640625
218.0852509 17286.05078125
223.1555328 37157.04296875
226.118988 42188.2890625
227.1020203 12911.998046875
228.0982819 18108.578125
228.1342163 48091.4375
230.114975 12948.7607421875
240.1342926 33573.58203125
241.0823517 48574.36328125
244.1295776 19394.91796875
244.1671906 12261.470703125
251.149765 74139.5859375
254.1143341 13935.80859375
256.1300659 8963.556640625
257.9900208 9526.271484375
259.0920715 62939.85546875
261.1554871 57408.09765625
262.1402283 14407.48828125
264.8347168 9393.9482421875
271.1393738 56703.0546875
274.1195068 9567.1201171875
282.1823425 9432.3525390625
286.1456604 10926.62890625
288.2029114 11875.2138671875
296.10495 10654.0546875
311.1769714 12038.361328125
323.1363525 11990.8154296875
328.1164246 10715.5791015625
341.1467896 9175.2626953125
341.2167053 20194.873046875
346.1252441 49929.8671875
347.178772 10928.7275390625
358.1712341 36689.5078125
363.172821 11544.705078125
365.1940002 16492.380859375
373.1696777 10695.078125
375.1991272 82428.1640625
388.1466675 16187.2509765625
395.1407776 17311.712890625
398.2199402 17301.919921875
399.2232056 11828.40234375
406.1607666 30650.654296875
422.1782837 13150.2734375
434.2070923 9761.4658203125
457.160553 9998.4208984375
475.1655884 17050.4140625
482.3195496 9165.02734375
488.2869568 58223.75
489.2806396 12201.87890625
493.2093811 9396.3193359375
511.3023071 12888.9384765625
527.2596436 35034.32421875
535.265625 15158.083984375
538.3043823 100980.828125
538.8057861 11583.0244140625
560.3391724 10739.0478515625
579.7356567 17563.03515625
588.2478027 35785.79296875
608.3162842 34588.64453125
625.3458252 108436.453125
626.3428955 29798.1796875
632.3632813 12946.640625
638.2890015 13737.60546875
656.3101196 14053.6904296875
679.342041 11030.4521484375
680.3432007 11838.4013671875
680.8324585 12468.78515625
681.3399048 13986.3125
713.4285278 10712.1494140625
738.4161377 15011.8701171875
739.4233398 19672.525390625
769.3928833 10913.5087890625
778.2883911 16186.234375
817.8651733 9956.3095703125
853.4599609 9072.4833984375
865.3287354 80473.3125
885.4785156 15543.9169921875
886.4938965 16205.2685546875
890.4492188 11435.27734375
964.3902588 43151.91796875
966.539917 31572.28515625
990.496521 13388.1630859375
1017.527893 10709.0791015625
1018.477295 12321.7421875
1061.408325 16387.634765625
1078.42334 41845.7890625
1143.573486 18551.482421875
1144.578125 17572.8046875
