1344.56878936265 2
96.0782547 2721.1379394531
101.0715485 2708.4555664063
101.1089172 2178.8825683594
104.0529556 19234.048828125
112.0872574 4537.7421875
128.0811462 3609.9411621094
129.1019287 14123.1533203125
130.0862579 3591.5231933594
147.1125946 11849.6318359375
158.0918121 3721.380859375
175.118454 11985.1103515625
188.0742035 18554.44921875
199.1057739 3478.6115722656
213.0864258 3391.677734375
215.0832672 2770.9030761719
227.1011963 3464.4599609375
233.0947876 37209.87890625
234.0968933 3044.0229492188
234.1443176 5106.4370117188
242.1507568 3385.0114746094
244.1646423 2790.0202636719
248.158844 4409.9838867188
258.1435242 4054.4714355469
261.0899353 28363.841796875
272.1341858 3920.0224609375
283.1015015 10042.8720703125
286.1023865 11095.041015625
298.1041565 3609.7626953125
299.1688843 3514.6166992188
309.1172485 3988.3422851563
313.1856384 5283.9780273438
327.1291504 12986.9580078125
327.2020874 2740.34765625
357.1742859 5801.607421875
373.2074585 19561.439453125
385.1703796 3196.6774902344
388.2294922 58266.69921875
398.1663818 5965.3486328125
449.7156372 9544.55859375
484.2405701 3953.3991699219
516.2962036 4183.5122070313
526.2252197 5774.5107421875
655.3220825 3651.5205078125
672.3687744 10796.748046875
673.3220215 200341.5625
674.333252 5878.287109375
686.3360596 4971.634765625
801.3691406 2844.1135253906
898.4196777 23880.81640625
899.4160767 12943.751953125
