1403.74906427992 2
101.0713501 104097.5234375
107.2886047 89638.59375
129.0662537 128299.3046875
129.1028442 170466.140625
129.7327728 100467.359375
136.0759125 483459.71875
157.0608368 132110.53125
158.0922241 155441.6875
160.400177 103291.3203125
175.1195221 517583.53125
189.211792 95734.390625
197.1280823 177939.828125
199.181076 191624.0
201.1236115 147095.265625
203.0664063 523250.15625
211.1457062 149173.046875
215.1137543 107661.6796875
227.1752625 148071.109375
240.8479156 94515.59375
242.1501617 587712.25
244.0929565 449848.0625
260.0878601 1394339.75
271.1277771 116626.4140625
285.1183777 331814.21875
301.1898193 117644.7890625
303.1304321 199235.59375
313.1140747 531751.625
328.150177 111976.5
331.1260681 903521.3125
332.1262817 106646.7109375
345.2135315 116983.34375
357.1769104 182765.09375
398.2037659 160263.515625
399.186615 568932.5
400.1918945 108890.5625
416.2139893 399900.375
426.197998 480708.8125
432.2475891 99045.8125
444.2103271 699158.6875
512.2706299 180653.46875
515.2938232 144356.015625
519.2871094 180942.09375
529.300293 166998.046875
539.2815552 419035.5625
557.2921753 142432.359375
558.2921143 120289.484375
593.6522217 130187.9375
602.3259277 142416.5625
606.3188477 349973.5
607.3220825 141848.265625
624.3128052 376795.78125
660.3381958 131201.78125
670.3652344 124227.375
677.3564453 489688.8125
678.3582153 156325.984375
689.357605 348508.625
703.3486938 404046.28125
734.3796387 3543130.5
735.3815308 921489.0625
736.3786621 165820.625
847.4647217 2785741.5
848.4647827 1108666.875
849.4609985 377996.03125
960.5527954 1226365.125
961.5446167 737708.625
962.5404053 140660.671875
1073.618286 377822.84375
1074.616821 201739.65625
1278.760742 110992.609375
