2355.14662991411 3
175.1194153 530064.3125
187.107605 100810.1796875
197.1282654 102440.1953125
199.0711517 77095.203125
201.1238251 57423.17578125
203.1026306 148843.84375
215.1402588 77288.3125
221.1291046 709193.3125
226.083725 94020.1328125
226.1195831 66440.109375
228.1345673 88290.7421875
229.0942078 79624.625
231.0987091 124043.390625
233.1645966 126519.5703125
241.0822754 59766.32421875
244.0932159 355640.4375
249.1242523 85009.59375
251.618515 52243.34765625
258.1453857 76806.90625
276.1549988 66056.6484375
284.1268311 55233.015625
301.1511536 57593.87109375
306.1447144 114967.546875
313.1132507 121979.1484375
342.1762085 130606.1328125
353.1477051 68442.453125
359.241272 272666.34375
426.2021484 66848.828125
430.1962891 98286.9140625
461.2425232 113680.90625
470.2672119 81177.0703125
487.300293 140260.75
510.2598877 72379.28125
571.09198 68889.5703125
595.2776489 80671.0625
650.3635864 1200197.0
651.3713989 355912.71875
744.3615723 80282.03125
765.3900146 397614.6875
766.3916626 277336.875
767.3956909 109500.2109375
785.4573364 133201.828125
824.3756104 79778.578125
841.3724976 112279.7578125
876.4261475 137376.734375
894.430542 966509.0
895.4382935 581991.0625
896.4351196 151783.21875
954.4616089 142252.71875
971.4903564 270311.5625
972.477417 93408.8671875
1023.477112 741688.6875
1024.478882 423991.59375
1124.520386 1456018.875
1125.531616 708558.5
1126.526489 360124.09375
1237.600342 710499.5625
1238.604614 432418.875
1239.60376 97940.9609375
1322.650269 120062.546875
1384.668701 330474.0625
1385.687012 127753.6875
