1923.98521525726 2
133.042099 3264.3376464844
134.1875916 2788.8210449219
136.0757294 21434.3515625
138.0547485 6280.9287109375
147.1128235 7998.9990234375
155.0815735 8131.484375
157.1338654 4865.4252929688
158.092514 4822.3959960938
159.0921173 4276.8745117188
165.0690918 8514.0576171875
169.0969696 6948.208984375
169.1330414 20757.546875
171.1972504 3262.1643066406
172.0717468 18749.23828125
175.1190033 33424.3984375
181.0610809 8363.5849609375
181.097702 3464.8293457031
181.2106171 3209.5065917969
183.1129913 3322.3994140625
183.1494598 10972.8447265625
185.0552979 3910.8173828125
185.1290741 10330.9130859375
195.0765991 5446.1625976563
197.1284332 9990.3603515625
198.0878143 6796.390625
199.071579 3996.8901367188
200.1035767 5946.5166015625
200.1382599 3679.576171875
201.0876923 4405.7563476563
201.1235962 6342.7514648438
202.0550537 5405.923828125
211.1076355 16686.435546875
211.1439667 6512.6401367188
212.1027832 19588.0390625
214.1543579 4350.421875
215.137619 5131.1684570313
217.1356049 4068.7551269531
223.1071014 3763.8500976563
226.0834808 4488.9018554688
226.1183929 4707.7612304688
229.1181183 6368.5288085938
230.1136475 8355.83984375
233.1302795 3643.0883789063
238.1186523 4730.34765625
240.0987091 3749.3010253906
240.1338348 6023.4921875
241.0812988 5953.6611328125
243.1093292 18631.146484375
243.1334076 6809.16796875
245.1327057 5000.4970703125
249.1230316 3985.8264160156
251.1020813 8414.8623046875
254.1512146 18268.435546875
258.1092529 8042.94140625
258.1447144 5591.603515625
259.0741272 5623.0268554688
261.1229858 4279.7998046875
268.1645813 4311.3012695313
276.0670471 5494.6508789063
276.1013489 37222.6953125
279.1156921 6536.9853515625
322.1886597 9788.8134765625
325.1874695 14719.65625
329.1443787 4820.59375
332.1642761 19733.587890625
341.1483459 7042.1997070313
342.1454468 5176.7265625
347.1387024 20140.46875
349.1921082 9340.091796875
354.1384888 5684.7978515625
359.1715393 6209.54296875
371.1693726 26441.978515625
385.2085571 10917.740234375
405.1416931 8598.71484375
408.1587219 6505.5288085938
425.2025757 5834.6772460938
426.1984863 4736.8774414063
436.2319946 9901.939453125
443.1928101 9114.7470703125
457.201355 6209.7041015625
460.2224426 5715.41015625
464.6926575 4812.9282226563
476.1813049 10170.5947265625
484.2532654 33330.13671875
493.246582 6883.53125
498.23526 5413.4326171875
507.2650452 10912.919921875
520.2377319 8871.0380859375
552.2142334 7710.3842773438
559.2503052 5372.1967773438
589.2648315 10247.3330078125
623.2508545 5316.6391601563
629.3401489 5773.708984375
635.3262329 32261.2734375
636.3301392 7537.3422851563
657.3347168 9126.7685546875
672.3335571 7902.80859375
683.2509766 5990.23828125
719.3164673 6156.662109375
720.3760376 7244.0634765625
803.3955688 6304.921875
804.3861694 6165.4892578125
814.430481 24839.560546875
831.4465332 250921.5
832.4506836 114378.359375
833.4591675 7711.5131835938
845.4674683 6928.6049804688
867.3781738 9077.0498046875
916.4788208 9221.4443359375
927.5235596 5986.27734375
944.5316772 145873.390625
945.5270386 73036.3671875
946.5387573 23743.884765625
962.4956665 9650.158203125
963.4885864 27692.169921875
1057.616455 83732.015625
1058.633057 45324.84765625
1059.619141 6904.5092773438
1067.521851 8592.048828125
1093.658936 6183.9194335938
1118.596924 7601.3393554688
1188.662354 72895.3046875
1189.6521 61460.1953125
1190.663208 20626.865234375
1211.58313 17046.146484375
1335.726318 77615.2265625
1336.722168 85576.59375
1337.725952 25398.359375
1391.174683 6109.5029296875
1464.755615 26614.3203125
1465.789063 23009.138671875
1575.819214 19047.908203125
1592.823486 18010.421875
1593.836182 19395.216796875
