1817.92614951657 3
127.0870972 44069.828125
129.1022186 74639.8125
130.0858917 42603.20703125
132.0810699 33093.26171875
133.0428925 78850.03125
136.0756531 131083.359375
140.0695038 35435.46875
147.1126709 94651.78125
155.0811157 55088.50390625
157.7050629 34901.765625
159.0773163 41139.7734375
159.0914307 196899.109375
165.1001282 55982.5390625
169.0975494 98260.671875
171.1129761 35687.4140625
173.1289368 514523.40625
175.1187897 331413.09375
187.1440735 66009.8046875
191.1178894 91956.9296875
196.1439056 57688.37109375
197.12854 112446.5859375
199.0727386 50366.765625
199.1807251 63985.83203125
200.1399384 47213.671875
201.1233521 74324.4140625
203.1030426 64453.51171875
204.0901184 40138.41796875
211.144989 50039.90234375
213.0861969 57071.7734375
214.1546936 69107.0546875
215.1387177 122895.9765625
218.0590973 43155.96484375
219.1121826 90009.6484375
225.0991516 49253.4375
231.0960388 64525.1796875
242.1502075 242992.953125
243.133728 62076.984375
246.1265717 78974.875
251.1049347 67208.8984375
251.6945343 56203.87109375
258.9830627 48093.359375
283.1446228 58696.91796875
305.8052673 52371.20703125
331.1987305 262882.0625
333.6752014 47507.2890625
344.7279358 53788.51171875
383.7403564 51018.15234375
405.212738 77312.6015625
472.2549744 105732.3125
492.2957764 101199.2421875
504.2797241 223753.796875
505.2808228 90087.015625
541.3462524 85713.453125
547.2979126 246302.3125
587.3261719 88120.46875
605.3550415 218080.796875
632.3391113 199699.8125
633.3449097 54057.55859375
661.3375854 103974.1640625
675.024292 57686.74609375
676.3441162 81478.7734375
715.2890625 67628.03125
716.2962646 72120.5
734.3961182 112001.125
745.4251099 380999.34375
775.4107056 323714.34375
817.4634399 66031.3984375
828.911438 71944.6171875
846.4501953 230877.171875
854.5197754 75372.859375
873.4800415 254919.046875
878.3675537 95578.921875
886.5253296 112655.28125
943.4984741 320915.03125
970.5287476 77524.2734375
971.5460815 84692.9921875
986.5933228 64001.203125
1008.423523 80704.4296875
1353.672363 71020.8125
