1684.8777081369 3
120.0806274 248804.390625
121.0844193 36073.82421875
129.101944 237246.359375
130.0860138 75297.3125
130.7355042 35266.671875
136.0754852 101269.6484375
143.1178436 45673.60546875
147.1127625 102744.9140625
169.133606 356166.8125
175.118988 117272.6015625
183.1490936 75059.03125
189.0688171 48946.63671875
197.1282959 371463.125
201.1231079 78554.6015625
208.2455902 40861.6015625
215.1395264 54037.5703125
228.1345825 47228.8984375
235.08284 220962.609375
238.6041718 102168.953125
241.4776001 51160.140625
250.4168091 58024.21484375
252.109436 84742.3671875
253.0958557 97196.8984375
258.1089172 67746.8984375
260.1959839 65069.375
261.1147156 92325.6953125
268.1656189 250155.046875
285.1601868 71890.3828125
302.8233032 52411.75
316.6311035 489942.125
321.2034302 243870.734375
350.1064758 64806.6015625
351.1546631 59381.30859375
367.1519775 289148.71875
367.6565552 84756.7421875
372.6403809 105150.4453125
374.2412109 128839.6640625
381.151062 1167526.25
381.6542664 472509.4375
382.1596069 108341.6953125
382.2084351 407815.25
383.2102356 66644.8359375
414.6905823 68451.53125
423.6982117 258579.4375
424.2024231 109306.3125
428.2488708 86733.515625
437.6952209 367661.03125
438.1940918 233390.484375
445.2759094 429342.5625
446.2820129 83918.203125
464.6998596 78387.7109375
467.3008423 128316.453125
473.2165222 81665.8671875
476.2018738 99721.7421875
478.2677612 85159.5234375
481.2559509 65315.77734375
495.2953491 136139.71875
504.1996155 424385.6875
544.34729 125633.78125
545.3535767 67927.734375
561.2567749 107979.1953125
624.2526245 79333.0234375
632.255188 116459.296875
641.3973999 825847.3125
642.4040527 328314.46875
687.7960815 72503.234375
744.2763062 86091.234375
761.2953491 453347.625
762.3031616 236840.125
811.5127563 90556.4921875
834.3813477 114588.9140625
835.3766479 74899.6796875
945.4308472 188124.34375
1155.03479 69804.390625
