1360.61993973338 2
101.0716248 83250.140625
102.0555801 55509.8828125
103.0545654 8801.9921875
104.0534744 57971.35546875
109.171936 6876.7211914063
110.0721512 65284.46484375
112.059166 6836.0717773438
112.0873489 8356.33203125
113.0715561 18239.693359375
115.0506134 10319.1533203125
115.0874023 19027.814453125
116.0709686 7927.3569335938
118.6502228 6585.27734375
120.0810623 380638.1875
121.0845413 46209.07421875
121.2588272 7661.5546875
121.4671555 6500.3032226563
127.0504303 17540.779296875
127.087059 33112.74609375
128.1073608 38938.953125
129.0661469 12705.1171875
129.1023712 155385.8125
130.0653839 17832.18359375
130.0865326 67836.2734375
131.081604 68602.8515625
131.1183472 11359.876953125
132.0809021 14214.6962890625
133.0431061 154939.359375
136.0758362 139243.1875
137.0786743 9407.9814453125
141.0656738 13235.6953125
141.1021271 9428.4248046875
143.081955 29920.265625
143.1183319 34799.18359375
145.0614319 7733.845703125
145.0972137 14363.6318359375
147.1129303 102300.5
155.0817261 12131.5439453125
155.1180878 15555.5859375
157.0604401 10835.7841796875
157.1336823 30480.67578125
158.0931854 37294.8515625
159.076828 153188.265625
159.0918427 54057.9296875
160.0804443 9518.056640625
162.0921783 7579.8872070313
166.0862122 8726.841796875
167.0809784 13077.12890625
169.0975952 13622.8388671875
169.133667 60994.56640625
171.0769958 30966.158203125
171.1128845 18645.396484375
171.1491241 9588.5478515625
172.0717621 8704.83203125
173.0925293 35482.8359375
173.1286469 420210.0625
174.1319275 37398.203125
175.1192322 164902.953125
176.1073608 10116.0361328125
183.1130676 35111.10546875
183.1495972 60509.76171875
185.0553284 12207.64453125
185.0923615 30366.6953125
185.1284943 30764.783203125
185.1654663 40651.52734375
187.108078 30916.203125
189.0866699 18221.912109375
197.1291199 98670.9375
199.0722504 11369.8837890625
199.1082458 9385.2822265625
199.1810608 57140.3046875
200.1400452 33150.3125
201.0872345 17389.240234375
201.123703 206798.046875
202.1268768 29538.4453125
203.0663147 16388.349609375
206.1011505 10099.0458984375
207.1135864 15735.9140625
211.1444092 41677.5234375
212.1032867 11011.0537109375
213.0871735 14561.2158203125
213.1600647 34743.62890625
215.1026001 14832.83984375
215.1401215 35540.265625
216.0986176 15900.158203125
217.0823669 36325.6953125
217.1334534 29408.30859375
219.0799103 9898.134765625
223.1095581 8205.6396484375
225.1240692 15234.2412109375
226.1180115 26984.783203125
227.1026611 14549.8603515625
227.1756287 40030.16015625
228.0969849 13742.923828125
228.1335907 17336.083984375
230.0610352 7708.9819335938
231.1136932 8958.0380859375
232.1115723 80385.953125
235.1084137 50436.1640625
235.1440887 9835.8828125
240.1346588 14040.9609375
241.080368 12506.875
242.0774231 16005.810546875
242.1508942 39443.0390625
243.134552 12000.0859375
244.1301575 11314.705078125
245.1284332 18044.3515625
246.1081696 17853.134765625
247.1078949 9072.787109375
248.0702362 17718.984375
249.1246033 17941.62890625
251.123703 65244.0390625
252.1356506 91180.453125
254.1179962 9362.98828125
256.1289063 15645.0390625
258.109375 12161.3310546875
258.1446533 17778.275390625
260.1983948 15348.6044921875
261.1260681 9761.0341796875
261.1572876 50883.0390625
262.1601257 11479.4794921875
265.1188049 11137.375
270.1449585 71144.2265625
271.1468506 10412.5390625
271.1744995 21083.90234375
272.1607361 13925.705078125
275.1712341 9053.69921875
277.1187439 49427.28515625
279.1177673 16119.5576171875
282.1825867 17090.427734375
284.1267395 9671.919921875
284.160553 31156.751953125
284.1944275 8862.7646484375
288.2027893 17975.208984375
293.1508484 8346.1279296875
296.1965942 17749.427734375
299.1721802 9434.4775390625
310.113678 9602.080078125
310.2125549 116686.9765625
311.2148438 15148.1591796875
315.2144775 15737.7275390625
316.1502686 11047.0859375
325.1509705 11315.6240234375
331.2333984 14545.25390625
332.1934204 28426.130859375
341.1461487 9834.373046875
341.2182922 34730.875
342.2090149 11436.572265625
343.1448975 142416.640625
344.1496277 10848.375
348.1558838 17419.623046875
349.2094116 8501.8671875
359.2409973 44118.7421875
361.1463013 51306.30078125
362.1398315 18061.42578125
369.2159424 27557.8671875
371.1932678 17130.162109375
372.1942139 9875.3359375
387.2457886 10811.166015625
395.3045654 17991.572265625
417.1025391 11118.21484375
419.1631775 11569.2353515625
423.2960205 52397.46875
425.212738 11826.3427734375
439.2158813 14476.5625
463.1842651 10924.2841796875
465.5196838 8866.1728515625
471.2520142 10873.1025390625
479.2607727 53676.61328125
484.2744141 11468.99609375
488.2147217 9194.951171875
488.2801208 52185.41796875
499.7669067 9169.310546875
545.3092041 11290.7080078125
556.343689 17778.189453125
570.3646851 41237.8515625
571.3209229 28953.875
574.2845459 9178.779296875
592.3428955 34124.44140625
635.3521118 116667.15625
636.3473511 11070.6083984375
641.3997192 15101.5791015625
654.4274292 61389.5625
656.8549194 9915.5478515625
665.99646 8369.1142578125
705.4259033 13436.654296875
755.4716797 17836.212890625
766.3927002 112521.1015625
767.3917847 16727.26171875
768.3965454 17594.19140625
821.4069824 9220.69140625
853.4229126 205233.375
854.4248657 102273.046875
855.4196777 35948.45703125
858.4196167 11089.66796875
901.5529175 118602.078125
902.5535278 76251.5
903.5367432 8953.6845703125
932.0643921 8613.6611328125
951.4691162 10239.232421875
965.480896 10544.3203125
966.4766235 10955.1015625
981.5890503 9102.7392578125
983.4613647 10957.03515625
1000.477539 120473.2265625
1001.491455 51746.69921875
1043.490356 11842.8154296875
1115.50061 34450.36328125
1116.51062 12368.7939453125
1117.51709 10342.994140625
1175.789429 9208.55078125
1202.521973 33081.1328125
