1473.81903035144 2
102.0556641 55058.28125
105.0669937 18396.068359375
110.0717621 29267.111328125
112.087738 71001.671875
115.0871964 51392.3984375
116.0710983 17972.1328125
119.0820465 99328.15625
120.0811844 295876.78125
121.0851135 18389.140625
129.0663605 27457.67578125
129.1025696 117189.40625
130.0871429 26372.306640625
136.0758972 155266.5625
141.1024933 14978.6611328125
146.2603912 17226.0625
147.112915 57203.01953125
149.7661896 13816.8466796875
157.0974579 35213.8828125
157.1090088 28731.0078125
158.0927582 35198.234375
159.0923309 18447.404296875
163.086731 16967.25
169.0979309 21631.212890625
171.1134033 25347.888671875
173.1294556 29817.33984375
175.1192169 350277.59375
176.1225128 17692.53515625
183.0760956 13772.9140625
185.0918884 42711.7734375
187.1072083 22839.458984375
191.082489 33458.01171875
195.0779724 31851.5078125
197.1298676 26271.8359375
199.071228 18867.484375
201.1240845 96999.84375
212.1033936 24310.623046875
215.1393127 18710.2578125
216.0984039 98998.171875
226.1197968 55751.37890625
229.1196594 24685.7421875
230.1135101 98341.203125
235.1082611 20878.08984375
243.1091461 21267.0078125
243.1343994 17966.783203125
244.0956421 16220.9404296875
244.1302795 22438.20703125
246.1818695 62179.7109375
257.1625671 28853.90625
268.1412659 27737.73046875
278.1157837 21356.3984375
284.1260986 72485.5234375
292.1296387 23338.109375
302.1322327 17732.662109375
314.0975952 21537.203125
314.1451416 18871.482421875
331.1244507 232524.6875
341.1077271 22299.01953125
355.2012024 22661.96875
358.2123718 29671.017578125
361.2087708 23006.572265625
369.1871033 24656.5390625
383.1926575 29713.359375
386.2137451 159145.828125
407.1943359 22838.3125
416.2157288 62699.34375
441.2443848 17415.33984375
443.1878357 20991.4296875
449.207428 26831.728515625
476.2428894 21131.720703125
562.0475464 14727.990234375
593.3378296 25189.595703125
594.3430786 19763.365234375
614.3417358 53617.70703125
614.8455811 19408.875
669.3338013 231216.609375
670.331665 65233.22265625
694.3770142 64475.06640625
715.3991699 242625.796875
715.8990479 170695.984375
716.4021606 92706.0390625
728.4025269 29855.525390625
728.9085083 22248.619140625
729.4116821 20571.353515625
736.4169312 57539.25
737.4118042 1509386.125
737.9138184 1003119.8125
738.416626 458972.78125
738.9204102 56511.8046875
768.3930054 76321.5
769.3880615 20923.341796875
805.4974365 203532.84375
806.4954224 75100.40625
820.4041138 24905.236328125
821.4346313 19407.263671875
865.3862305 17218.869140625
881.4769287 98236.5078125
919.4498291 26920.34765625
920.4996948 25197.576171875
949.505127 29579.599609375
994.4896851 20109.05078125
1028.556274 54032.40625
1044.5896 26591.990234375
1071.587036 21912.98828125
1088.610229 348116.71875
1089.614502 197081.84375
1090.610718 62981.7578125
1140.459961 21620.501953125
1200.627808 27533.21875
1201.660522 19631.06640625
1227.672119 30820.912109375
1264.787109 19930.326171875
1271.707642 29437.416015625
