2637.33988660651 3
183.1122589 12496.26171875
183.1490631 24311.669921875
185.0916748 15071.123046875
185.1647797 63833.62109375
186.0872345 19788.068359375
197.1282806 12421.0517578125
199.1060181 11375.7958984375
201.1234741 71971.9765625
205.0961914 9063.4697265625
211.1438751 49465.72265625
213.0871277 22036.943359375
213.1597595 77592.8515625
215.1393585 18525.716796875
229.1185608 16444.267578125
243.1351166 12326.384765625
245.0780334 15355.1240234375
248.1029968 128522.4765625
258.1446533 10869.4619140625
259.0929565 11107.642578125
277.118988 18205.640625
285.15625 27512.484375
294.1812134 14655.9794921875
298.1778564 15852.322265625
312.2287598 15214.0732421875
319.13974 136337.0625
320.1437683 17691.439453125
321.151001 12358.5927734375
326.1731873 10296.7646484375
327.1301575 51829.1953125
342.1291199 11924.0478515625
356.474762 10776.5283203125
369.1802063 12103.1650390625
371.1965332 13284.9287109375
398.2059326 20191.896484375
401.215271 20550.341796875
402.5741272 10271.0029296875
406.1899109 15609.1025390625
426.1977844 20198.701171875
440.2117615 14195.2373046875
444.2380981 10861.1552734375
450.2330627 16822.34765625
466.210144 53445.2734375
466.2744751 13502.9248046875
487.2009277 14476.0615234375
511.2878418 17347.849609375
512.2969971 12883.888671875
514.288208 13202.03515625
522.2489014 12758.455078125
526.2164917 13800.583984375
539.2841797 52565.6875
543.2515869 79251.7578125
555.2994995 57014.49609375
555.800415 23202.572265625
580.3448486 15090.0625
622.3202515 16029.0751953125
656.3214722 13923.6953125
713.3505859 147983.296875
714.3566284 108098.921875
714.8612671 19607.673828125
715.3424072 17595.10546875
758.3745728 23105.248046875
812.4229126 47433.11328125
845.3557739 54481.07421875
846.3446655 16726.15234375
864.4229736 15351.4208984375
880.4506836 13626.62109375
881.4221802 19162.720703125
886.4559326 16244.029296875
899.4473877 121191.4609375
900.4542847 74939.46875
901.4502563 19388.646484375
916.4407349 21085.087890625
960.3792114 47085.09765625
961.3726807 41368.046875
987.5373535 19117.453125
1012.532349 50805.125
1013.538269 22123.302734375
1016.054443 16995.544921875
1043.427856 16968.1640625
1059.456543 20968.462890625
1060.456177 61917.66015625
1061.456055 19664.486328125
1092.559937 17091.919921875
1093.580688 19678.388671875
1102.515137 20279.521484375
1103.51355 21049.7734375
1109.5896 408424.03125
1110.591553 259281.8125
1111.578003 86204.375
1112.595459 16890.380859375
1156.541016 21073.072265625
1160.483765 115849.0
1161.497314 63114.60546875
1162.473389 41043.25
1173.542847 115039.0859375
1174.561035 56247.88671875
1175.564209 53000.71484375
1192.515137 26482.576171875
1193.523193 23008.3515625
1221.598633 22837.025390625
1238.630005 134415.3125
1239.62854 84670.078125
1240.641357 26116.091796875
1270.603271 16067.35546875
1273.567627 56074.71875
1274.57605 19617.27734375
1275.564453 19342.04296875
1286.62793 27309.66796875
1287.633057 22336.3671875
1340.663696 52072.39453125
1341.685303 22928.796875
1351.72168 55107.4375
1352.702026 21016.189453125
1427.704102 43339.27734375
1428.688965 50071.55078125
1458.637939 24314.673828125
1459.680054 32133.125
1540.825439 17183.373046875
