2812.37440536361 3
198.1248779 7375.5595703125
199.1441498 8704.03515625
207.1125641 14580.1591796875
215.1388855 14646.8134765625
218.0967102 81878.03125
226.1184387 38661.03515625
228.135498 9816.9072265625
233.1646576 37711.8046875
235.1067352 9143.796875
235.1443787 7184.0869140625
242.1115875 10465.4404296875
246.0908508 88910.4375
261.1595764 13809.009765625
276.1668396 33993.19140625
300.138855 9786.0537109375
313.1512146 14945.02734375
326.171814 55991.7265625
327.166748 10449.7529296875
331.1434937 14199.1982421875
332.1933289 9948.203125
342.1468201 20173.58203125
348.189209 14974.22265625
359.1746216 82406.8671875
360.178772 13086.1279296875
383.1938782 14022.349609375
400.2207947 20949.115234375
433.2418213 10521.2236328125
460.2258606 18011.56640625
484.2531128 53726.99609375
485.2601318 10825.36328125
501.2792664 175161.890625
502.2835999 50032.203125
515.229248 10290.4658203125
543.2265015 42467.40625
559.2518921 12991.0830078125
591.3106689 43180.58984375
611.286499 12493.59765625
628.3147583 10683.208984375
653.3134155 12451.2119140625
654.293335 15262.46875
656.3086548 41805.671875
658.3095703 17920.44921875
659.3189697 12981.169921875
671.3175049 36922.76953125
677.302124 14543.6845703125
689.3311768 18842.88671875
690.3717651 13339.94140625
729.3704834 77424.453125
730.3729248 13151.4326171875
751.3859253 12113.171875
769.3805542 36039.0390625
770.3894653 20692.787109375
786.3918457 391032.1875
787.3952637 159957.25
788.3942871 54827.2421875
868.4578247 32305.087890625
894.4431763 12834.8203125
901.4130249 27314.263671875
921.4460449 59271.828125
937.4613647 47780.8125
939.5509033 48411.88671875
986.4613647 12139.87890625
1015.464905 106624.96875
1016.468262 42041.0703125
1022.496033 41247.25
1023.50116 20499.521484375
1081.535156 13007.4033203125
1086.49292 99890.9765625
1087.505737 49873.05859375
1088.519043 20573.732421875
1131.499756 11536.29296875
1140.52356 42296.19921875
1141.532959 18779.767578125
1157.53772 152865.609375
1158.542236 79270.65625
1159.546997 17289.35546875
1213.536255 14210.3486328125
1231.560913 17463.8203125
1239.574463 16246.8798828125
1249.619507 39599.25
1256.60022 137968.3125
1257.598022 72230.28125
1258.619141 19973.896484375
1355.68335 68427.4140625
1356.671509 48047.09765625
1357.671753 15585.884765625
1468.752197 37503.0703125
1469.743042 20815.845703125
1582.881958 14259.6796875
