1949.09688135297 3
136.0757751 166512.5625
140.9431458 17734.806640625
141.1018982 20808.462890625
147.1128387 74561.265625
151.6259918 13538.4560546875
153.9033966 13953.7705078125
155.0945435 13808.146484375
159.0923615 15875.3798828125
169.0971985 49744.90625
169.1332397 38259.66796875
173.1282806 14466.4287109375
175.119278 38691.9609375
183.1496735 22210.291015625
185.1270905 15706.1640625
185.1646423 256608.03125
197.1289063 38402.58203125
198.1241455 41894.0546875
198.5615082 17367.98046875
199.1796875 26235.275390625
201.0872803 19580.55078125
201.1239166 39982.2421875
211.1439667 27485.83984375
213.088028 14631.279296875
213.1258698 19455.9296875
213.1600952 267398.4375
214.1197205 20505.109375
214.1624908 15325.162109375
215.138855 18674.8046875
216.0988922 17774.6484375
225.123291 21235.44921875
226.118988 252350.375
228.1357117 22294.80859375
229.1174622 24527.67578125
229.7740631 17007.98828125
230.0772705 17661.14453125
233.1646271 83907.03125
234.1459198 33147.76171875
235.1096344 20074.888671875
235.1446838 20291.326171875
242.1505737 114372.2890625
244.0912781 19652.390625
244.1661987 45247.8203125
246.1822662 51623.34765625
249.1599121 25693.732421875
258.1075439 33961.078125
259.109375 20817.44921875
270.1833191 22737.552734375
272.1619873 23170.990234375
274.1190186 19511.7265625
277.1574097 19142.453125
282.1818237 30788.23828125
283.1791077 17726.587890625
288.2037659 185513.421875
303.6956482 20868.466796875
312.1505737 20171.19140625
320.164032 97240.515625
326.2417908 27038.2421875
339.2035217 100522.1796875
341.2208862 32099.720703125
345.2501526 34744.31640625
353.1809387 29067.90625
357.1791687 75775.03125
371.1925659 39340.953125
376.1893311 86159.6171875
394.2115479 99857.203125
426.2364807 27058.046875
470.2647705 45455.90625
474.2949219 81813.0859375
494.3370667 33507.6796875
507.296875 41118.43359375
541.0462646 23449.84765625
541.2609863 34503.80859375
585.3306885 22752.529296875
597.3394775 92366.171875
598.3421021 35527.58984375
602.3533936 93138.6796875
651.2965088 118828.140625
652.2999268 34862.9765625
715.435791 140997.15625
716.4400635 38873.3984375
764.3872681 32370.1875
781.3834229 25534.716796875
844.4787598 79281.3359375
881.4898682 48652.8515625
915.5122681 38105.24609375
930.4828491 26710.0625
934.4885864 32712.58203125
1030.546387 40996.8203125
1035.533203 32873.3671875
1036.539429 34304.0859375
1117.578979 108440.78125
1118.582642 82284.875
1143.574951 26463.763671875
1230.670044 88086.421875
1231.641724 37714.375
1678.790039 34071.71484375
1945.049316 34699.26953125
