2074.99332445547 2
147.1123047 25667.23046875
155.0813446 13692.572265625
172.887619 11446.3291015625
173.0916901 62009.71484375
175.1190033 13960.2216796875
183.1117401 11659.8115234375
185.1280823 19850.21484375
186.087677 19632.005859375
192.798996 12794.287109375
199.1074371 14994.0751953125
201.0873718 62022.65625
212.0680542 14640.11328125
212.1028137 99186.0078125
215.1397095 25605.947265625
217.0812378 16641.1953125
225.5062866 10589.91015625
225.6734009 10535.5869140625
227.1023102 14286.2119140625
229.0189514 9277.197265625
230.0770569 66966.7890625
243.1092072 18630.43359375
245.0766296 16750.32421875
246.1827087 16201.015625
247.1445465 13506.2021484375
249.041626 11551.2099609375
255.1067657 11590.923828125
258.1088867 19759.69140625
258.1453552 18103.916015625
268.1676025 16749.734375
270.1098022 13411.9228515625
284.0871887 19365.1640625
286.17453 20845.998046875
301.1157837 69305.6171875
312.1598816 21206.505859375
316.1149597 21811.53125
323.135376 18619.447265625
327.1295776 15349.6884765625
340.1617432 145630.40625
341.1091003 34314.15234375
348.1543579 16157.09375
367.1246338 30702.23046875
372.1506958 31739.099609375
383.1900024 20343.33984375
385.1418457 34339.14453125
386.1526489 21845.9296875
386.2041626 52442.25390625
387.1905823 83227.9296875
393.2497253 30943.498046875
401.2020874 25403.51953125
402.1637878 22035.892578125
403.1655579 20279.1796875
404.2150269 54808.03125
411.1974792 26309.599609375
412.1462402 29635.5
413.1337585 28306.78515625
416.1409607 18193.56640625
430.1580505 31173.392578125
431.3634338 14908.6025390625
442.2084656 15529.0068359375
452.1780701 21914.896484375
456.1748047 18677.4609375
469.2009277 103538.7734375
470.203949 24749.26171875
484.166626 26878.115234375
484.839325 15884.53125
497.233551 21703.3984375
498.2250671 26131.95703125
501.1958923 70895.734375
512.2093506 15543.58203125
518.2581787 83726.4140625
523.2178345 17935.302734375
540.2382813 29950.568359375
541.2441406 19702.578125
543.2543335 28525.287109375
544.2617188 73868.2109375
552.3182983 17252.224609375
569.2571411 19885.68359375
580.2685547 19966.947265625
597.3063965 29283.81640625
598.2060547 17841.271484375
598.2889404 143796.046875
599.1980591 22332.193359375
599.2924194 57537.203125
602.2946777 17429.513671875
610.2730713 23671.7890625
615.3099976 823058.4375
616.3128662 217059.453125
626.291626 73649.921875
627.2953491 111344.109375
645.3050537 32017.1640625
647.1688843 17206.42578125
661.3937988 15676.7529296875
666.3739014 19629.80859375
667.2700195 19359.380859375
668.3364868 19689.333984375
669.3161011 24876.689453125
670.3179321 24904.037109375
682.2390747 29599.626953125
686.3464966 425198.5
687.3508911 149056.859375
692.5609131 18263.26953125
700.2492065 35092.22265625
724.2810059 18503.810546875
774.3688965 56407.7109375
786.3488159 18759.42578125
795.3220215 64089.30078125
797.3746338 29484.43359375
798.3710327 30911.013671875
812.3463135 23223.966796875
815.3977661 109036.765625
816.3961182 25696.73046875
830.3497925 33875.98828125
866.3592529 22320.970703125
883.3873901 30683.490234375
884.380127 58632.26953125
952.4324951 26898.478515625
962.4561768 350869.40625
963.4589233 190927.71875
964.468689 33791.36328125
1036.543945 58108.6171875
1037.54895 300681.9375
1038.54187 202111.5
1061.526245 189170.6875
1062.52478 107118.203125
1174.609985 163853.109375
1175.60791 105321.5390625
1245.651245 234327.1875
1246.647095 129076.3046875
1247.647461 27618.15234375
1358.729858 75109.7890625
1459.777466 24512.24609375
1460.817383 26012.591796875
1575.8125 66017.1171875
