1422.62652277101 2
101.0717163 263016.40625
102.0556717 118386.8671875
104.0535278 57900.15234375
110.0718002 77312.0390625
110.1095276 12982.87109375
115.0504837 132849.484375
115.0869064 15829.673828125
119.081871 64181.6640625
120.0813751 168678.765625
127.0874329 15087.5869140625
129.0661316 71227.90625
129.1026764 282964.59375
130.0864716 158882.375
132.0770264 92585.2578125
133.0437775 31578.998046875
133.0608063 17838.982421875
136.0758057 199627.8125
145.0976715 26327.736328125
147.1130676 277933.40625
153.1027527 67582.1640625
155.0810547 32140.396484375
157.0970764 18502.638671875
159.0769501 28321.248046875
159.0920258 58308.90234375
166.0857239 16237.294921875
167.0815277 19489.5546875
169.1343689 17183.796875
171.1134338 53033.41796875
172.0716095 15926.8447265625
173.0562744 17285.923828125
173.0925293 90677.484375
173.1286926 21581.587890625
175.1195374 107347.484375
181.0609741 23522.591796875
183.1125946 25085.69140625
183.1486053 21080.568359375
185.0930328 19544.46484375
185.1281433 24166.70703125
186.0878296 57498.46875
187.1081848 19648.0390625
187.1448822 23555.2578125
193.096283 13640.0458984375
195.6952057 15325.1484375
197.1291504 54070.77734375
198.0868988 16382.8505859375
199.0708923 26027.142578125
199.1080475 19966.8046875
200.1397858 20230.212890625
201.0873871 138169.734375
201.1054535 69894.46875
201.122879 24352.830078125
202.0888824 14603.78515625
212.1022797 17519.84765625
213.0868835 18006.09375
214.117218 15126.09765625
215.1170349 17022.890625
215.1390991 67530.296875
216.0986328 27449.638671875
224.364502 14868.4130859375
226.0824127 72249.3359375
227.0666199 72218.3828125
228.1345215 19353.404296875
230.113739 14806.4892578125
231.1131897 20825.357421875
232.1410217 23131.435546875
240.0986786 16385.775390625
241.0822296 16323.71875
242.1147766 63784.9140625
243.1096802 87402.0078125
243.1335297 24916.544921875
244.0932465 150039.390625
244.1656189 17764.099609375
245.0969543 25063.44140625
246.1817627 193244.578125
248.1397705 17541.955078125
262.0870972 30208.798828125
262.1192932 16369.4326171875
269.1249084 21885.234375
284.0888977 27678.73046875
291.1662903 13664.890625
295.1038208 20795.72265625
298.1426697 19762.314453125
300.155365 22569.32421875
301.1270752 13087.3720703125
304.1612854 26310.923828125
313.1509399 18499.791015625
316.1334839 17884.453125
328.1210632 13879.9970703125
330.128479 25062.02734375
341.1089478 29827.5546875
343.1612854 24486.119140625
355.1244812 28258.529296875
357.1582336 26212.880859375
358.1338196 24784.572265625
361.2077942 60403.5546875
431.158905 48708.515625
432.1629333 18566.267578125
444.243042 105388.140625
448.1970215 14283.8056640625
472.2417297 25086.18359375
490.2507324 61935.62109375
536.7046509 14651.7578125
545.1948242 22972.158203125
557.3339844 19826.65625
633.3201904 62422.9296875
670.7990112 16144.1865234375
676.3297119 69155.21875
677.3249512 19106.796875
686.3661499 20740.20703125
718.3840332 17825.291015625
729.8296509 17978.93359375
790.3699951 98501.265625
791.3799438 18524.203125
805.3647461 80229.375
813.5166016 16072.7470703125
833.423584 69222.8515625
834.4423218 15278.302734375
856.475647 30815.48828125
918.4469604 51192.4609375
937.4352417 89779.78125
938.4418335 50847.62890625
964.4707642 77462.109375
965.4816895 19034.0859375
977.477356 27540.275390625
981.4726563 23647.623046875
1011.442078 19056.34765625
1049.506348 16689.005859375
1057.437622 21065.55078125
1065.498291 32589.892578125
1093.509888 58417.6015625
1160.646484 17611.724609375
1164.547241 24443.82421875
1181.526245 24758.7109375
1193.57605 16813.53515625
