2332.10170254347 2
174.280426 4764.021484375
175.1187439 37690.6640625
181.06073 4772.0498046875
185.1285248 44999.9140625
199.0724792 4967.7119140625
199.1795807 7324.5288085938
200.1031494 5896.4912109375
201.0874786 5797.2021484375
213.0860596 9124.8505859375
215.1403351 5961.2041015625
227.176712 6976.806640625
232.1427612 5480.5063476563
240.1347351 12617.6708984375
243.1329803 12530.025390625
253.1914368 5831.8266601563
257.1249695 6029.705078125
274.1029358 9352.3994140625
276.1672058 10762.75
282.1828308 5106.2099609375
288.2041626 11218.603515625
298.2131042 14727.0244140625
299.1730652 8104.7475585938
311.1720276 9100.3427734375
329.1824341 8718.0068359375
359.240387 11655.732421875
369.1759949 10099.0283203125
372.1888733 5826.1376953125
395.0587158 5861.478515625
424.257019 7149.1787109375
432.8970337 5854.1533203125
442.2680359 8170.3720703125
496.255127 14243.7578125
519.2768555 29980.2890625
543.3127441 8783.9404296875
570.4966431 6504.7485351563
571.3109741 8027.7431640625
580.2731323 27864.009765625
610.2980347 28334.970703125
618.2115479 7571.3276367188
688.4979858 7513.1591796875
773.3626099 8790.833984375
830.380249 68206.890625
831.3839111 39690.34765625
842.369751 42683.95703125
843.3685303 13187.5615234375
929.447937 123794.8203125
930.4428711 57645.19921875
1038.408447 9015.119140625
1068.428223 203230.21875
1069.430786 107840.015625
1114.522949 9590.07421875
1124.530396 9576.146484375
1125.523438 7663.9116210938
1141.526489 110783.1015625
1142.525391 64923.32421875
1143.528931 23652.3515625
1167.588379 12326.19921875
1228.56665 68063.78125
1229.552979 54022.56640625
1358.612305 9863.4990234375
1375.626587 68294.7421875
1376.634155 56355.48046875
1490.667603 49208.453125
1491.672974 32320.40234375
1591.717896 24456.44140625
1592.698608 13076.857421875
1631.721069 13680.5400390625
1648.736816 85526.7734375
1649.737793 75781.4453125
1650.738037 28331.880859375
1761.820068 8161.642578125
1762.842163 12417.669921875
1818.796753 23399.662109375
1819.831421 13321.1796875
1905.868286 12434.3623046875
1906.852417 26931.306640625
2017.920532 9686.83984375
2035.92334 11434.6669921875
