1215.66065813234 2
84.04530334 1011961.75
84.08161926 741034.375
86.09718323 1677282.25
101.0715637 651002.9375
102.0555191 443924.875
104.0536652 215453.671875
110.0719681 534271.8125
120.0812759 266904.78125
122.425148 117214.1796875
129.0659943 257313.453125
129.1027832 636550.625
136.0757904 207607.421875
147.1132202 209217.8125
158.0930634 137872.359375
161.0556488 100849.6171875
167.0815125 178257.109375
173.1279602 189468.0
175.1189117 815264.4375
185.0922546 247716.796875
196.1400604 107635.2109375
197.1283112 545121.0
198.0876923 148729.625
199.0723572 125910.7421875
204.1349792 243869.421875
215.1390686 642519.3125
217.0819092 130913.8046875
225.1234131 167831.15625
266.1495972 153910.625
269.184906 127661.2734375
301.1875 1266921.25
302.1895447 194164.0
304.1617737 658834.625
353.1799622 138165.859375
383.1317749 121151.8359375
422.2003784 245137.90625
433.2056885 183018.859375
460.7495422 160730.0625
467.7684631 111753.3828125
532.2713013 422191.40625
607.3181763 156500.1875
645.3546753 542047.875
700.4309692 235265.59375
728.3953857 134663.109375
758.4532471 140749.5625
772.6693115 115561.34375
845.4666138 694083.6875
973.5172729 213796.296875
1150.053589 131022.8671875
1179.236816 125194.8828125
