901.535649495848 2
70.06591797 1107218.375
72.08151245 1491092.0
76.18750763 190354.859375
83.51933289 188646.28125
84.08148956 1328530.125
86.09716797 18457600.0
87.10060883 1061516.125
120.9571152 186158.828125
125.1075134 372613.0625
129.1022949 1147728.625
130.0865631 890939.1875
136.0759583 316677.0625
143.1182861 382458.0625
147.1131592 1052729.25
155.1183167 853713.3125
171.11203 337679.875
173.1287689 2826934.25
175.1195068 297353.5
183.1135406 268717.78125
201.1234741 1292738.0
228.1349335 780199.3125
260.0882874 468085.09375
260.1977234 1335530.875
272.1230469 1526866.625
299.2079163 212078.53125
327.2027283 299546.375
343.1610413 1694753.0
344.1619263 269718.25
359.2641907 482941.25
402.199646 245741.828125
412.1844177 383808.78125
430.1915894 471704.21875
430.3025208 911999.1875
442.2315674 264458.3125
529.2682495 239025.109375
586.3947754 353239.46875
701.4152832 1048163.6875
702.4321899 340749.34375
731.9249268 218124.71875
733.6008301 220324.828125
788.4463501 1090146.125
789.4483643 255004.53125
791.1052246 223680.75
