1919.93351396852 3
133.0425415 35280.71484375
136.0759125 727179.5
137.0789948 63305.13671875
138.0908813 14825.6357421875
141.0655975 22341.953125
141.102417 16641.326171875
143.1174469 14876.720703125
144.0806274 10085.9599609375
147.076004 19939.296875
147.1124115 104568.359375
152.10672 23006.994140625
155.1177826 22020.73828125
158.0929108 20340.703125
159.0911865 23300.78515625
162.0909882 20195.7265625
167.1168518 13075.9580078125
169.0965271 27474.490234375
169.1331787 98851.3828125
171.1130981 13934.220703125
172.071579 72181.15625
172.1979828 11113.0556640625
173.1282806 67237.4140625
175.119278 110783.5078125
177.090683 10450.9453125
177.1025391 166098.234375
178.0505066 20731.833984375
181.0967865 12107.744140625
182.128891 23826.083984375
183.1127625 117888.9140625
183.1492004 23377.548828125
185.0912781 13639.4736328125
185.1647186 65603.375
186.1233673 13492.7177734375
187.0865021 80622.3359375
187.108139 16553.830078125
187.1439819 24332.234375
188.0893097 19231.263671875
195.0760956 85459.078125
195.1129456 26640.04296875
196.144577 173728.453125
197.1290436 259174.265625
197.1464996 30755.92578125
200.1393738 37097.94140625
201.123291 63447.58984375
201.1411743 16808.13671875
205.0977631 64259.21484375
207.1136169 158228.171875
211.1074829 25956.48046875
212.0670776 21836.76953125
212.1032104 89931.65625
213.0875854 17813.751953125
214.119278 17768.697265625
214.1552582 278443.1875
215.0781708 56388.25
215.1390686 20192.134765625
217.1368408 15575.0029296875
219.1494446 80467.1796875
221.0924377 59046.4140625
223.1080322 63204.08203125
224.1392975 87562.2578125
225.123291 37262.44140625
226.1189117 78252.578125
228.1145782 17848.896484375
228.1345215 70440.8203125
229.094101 29146.072265625
230.0772552 15542.8720703125
230.1138 490040.5625
231.1174011 35052.6953125
232.1181335 17757.5859375
233.093689 17649.11328125
233.1650238 33650.87109375
235.1090698 21615.486328125
235.1438751 38344.0859375
240.0974884 17245.240234375
240.1352844 36660.44921875
242.1500702 37135.18359375
246.1246338 111367.6640625
247.1255341 14905.4921875
249.1601105 19456.822265625
253.1666718 16465.029296875
253.8964386 15134.0068359375
257.1607971 20779.279296875
258.1460266 63525.2890625
260.1971436 74822.296875
261.159668 23603.38671875
266.1481018 16211.7958984375
269.0884094 72726.765625
274.1205139 121533.4609375
275.1218262 23149.296875
275.1715088 59111.45703125
277.1533203 51198.390625
279.0965271 23774.87109375
279.134613 64989.63671875
280.1100464 35451.45703125
283.1416016 29200.861328125
284.0987244 33628.41796875
284.1585083 21541.23046875
285.1609192 19532.310546875
286.115387 35182.40625
286.1860046 27624.208984375
288.2036743 16196.76953125
298.1813354 17493.34765625
302.1893921 12947.1201171875
303.2131653 37833.14453125
307.111908 12726.8720703125
307.1438904 78786.2109375
307.1752014 25367.90625
308.1078186 17730.533203125
308.1612244 34130.0
311.1392517 21171.015625
312.0942688 36816.71484375
320.1620178 53953.1796875
321.162323 16842.703125
323.1367493 32931.92578125
325.1879883 88885.2109375
326.1727295 89377.625
329.1203003 145369.40625
329.1829224 65056.96484375
330.1838074 18367.65234375
342.2079468 16087.51171875
343.143158 16773.4453125
343.1961975 17706.25
344.1860352 19912.826171875
366.1429749 59948.46484375
368.1619873 57143.21484375
376.2225342 30597.517578125
383.1670227 76840.6484375
385.2542725 31638.173828125
387.2079468 21053.341796875
391.200531 26745.21484375
400.1956787 25914.5078125
408.1427307 17532.609375
410.7016907 23801.08203125
416.3005066 37687.24609375
420.2284851 28492.736328125
421.1908569 16227.404296875
428.1878967 146607.109375
435.2369995 26060.10546875
436.2232971 36060.47265625
436.7527771 109601.5703125
437.2574158 32098.99609375
442.2733765 16899.625
448.2337341 79757.0
453.2466125 252403.03125
454.2447205 78237.765625
456.155304 17511.904296875
461.2481384 17481.55078125
463.2516479 150570.921875
468.2993164 18384.921875
485.2792053 392937.3125
485.782135 317329.21875
486.2796631 82106.9140625
486.7884216 23122.01171875
492.2364197 73111.46875
492.7397156 26804.48828125
493.2402954 20209.96875
503.2854004 24745.86328125
520.5872192 23496.345703125
524.3231812 22255.0078125
533.8060913 117255.5
534.3112183 135926.609375
534.8134155 20148.423828125
549.272583 75941.28125
552.3144531 136707.359375
553.3139648 26375.986328125
560.3046875 21423.724609375
565.7727051 63384.9609375
566.2728271 35527.76953125
576.3331299 287418.03125
577.2734375 69980.734375
591.2890015 20774.6640625
594.2814941 35474.328125
594.7841187 66319.921875
620.3208618 15855.5654296875
632.331665 31094.375
640.3079224 17282.595703125
640.4082031 24841.349609375
660.2991333 19349.287109375
675.8123169 132330.09375
676.3175659 33294.73046875
676.8165894 64185.578125
678.3174438 74836.34375
687.3604126 80384.5390625
688.3592529 28787.560546875
689.3644409 20224.650390625
692.3027954 106630.1640625
704.4099121 79537.2890625
705.3709106 292611.625
706.3799438 118544.2890625
707.3742065 35756.48046875
729.3979492 32800.5078125
739.4006958 136418.703125
740.4025879 36167.3046875
745.4084473 31181.6875
746.4083862 17839.9296875
772.3966064 142667.328125
773.4033203 82384.1171875
774.4017944 35461.9921875
775.4401245 71474.1796875
781.3598633 28538.00390625
791.3903809 23104.2578125
794.338501 19805.81640625
803.3781738 35636.890625
804.3748169 35805.45703125
820.3978271 352396.25
821.4006348 181311.296875
822.4043579 25737.75390625
848.4215698 67793.3671875
849.4162598 25000.31640625
852.4828491 163807.5625
853.4867554 72452.71875
855.3676147 100488.09375
856.3710327 30742.3046875
872.4978638 238921.578125
873.4992676 162822.1875
890.4002686 33241.80078125
891.4135132 80451.640625
892.4585571 79402.5703125
919.4740601 29592.25390625
934.4693604 24536.201171875
952.550354 26566.546875
966.4382935 27567.259765625
969.5529175 105437.2578125
970.5609131 88357.8671875
971.555603 22500.919921875
983.4611206 342783.8125
984.468811 175460.640625
985.4666748 66968.03125
1002.445007 27949.703125
1004.488831 82828.671875
1005.491516 59401.06640625
1018.530212 22859.9453125
1035.486938 63957.0234375
1042.608398 23547.90625
1052.512817 30715.990234375
1059.459961 99568.3515625
1060.469727 69624.859375
1066.608643 106720.2109375
1067.597046 64579.18359375
1071.481812 22072.908203125
1077.497192 61177.48828125
1094.506958 22682.423828125
1130.511597 119909.59375
1131.547485 28993.56640625
1134.577759 21024.234375
1187.553101 349163.59375
1188.561768 205773.609375
1189.562378 69082.7421875
1222.517944 69094.8046875
1223.525635 32116.833984375
1350.614624 216569.359375
1351.618286 158434.15625
1352.624878 104173.34375
1449.6875 62226.4765625
1450.688599 59153.95703125
