1277.64071282023 3
91.05514526 28581.58984375
101.0716476 31454.841796875
104.0534668 509670.5625
110.0718842 155166.53125
115.0867996 30821.748046875
120.0812454 316733.875
127.0870056 102247.0
129.1027069 676896.0625
130.068573 57521.8203125
130.0864868 238804.890625
130.0953217 25521.892578125
136.0764923 218121.53125
141.0656281 32335.9765625
147.1130829 279624.65625
155.0817413 33761.29296875
175.0906525 130211.8671875
175.1192474 126195.5859375
185.1295624 27701.4609375
185.1653595 346588.1875
186.1685638 41194.46875
191.1178741 99199.7734375
199.10849 105457.9765625
210.0269318 32419.400390625
211.0099487 105660.859375
211.0287323 25914.7421875
212.0217285 107746.2265625
213.0061798 152277.203125
213.1602936 39876.65234375
215.0031891 38672.6171875
217.136734 46076.54296875
226.1190643 153633.109375
230.1494598 33424.3984375
233.1282654 36919.51953125
246.1275024 29876.771484375
248.1612396 171224.0625
249.1607208 28268.53125
258.1450195 50442.375
288.0840149 36482.5703125
319.1983032 183262.328125
474.2564392 163488.3125
475.2611389 41168.6484375
507.2576294 28547.39453125
603.289856 26138.42578125
618.2905273 52793.03515625
619.3067627 44036.30078125
637.3196411 103603.484375
638.3170776 58746.671875
639.329834 29262.986328125
642.3549194 130143.109375
699.3580933 118338.9375
717.4145508 42962.55859375
719.3748169 28758.328125
821.809082 26112.619140625
832.4354858 114869.703125
889.6360474 29555.3125
960.5231323 27591.607421875
