1103.65775599251 2
84.04524231 322629.4375
86.0970993 10680859.0
87.05592346 239683.796875
87.10046387 391445.1875
104.0527802 162105.46875
120.0810623 4310300.0
121.0847626 253141.390625
127.5680161 202902.453125
129.1022186 270339.1875
130.0504456 261452.625
130.0858917 202892.140625
142.9277496 206901.90625
143.1180115 373177.875
147.1128998 393053.125
158.0814362 178170.90625
159.1128845 267968.46875
169.4047089 179933.828125
171.1133118 320659.5625
172.0743561 156611.671875
175.0716858 190265.734375
175.1186829 993367.5
185.1650543 1361540.0
186.1658325 173793.234375
199.1805573 4444213.0
200.1396332 194138.296875
200.1832886 356642.03125
213.1601257 383960.6875
215.1392365 295108.28125
227.1750793 3293301.75
228.1790619 214230.859375
232.1421661 272634.21875
244.1659698 1072569.5
256.1444397 375543.96875
284.1399536 602146.875
287.1348572 200489.421875
326.2440491 234465.84375
362.1812439 211193.125
379.2081299 406372.46875
413.1809692 1390050.625
492.2884521 235260.78125
493.5830383 177862.46875
512.2510376 354222.59375
537.4446411 210614.515625
606.3393555 372853.96875
707.3792725 1306734.5
708.3786011 599972.6875
755.4066772 250436.578125
759.3239136 177415.203125
778.4192505 2507364.75
779.425415 1347963.375
877.4898071 3230924.75
878.4958496 1706152.875
990.5687866 333721.4375
