3338.5079724478 4
230.1136932 8121.1098632813
240.133606 6310.5400390625
266.1494751 18236.236328125
303.7705688 4829.1748046875
309.1551514 7168.8759765625
313.0369263 5511.5336914063
318.8841248 4605.783203125
327.1651611 9603.5146484375
337.1877136 7806.3940429688
338.1916504 6780.974609375
358.1162415 5544.7421875
391.1931458 8829.7138671875
418.1787415 7007.8081054688
420.2215271 8228.0673828125
436.2420959 11631.365234375
535.3044434 9842.818359375
566.2961426 12378.361328125
617.2884521 101025.3984375
618.2886963 12883.546875
730.374939 21026.037109375
747.2958374 9204.3154296875
791.4259644 8110.2314453125
792.3841553 10277.841796875
798.052063 30649.1328125
798.3856201 30262.767578125
798.7209473 24610.9375
799.0505371 9119.9150390625
801.8775635 7764.9130859375
818.3345947 9974.416015625
834.437439 44116.0234375
835.4124756 35253.10546875
835.8872681 6745.9946289063
836.4191284 92678.203125
867.4384155 20714.42578125
913.9238892 46144.69921875
914.4335327 52772.76953125
914.9370728 25239.470703125
921.2158813 6875.2529296875
929.3803101 7644.8544921875
930.3704224 8652.7646484375
947.3838501 70525.75
948.3845215 34059.8359375
954.4727173 8968.548828125
955.4715576 8765.9267578125
1055.510132 21517.021484375
1056.503174 8586.6796875
1097.474854 7552.7724609375
1148.543213 10025.35546875
1228.632568 8401.150390625
1285.580566 7307.4643554688
1500.701294 8649.169921875
1543.296143 8116.115234375
1601.754028 9444.6015625
1826.805542 11502.09375
2248.85498 8505.6748046875
