1507.66603349064 2
104.053215 23620.521484375
109.6016846 10166.0341796875
110.0719528 106164.3828125
113.0715332 15617.578125
115.0871964 27956.009765625
119.0494232 22987.455078125
120.0812759 93692.3125
125.0712204 394997.65625
126.0751419 13628.8505859375
127.0865326 23158.265625
129.1022339 152731.90625
130.0652161 135076.25
130.0862732 97436.3359375
131.0815735 15216.693359375
132.0809021 22478.166015625
133.0428009 21105.630859375
136.0758362 405253.3125
137.079361 46124.38671875
141.1026611 12619.103515625
143.1178741 154625.96875
147.1130371 49188.21484375
155.0818024 49121.6171875
157.0972748 24806.302734375
157.1331787 17092.923828125
158.0926666 43768.1796875
159.0789337 15246.4248046875
159.0917511 324110.15625
160.0952454 23577.390625
167.0818481 27696.2265625
170.0608368 12686.2236328125
171.1126099 89133.8984375
173.1290131 15302.09765625
175.1069031 21197.19140625
175.1194916 232468.703125
181.0606079 14869.533203125
183.113205 18416.228515625
183.1496735 21753.7890625
185.092514 62276.671875
185.1287689 15509.8837890625
185.1651764 155864.25
187.0873108 28684.93359375
197.1285553 13772.3388671875
199.1803436 15478.1611328125
200.1398926 58872.578125
201.1231995 73669.7421875
203.1043091 12764.71484375
211.1449127 54852.65625
213.1240234 12811.0615234375
213.1606903 146805.296875
214.1175079 24851.958984375
215.1386261 18284.5078125
228.0969238 20604.609375
228.1342773 27612.349609375
229.1189575 27562.650390625
233.1642303 13333.767578125
235.1434631 96614.265625
239.115387 14951.6904296875
240.1353607 18139.14453125
241.0812531 14198.5703125
242.1132965 24815.240234375
244.0932617 15082.93359375
245.0771484 20523.6640625
246.0886993 13653.2548828125
248.0702972 22457.7421875
249.1602783 64474.1875
254.1137695 24896.037109375
256.1446838 506339.03125
257.0920105 17692.8359375
257.1477661 90608.8984375
258.1473694 14498.0810546875
262.1389465 39691.41015625
263.1391602 18845.939453125
267.1142578 15601.8369140625
268.1653748 45419.4296875
270.1444397 15758.142578125
273.1340942 62631.0859375
277.1548462 23729.396484375
279.1707764 21524.81640625
284.1393433 401875.75
285.1422729 53598.859375
289.1335144 47273.59765625
299.1715393 20364.42578125
301.1298828 26194.869140625
306.1603088 61424.37109375
311.1380005 13638.099609375
312.171051 11240.21875
325.1503296 16700.158203125
327.20578 15077.271484375
331.1995544 44256.2265625
346.1196899 15248.896484375
371.171936 87098.890625
376.2216492 61201.078125
377.1700745 19351.08984375
405.2273865 68594.8046875
476.2333069 48492.12109375
514.2199707 14354.810546875
516.2550659 19131.59765625
534.2709961 215592.578125
535.2737427 26855.55859375
544.2089233 12872.1318359375
561.2966919 57599.48046875
603.7368164 14088.51953125
605.2728882 47966.79296875
606.2750244 19129.84375
612.2480469 19594.166015625
643.3492432 73531.84375
649.2963257 89314.90625
660.2761841 25266.1640625
660.7757568 47955.94140625
661.2811279 18384.033203125
669.2840576 118716.859375
669.7843018 111024.2578125
670.282959 59323.1171875
716.3053589 15655.1337890625
720.3348389 100708.1796875
721.3406982 25203.1640625
723.3705444 22097.251953125
746.40271 18880.53125
755.3971558 15989.7548828125
771.4113159 27593.22265625
805.3497925 20399.767578125
807.3649902 189167.453125
808.3635864 74285.171875
809.3739624 22442.818359375
815.1954956 15099.7109375
828.4831543 13054.8125
846.4262695 26610.732421875
847.4302368 22877.400390625
884.4831543 15033.693359375
885.4921875 16387.494140625
905.4147339 15291.0419921875
920.4371948 14023.583984375
950.3552856 15506.828125
967.4008789 274596.09375
968.3981323 121908.640625
969.3911133 23590.255859375
1007.463318 22925.822265625
1008.46167 17374.734375
1032.48877 98459.6796875
1033.473022 52045.2578125
1034.481445 18407.9375
1036.396729 16037.52734375
1037.397461 22517.32421875
1052.445068 15086.37109375
1054.429199 844345.5625
1055.432007 493220.4375
1056.427979 195400.015625
1106.530762 22315.056640625
1108.56958 39298.78515625
1131.539063 23890.271484375
1132.534058 23238.322265625
1180.599365 24755.126953125
1205.582397 18206.857421875
1240.509644 212645.515625
1241.509521 177386.3125
1242.511719 94496.71875
1295.620728 15773.7109375
1337.574951 92791.96875
1338.542114 52996.8046875
1535.172852 14863.7412109375
