2104.03409668143 2
147.1134186 7732.580078125
155.1172791 4941.8706054688
156.0202179 4834.7275390625
173.1289673 12105.6142578125
175.118515 8429.2939453125
183.1488647 6250.4584960938
189.0692444 14118.626953125
200.1386719 8792.6708984375
201.1236115 14165.84765625
211.1073608 7712.0869140625
211.1434937 8904.466796875
217.1365967 28626.05859375
228.1342163 30660.509765625
229.1372223 5533.1547851563
239.0712128 5167.3696289063
239.1400909 6788.24609375
243.1323853 5952.4965820313
245.1313782 27827.201171875
258.0903931 12998.56640625
260.1971741 6567.9404296875
262.1399841 13136.3349609375
276.0632629 5714.0532226563
276.1009521 29189.447265625
280.1239624 6249.3266601563
315.1676636 8276.9072265625
327.1287842 27044.6953125
344.1503601 8525.666015625
353.1810608 10444.041015625
371.1733093 9692.8994140625
410.2007751 6989.5795898438
426.199707 15994.0390625
433.2035522 49551.95703125
450.237793 13547.79296875
466.1964111 8790.4091796875
468.1879578 11601.67578125
479.2012939 7295.6396484375
483.227417 11017.078125
486.2006836 24568.869140625
498.7388306 6771.6020507813
503.229248 7951.8203125
537.2271729 8998.203125
565.2626953 14462.2724609375
580.2754517 100238.4140625
581.2832642 9097.8720703125
582.2824097 25275.935546875
587.258606 7196.7338867188
597.2738037 7731.9213867188
664.3327637 26918.822265625
679.34198 78469.7734375
680.3443604 10538.0048828125
681.3553467 14460.2880859375
695.4473877 8028.0444335938
698.4095459 9416.591796875
727.347168 9828.6064453125
763.4066772 11684.76953125
778.4072266 59322.07421875
779.40979 10535.638671875
780.432312 13860.017578125
797.5044556 11367.654296875
842.4328613 10000.9345703125
932.4894409 10490.587890625
934.4985962 53543.9765625
935.5012207 15876.8544921875
936.5336304 9752.515625
1033.578613 12426.32421875
1147.616821 31433.6484375
1149.612427 8328.826171875
1359.689331 115867.875
1360.686768 86925.7578125
1361.695068 28548.875
1400.70752 11630.244140625
1418.745483 14701.5546875
1470.724609 11025.7138671875
1481.649048 10118.0517578125
1488.730225 13774.53515625
1903.826904 9203.92578125
