1060.5435049202 2
74.06089783 50292.8203125
83.06110382 9989.666015625
84.04507446 221747.84375
84.0815506 162411.84375
86.09713745 1601553.625
87.05597687 40727.0546875
87.10041809 85707.109375
88.0398941 35659.10546875
91.05467987 12308.923828125
92.02789307 7987.2768554688
101.0714569 186811.6875
102.0556641 101189.453125
102.0752029 9565.470703125
103.0550385 10392.4951171875
104.0532379 57417.84765625
110.071846 77824.046875
112.0872345 43706.94140625
115.0504303 13064.146484375
115.0869293 52827.64453125
116.0709229 44891.859375
120.0811081 276240.46875
121.084137 16097.32421875
127.0506134 16275.767578125
127.0869522 86018.9609375
129.0660248 96390.03125
129.102478 258835.046875
130.050766 12613.0576171875
130.0865631 94785.109375
130.0963745 12521.5810546875
131.0816803 11337.1484375
131.1184082 9619.306640625
133.0433655 21591.73046875
136.0757904 177076.671875
141.0654907 12254.705078125
141.1027985 16260.6796875
143.0814209 13224.0244140625
143.118042 47562.03125
145.0598907 11372.470703125
147.076355 9745.818359375
147.112915 146029.515625
155.0814667 54022.51953125
155.1185608 8498.9111328125
157.0973053 16313.2392578125
157.108902 11228.4306640625
157.1340942 17731.736328125
158.0921326 76554.0
159.0786133 17251.93359375
159.0917969 126304.6328125
159.1131592 12267.3994140625
167.0824738 12102.373046875
169.0978088 33742.1875
169.1335754 16641.916015625
171.1130676 37853.01171875
172.1077728 10570.79296875
173.1288452 79765.875
175.0709229 9286.2998046875
175.1191101 251679.0625
176.1230316 10208.5478515625
183.1137085 38891.3984375
183.1490936 17144.279296875
185.0920105 12682.1591796875
185.1650391 681447.5
186.1688232 62955.2890625
187.089447 11119.2265625
187.1082153 85776.4453125
187.1445007 56697.984375
188.1114349 12788.4794921875
193.1358948 10502.9716796875
195.0763397 44880.7109375
197.1287842 43923.9921875
199.180954 60037.83984375
200.1396942 13947.619140625
201.1230927 71951.1953125
204.135376 9141.1953125
207.1146393 11348.4091796875
211.107666 10270.1513671875
212.1030273 18320.603515625
213.0866852 40423.59375
213.1599426 188013.203125
215.1028137 20684.78125
215.1391907 53966.25
216.0422821 37543.046875
216.1015015 11981.7392578125
216.1251831 9525.6875
217.132843 10391.0380859375
218.1500549 8841.4208984375
226.1185608 48211.10546875
227.1751709 12433.1865234375
228.1347504 20078.98046875
229.0945435 8498.4873046875
229.1177673 66725.015625
231.0969238 19819.51171875
233.1655579 11391.76953125
236.6801758 11459.478515625
240.0979919 21343.041015625
240.1341858 12367.9892578125
241.081604 35730.93359375
242.1506042 36254.30078125
244.1292877 20167.62890625
246.1265869 16549.01171875
255.1446991 21100.505859375
257.1252136 13171.560546875
258.1447754 17138.9375
259.0933533 11833.416015625
260.1968079 11944.61328125
261.1566162 69031.8046875
268.1671143 12945.802734375
270.1468201 10753.7568359375
272.1694336 11277.771484375
273.1210938 9792.9208984375
275.1377258 9695.470703125
278.15448 11242.58203125
286.149231 9678.470703125
298.1413574 33239.375
299.1491699 19620.14453125
303.1764832 41478.49609375
315.0772095 27051.126953125
316.151001 11987.57421875
328.1864014 139354.515625
329.1878052 13947.2177734375
344.1719971 57573.41796875
344.2086182 9997.1064453125
361.1981506 160423.296875
362.1994019 37448.4609375
365.1851196 8694.3349609375
374.2369995 34720.4375
387.1613159 11838.556640625
416.2645569 9244.70703125
423.2368164 11079.0390625
451.230957 16218.537109375
472.2483521 19888.04296875
513.31073 13545.462890625
514.31427 12905.8603515625
529.2974243 42877.68359375
529.7971802 58948.0
530.3010864 48590.3984375
544.3146362 32792.24609375
574.3579102 12288.26171875
577.2692261 40310.265625
634.2932739 168991.265625
635.2963867 72116.8828125
657.3998413 39701.86328125
661.3129272 13102.0576171875
663.3059692 43129.6171875
664.3131104 15894.7109375
666.3181152 10709.3662109375
688.3648682 17983.05078125
689.3753052 42890.328125
714.4003906 15119.2041015625
733.3624268 182142.9375
734.3658447 84691.4296875
735.3699951 34015.89453125
804.4638672 46654.578125
805.4725952 10513.80859375
831.3648071 12885.5087890625
848.3892212 324485.71875
849.392334 186005.953125
850.4013062 40004.48828125
884.4727783 11324.884765625
886.4586792 11104.1533203125
961.4662476 18769.939453125
