1279.71373749607 2
91.05463409 10963.408203125
101.0713577 58238.1015625
101.0822449 8193.8369140625
102.0555801 54353.85546875
104.0533981 72388.6015625
109.2676926 8656.1845703125
110.0718155 126575.9609375
112.0869522 14391.3369140625
115.0870056 21062.341796875
115.892189 8453.474609375
119.0496445 11005.1435546875
120.0810776 161963.578125
121.0843735 12416.1982421875
129.0659943 21537.615234375
129.1025391 178192.140625
130.0656738 11629.6494140625
130.0863647 53723.37109375
130.4944763 7660.02734375
131.1180878 15248.623046875
133.0438538 9458.2275390625
135.9473877 9335.205078125
136.0758667 275581.1875
143.0820618 12928.3603515625
143.1179047 15344.96875
144.7279053 9069.1630859375
147.0586548 9296.19921875
147.1130524 99000.7421875
152.1065674 8815.1572265625
152.6391907 8616.033203125
155.0818176 19707.673828125
155.1178131 10868.7236328125
157.0971222 15703.6982421875
157.1335449 20267.318359375
158.0924225 18343.0859375
159.0776367 10422.1923828125
159.0918579 38032.0390625
169.0609741 9175.5068359375
169.134079 11800.462890625
171.0770569 10320.125
171.1126556 13613.87890625
173.1290131 48903.796875
175.0537262 11788.02734375
175.118866 135462.984375
181.0970459 10901.5498046875
182.1278381 11784.5625
183.1134033 60647.3046875
183.1495056 17381.423828125
185.0925751 10295.5966796875
185.1650543 479573.6875
186.124176 14545.904296875
186.1680298 61482.828125
187.0879059 10514.80859375
187.1081543 35439.76171875
187.1443787 71439.7421875
191.5204468 9498.9169921875
195.0759583 12829.3984375
197.128418 37726.15234375
198.0868378 11553.0087890625
199.1078186 44943.0234375
199.1809082 104007.65625
200.1394501 41470.17578125
200.1841888 12466.625
201.1238403 83828.1796875
203.1209564 9011.4462890625
204.1351318 17281.318359375
211.1068726 11806.126953125
211.1444855 17964.40625
213.087265 11165.4921875
213.1599579 320303.15625
214.1636505 37650.72265625
215.1043549 10738.5634765625
215.1394958 169166.984375
216.0996704 12234.435546875
217.1363983 13092.703125
219.1490326 11722.8515625
225.1237183 20764.4765625
226.0830841 15185.0712890625
227.0662384 11148.412109375
227.1026459 33222.22265625
227.1758118 46442.0703125
228.1349335 17881.693359375
229.1191101 36314.96484375
237.1269531 9823.1103515625
240.097702 14470.5966796875
242.1502686 9556.6171875
243.1341858 71148.9296875
244.0942078 15566.71484375
244.1654816 15971.7998046875
245.1318512 10538.693359375
249.1599884 40285.60546875
253.0935516 9861.642578125
254.07547 14269.4931640625
255.1481171 13469.6884765625
258.0909119 15558.1337890625
262.1408386 12886.3994140625
263.1447144 9816.1142578125
267.1075134 9832.7958984375
270.1455383 19065.931640625
272.0889587 16960.169921875
285.1569519 11334.12109375
293.1098633 13019.2666015625
294.1806335 12084.384765625
295.1643982 14061.515625
298.1402893 12825.048828125
305.1608582 44259.65234375
310.1769714 83436.953125
311.1777954 11569.9541015625
320.1618958 12256.7763671875
322.1886292 12216.4619140625
326.2434998 40903.47265625
339.5975647 9042.2998046875
342.2022095 33465.57421875
344.1252441 11075.392578125
345.2174072 10265.8974609375
351.2046509 16918.734375
352.2055054 10379.232421875
357.1752014 46559.859375
367.164978 10067.6982421875
369.2169189 12810.8115234375
385.173584 42505.65234375
397.212738 10865.779296875
421.2061157 51483.0703125
431.2390747 12499.369140625
439.218689 38669.65625
457.2182617 13366.5322265625
470.2640381 14868.8408203125
498.2547913 11575.34765625
499.2991028 13796.3037109375
505.7548523 21173.671875
506.2453308 15078.9912109375
510.2612915 10434.783203125
516.2661743 12757.552734375
530.3034668 56085.25
532.2225952 16505.787109375
547.2831421 20975.4765625
552.2994995 16159.6337890625
553.3040161 11288.236328125
581.2954102 13846.236328125
598.3352051 67111.84375
620.2941895 13823.521484375
624.3181763 19100.14453125
626.3452148 44815.390625
632.3204956 14747.4306640625
634.3651123 18608.8125
639.3311768 14054.529296875
641.3418579 181845.640625
645.3236084 12669.1630859375
719.8692017 14157.1298828125
726.3634644 56206.16015625
727.3693848 13548.4091796875
734.3476563 39667.44140625
744.0170898 9894.9326171875
755.4138184 18112.703125
758.4036255 46353.70703125
763.40802 10262.28125
784.3897095 12805.0341796875
788.4246826 12388.4375
795.3547363 10529.8564453125
805.4075317 17915.787109375
826.4477539 39273.26171875
841.3904419 82544.6171875
842.3894043 46797.6484375
873.4413452 75731.9140625
874.4190063 11082.2490234375
892.4457397 19018.103515625
954.4703979 55830.68359375
955.4784546 39553.23046875
987.5213623 37982.11328125
1010.485046 57821.9609375
1054.475464 10417.966796875
1067.562866 74367.875
1068.571777 62161.453125
1073.074097 10040.0712890625
1167.605957 11867.8447265625
1229.192627 12162.09375
