2081.00432531218 3
143.1174011 25068.4609375
144.912674 14420.4375
147.11203 29034.25390625
147.4883575 17260.75
159.0760651 15988.3134765625
163.0862732 89844.875
167.0808868 21513.154296875
171.0766144 14650.6259765625
173.1280518 47778.859375
175.1188202 21436.458984375
183.1123505 31012.2890625
186.0874176 42486.2109375
191.081604 138537.625
199.1805573 37897.29296875
200.1392975 16011.037109375
201.1235504 105396.6875
216.0976868 47381.578125
221.1284027 45289.17578125
227.1747131 51744.85546875
229.1182861 22936.388671875
230.1124115 35021.16796875
233.1652374 26157.298828125
235.1059723 23130.94140625
240.1334839 20765.65234375
244.5922394 19316.033203125
245.6483154 20358.5
260.1949768 23007.451171875
269.1247864 30478.48046875
275.082428 24094.6875
286.1396179 194355.640625
304.1652832 46504.7734375
307.1430969 76546.03125
353.2199707 27962.76953125
354.2043762 47165.9375
355.1629639 28280.015625
371.2302551 80443.375
381.212738 26100.978515625
399.2254028 113803.5859375
404.2511292 39910.82421875
438.1918335 41463.95703125
475.7097168 86976.3125
484.3143005 48769.328125
494.3037415 24181.94140625
512.3093872 101686.484375
533.300293 30554.328125
543.7573242 25486.83984375
549.2271118 28108.751953125
593.5437622 24291.681640625
632.3491211 41332.79296875
677.2716064 28346.490234375
694.3822021 30049.21484375
733.4068604 85932.5703125
766.3247681 79649.3984375
779.4059448 112856.703125
832.4716797 50798.04296875
848.4348145 102474.25
853.361145 113631.1953125
855.3447266 29330.3359375
917.4835815 25094.212890625
939.4384155 139561.140625
944.0239868 27861.845703125
950.4160156 51498.31640625
951.4291382 32516.703125
964.6876831 25863.33984375
995.5048218 43688.4453125
996.5112305 34842.234375
1007.429016 52733.6796875
1086.51062 109477.9609375
1087.501465 31685.23828125
1094.456299 81244.4375
1096.549194 111371.5703125
1115.587769 220795.171875
1116.607056 104578.765625
1217.047607 35189.4921875
1694.961426 34848.08984375
1784.709229 28972.806640625
