1825.96319200201 2
129.1018677 25725.505859375
130.0861816 78773.1953125
131.0901337 11434.58203125
136.0679626 5698.7456054688
136.0756378 96620.2421875
137.0794373 8107.7265625
141.0654144 22020.556640625
141.1016846 54625.9140625
141.1110535 5806.41015625
143.1175842 47210.01171875
144.1215363 7705.3315429688
145.1145172 6481.2045898438
147.1121216 15338.2294921875
155.0812531 51383.55078125
156.0652771 9718.646484375
156.076828 196540.0
157.0798187 17985.58984375
157.0963898 14332.0869140625
157.1330719 14337.962890625
159.0764465 19317.859375
159.0899353 7229.306640625
161.7887268 6726.9252929688
169.0969238 60806.77734375
171.111908 48084.12109375
173.0917053 10530.5029296875
175.1068115 46828.48828125
175.1195984 53607.67578125
176.1098785 8534.5634765625
181.097168 10974.779296875
183.1123047 14453.6611328125
183.1496124 45871.51171875
185.0920105 132123.0
185.1282196 19097.130859375
185.164856 11712.8701171875
186.0949249 12682.8447265625
187.0713196 17286.099609375
199.1788177 8789.3974609375
201.1232758 17304.103515625
203.1025696 61645.953125
203.119339 9063.2138671875
211.1440735 39959.703125
212.103363 23974.712890625
213.0870819 14532.373046875
215.1389313 11398.142578125
226.0834656 12167.6875
226.1182251 21192.96875
228.134491 14269.7451171875
229.1176147 19196.748046875
230.113205 18471.869140625
235.1192932 234727.8125
236.1219482 64503.05859375
237.1229553 15254.3896484375
239.1134644 16931.58203125
240.0969696 18470.9453125
242.1135712 192238.625
243.1154327 58059.76171875
244.0937042 14170.5673828125
244.1172638 10146.2822265625
244.1648712 11996.7607421875
249.1602783 17489.486328125
253.1296844 235466.703125
254.1319122 76163.8828125
255.1343842 19739.341796875
256.1304626 41679.00390625
258.109375 74092.6875
260.1247253 95985.7890625
261.1261292 19240.158203125
262.1253967 10020.7685546875
268.1652527 11841.177734375
270.1817627 12410.3251953125
272.1227417 22933.509765625
272.1625977 10896.326171875
278.1133423 14233.6552734375
283.1409607 13226.4541015625
283.1751709 20088.037109375
284.1239624 195435.59375
285.1273499 13735.5400390625
285.1557312 17176.908203125
292.1286621 12474.4267578125
301.1499634 23767.154296875
311.1340332 16258.00390625
311.1719055 24413.3203125
322.1479492 16756.203125
327.1677551 43041.82421875
327.2036438 23192.78125
328.1844482 11359.6328125
340.1534729 12683.609375
341.1446228 14377.3740234375
343.1626282 22476.265625
345.2131042 69992.078125
346.2178345 38289.84765625
350.1350403 22900.6015625
355.1613464 63084.796875
355.1989746 17706.330078125
357.1766663 13893.40234375
360.1953125 10574.0263671875
367.1627197 23166.265625
372.1889343 11086.05859375
373.2087708 24904.73046875
375.2151184 13454.4365234375
395.2280579 14827.775390625
397.216217 12340.3330078125
405.2163391 19574.87890625
410.1559143 12297.203125
412.1815186 153569.515625
413.1853638 24622.380859375
414.1644897 10414.1142578125
415.2311707 24385.369140625
421.1741028 13425.0380859375
428.252533 14166.30859375
438.1999817 12082.287109375
457.2496643 10244.0068359375
483.2199707 25798.51953125
494.2971497 20208.904296875
495.2213745 105948.9140625
496.2217102 20055.046875
503.24823 17151.93359375
504.2589111 19402.923828125
507.2678528 44745.69921875
513.2338257 49325.9609375
519.2880859 11430.234375
534.2557373 20933.775390625
537.2630005 18614.205078125
541.2720947 11812.701171875
547.2894897 14242.12890625
549.2271118 15884.0576171875
556.2711182 18680.99609375
561.281311 12143.33984375
566.2605591 66895.375
568.2762451 13668.8359375
578.3021851 77197.953125
579.31073 38857.97265625
584.2676392 17260.396484375
594.2875366 19210.298828125
595.2860718 18244.33203125
601.2908325 14964.365234375
612.2978516 20711.986328125
613.293457 12747.876953125
620.3056641 12970.62109375
622.3022461 12462.1064453125
635.3283081 15074.6083984375
655.3407593 21071.00390625
656.3497314 17989.576171875
657.3571167 65556.7109375
658.3471069 15195.1669921875
665.3314819 41020.30859375
684.3458862 13952.4658203125
693.3412476 20114.419921875
724.338562 15438.607421875
739.336792 13656.22265625
795.3755493 19445.90234375
820.40448 13093.3310546875
845.4121094 11945.9033203125
862.4384766 47794.078125
863.4525146 13426.05078125
871.5473633 12377.2978515625
879.4375 56599.4609375
880.4327393 16308.5791015625
908.4586182 16064.86328125
910.4586182 19625.6015625
913.4432983 18667.03125
914.4655762 20663.96875
950.4637451 88890.7109375
951.4697876 25110.783203125
952.4604492 21515.369140625
975.5452881 39521.9921875
993.4588623 15370.3876953125
1046.56958 16933.294921875
1063.541138 34810.14453125
1064.565918 20232.056640625
1085.479248 13157.5966796875
1126.597168 47778.71875
1127.613647 39997.5
1143.627319 1015970.75
1144.628906 627575.6875
1145.633911 194065.015625
1146.633545 16557.037109375
1150.640503 46972.6484375
1151.661255 23631.28125
1152.656128 15584.5634765625
1161.580078 15944.1396484375
1162.596924 15739.6357421875
1192.594849 48235.5390625
1193.591675 42942.83203125
1194.602905 16524.123046875
1242.685059 101297.6953125
1243.709839 81112.703125
1258.633301 17785.37890625
1343.744507 99963.2890625
1344.751953 97659.34375
1345.74353 23551.587890625
1372.68042 19871.125
1471.795898 51348.9609375
1472.80249 52869.05078125
1473.822388 15075.1572265625
1657.868286 41097.6640625
1658.850586 19680.126953125
1774.879639 15631.421875
