1340.80320061089 2
102.0556412 120363.0546875
110.8559113 62718.4140625
120.0811157 401918.90625
129.1026459 266009.46875
130.0864716 279380.9375
136.0756989 140449.53125
147.1131439 322411.90625
150.1961517 64033.98046875
165.6261139 64011.109375
169.1340332 294370.59375
171.1128998 118450.9296875
183.1495514 291049.125
195.0759583 75653.203125
197.1288452 133286.390625
198.0874634 89092.7421875
199.1085663 97514.6328125
199.1809692 1896582.125
200.1838531 150707.25
201.1233673 136515.828125
211.1443939 241034.421875
227.175354 880249.5625
229.1193542 107135.3984375
241.0827637 250377.84375
260.196991 261519.734375
280.1653137 99056.9765625
298.1773987 277020.78125
342.2021179 459737.75
357.249939 499440.1875
376.1871338 102729.1328125
444.2808228 376496.625
455.2859802 249101.296875
540.257019 77142.6328125
563.326416 67932.9453125
573.3218994 90179.6015625
660.355957 482646.4375
661.3597412 105493.28125
675.3902588 87693.4140625
676.4033813 88514.0703125
773.4315796 289471.09375
774.4408569 103341.171875
886.5184326 251878.703125
1001.547241 308191.6875
1002.531372 92124.53125
1114.627563 636959.375
1115.623657 409517.03125
1116.629639 109017.8828125
