2044.07115169131 3
141.0660095 2798.6899414063
141.1018066 3680.71875
143.1174164 2931.6489257813
143.5608368 2515.2661132813
147.1126404 7416.0849609375
152.7832642 2276.5842285156
158.0934753 4420.3955078125
159.0762329 4661.8344726563
159.0916443 5203.8579101563
160.6518402 2812.6206054688
169.0964508 5464.5922851563
169.1336212 6207.4272460938
171.1117249 3655.2951660156
173.0560913 4406.384765625
173.1280518 5121.61328125
175.1192169 42214.48828125
179.6334229 3001.2719726563
183.1123962 7745.638671875
183.149231 4669.1772460938
185.0559998 4225.76171875
185.165329 42196.703125
186.1684113 5761.29296875
187.108139 7082.8203125
187.1440277 4234.4990234375
189.0868225 8934.21484375
197.128067 16631.265625
199.1803741 68736.1015625
200.1389465 6728.970703125
201.124115 27511.728515625
201.1398621 3876.7377929688
211.1072235 3329.1796875
213.1595001 29118.724609375
214.1621857 3489.7639160156
215.139679 27351.99609375
216.0983887 3881.1999511719
217.0814514 15254.05859375
219.0798187 2947.1350097656
219.151001 4281.7592773438
227.1755829 67034.4296875
228.1349335 14007.0
229.1186523 13885.2216796875
229.1545715 29980.98046875
230.0786285 3364.2670898438
235.1061859 3880.5217285156
239.0959778 4795.9443359375
240.1335754 5957.9716796875
243.1334229 40738.6953125
246.1300507 3262.6977539063
247.1455994 4757.3359375
260.1972961 3054.6645507813
261.1608887 4150.751953125
267.1497498 5890.4575195313
270.1069946 4747.6669921875
274.1243286 4318.09375
286.1425781 5446.5336914063
296.1985779 5880.9038085938
298.1778564 3804.1613769531
298.2115784 5165.7890625
305.1603394 7824.1748046875
306.545929 3382.1821289063
310.1768494 15611.6904296875
318.1109314 8884.0458984375
322.1882935 8749.97265625
324.1937256 7909.1533203125
340.2598877 4375.4775390625
341.1820984 8459.16796875
342.2027588 61586.9375
367.0903015 4253.3051757813
379.2061768 5568.1831054688
384.1170959 4766.1323242188
399.2474976 3541.8327636719
401.1420288 7333.4829101563
409.2452698 5839.1811523438
411.2116699 4340.21875
420.6936035 4069.3937988281
421.256134 26436.494140625
422.2562866 6571.1372070313
433.1398926 4140.5522460938
441.2712402 6030.6440429688
492.2930298 13619.8017578125
500.215332 6292.244140625
509.2352295 4278.0556640625
513.31604 24899.861328125
524.270813 3977.4484863281
534.34021 49235.765625
535.3442383 18544.859375
595.3123779 5048.7294921875
605.5315552 3989.6696777344
609.2946777 4375.40625
647.4273682 19436.541015625
648.428772 5810.982421875
652.3272095 18007.103515625
725.3143921 6038.953125
726.3478394 4776.5698242188
744.3064575 4124.9643554688
744.4434814 5273.080078125
753.3707275 5127.1811523438
761.4661865 50808.03515625
762.4708252 27308.18359375
772.4016724 4491.365234375
797.3677979 7392.8041992188
824.3900757 4764.4448242188
825.3925171 4073.234375
840.402832 23794.7578125
841.3942261 24078.078125
860.538208 8428.3369140625
867.3624878 4758.8818359375
889.4633179 5257.2421875
912.4146118 38441.55859375
913.4159546 5651.6005859375
954.4883423 5385.8046875
961.4993286 4639.7084960938
975.5621338 16721.892578125
976.5430298 7579.9609375
986.4075928 7625.5869140625
987.423645 5989.8481445313
1025.50061 26800.353515625
1026.503052 8189.0688476563
1034.593994 5952.8803710938
1040.521851 6020.8120117188
1076.521118 7374.1552734375
1077.527832 5556.4038085938
1090.592041 32212.82421875
1091.585938 20774.626953125
1094.540039 7894.4970703125
1138.592896 8523.203125
1822.766602 5389.7626953125
