1713.770310574 2
118.2338104 7618.3315429688
119.0492477 8047.4809570313
120.0729752 13988.6669921875
120.0811157 358178.375
121.0838165 14814.8857421875
127.0858688 8128.6064453125
129.0653992 16895.76171875
129.1021423 23179.791015625
130.0861816 17018.384765625
130.7608032 8895.001953125
134.207962 10333.287109375
136.075943 140981.53125
136.0847626 17343.791015625
147.1124115 59562.97265625
155.0811768 12505.4052734375
167.0806122 9647.50390625
169.0619049 9801.48046875
173.1282806 21912.9921875
175.0864563 10637.0205078125
175.1191711 20324.5703125
177.0883789 12422.8076171875
177.1024475 267126.625
183.1135864 11669.5029296875
185.0921783 11837.3955078125
191.1176453 58730.22265625
200.1390228 10806.4970703125
201.1231842 31081.73828125
202.082077 19440.1875
203.1176758 11804.22265625
205.0789185 21494.5
205.09729 399173.84375
206.1002655 22581.212890625
212.1034088 23941.736328125
215.1373901 17318.763671875
216.0965424 14115.8095703125
219.1132965 66962.1953125
219.1492157 83066.4140625
221.1280975 22493.869140625
226.1174927 12406.0947265625
231.1127472 53611.78515625
233.166214 15022.10546875
240.1359863 11404.7265625
247.1443787 19558.20703125
253.0935974 81053.1875
259.1441956 24538.2734375
262.1400146 68204.5546875
271.1037292 19106.36328125
276.1342468 335064.875
276.1642456 13709.76171875
277.1383667 63359.72265625
283.1433411 108511.3125
284.1481018 18166.73046875
293.1615601 13257.7109375
298.1399536 14558.3408203125
298.1756897 15805.3173828125
307.1427002 13505.0625
311.1400757 83899.390625
312.0962219 12860.1611328125
318.179657 12989.7822265625
321.1609497 25127.615234375
325.1886902 13562.5009765625
326.1441956 17004.484375
330.1816406 58327.4296875
343.1389465 12488.4453125
355.6600037 12331.716796875
368.1227112 51410.63671875
374.2174377 15984.6083984375
375.2030334 13878.0810546875
378.1781921 23648.697265625
395.2069397 63380.79296875
423.2028198 16289.9306640625
425.2154846 18546.908203125
462.2597961 62002.390625
471.2930603 24505.947265625
483.1466064 18125.62890625
502.2318115 18035.408203125
568.2387085 17347.345703125
571.3204346 114882.7890625
572.3207397 48055.7109375
577.2857056 54493.92578125
588.2426758 19811.0078125
596.7610474 20646.123046875
617.3440552 15001.5869140625
630.2215576 27676.7578125
665.2668457 16482.05859375
696.3412476 16082.900390625
705.8464966 14597.982421875
713.2546387 22864.2421875
714.3439941 85519.5859375
715.3478394 52408.95703125
731.2618408 108681.390625
732.2683716 25873.103515625
814.2958374 24859.15625
829.3724976 73558.1328125
830.3448486 61152.82421875
832.312439 48592.8046875
857.4169922 50964.12109375
908.361145 17085.4140625
913.3739014 51492.02734375
914.37146 18262.1171875
926.3955078 27639.556640625
931.3806152 28548.783203125
944.3903809 86385.734375
945.3723755 28606.724609375
1030.45105 21645.615234375
1046.4104 69791.8046875
1047.413452 29281.203125
1091.468384 81801.484375
1092.480347 50337.8984375
1093.527222 23990.677734375
1094.546265 23479.56640625
1114.583008 17479.716796875
1152.466675 16150.0478515625
1174.511841 19932.494140625
1192.515259 162984.265625
1193.509644 108188.90625
1240.594604 20273.970703125
1291.571655 73655.8203125
1292.578979 26149.2890625
