1790.89892917085 2
129.0662689 5679.5034179688
129.1018524 30146.12890625
130.065155 3548.6630859375
130.0860748 7800.12890625
133.0423737 5085.8139648438
136.0759583 53074.7734375
141.1017151 3700.8359375
143.1176605 9554.1796875
147.1125183 11190.435546875
157.0613251 3446.4567871094
159.0912323 6724.2719726563
167.0812988 4641.384765625
171.1130829 10670.087890625
173.1268616 5582.53515625
175.1187439 23387.185546875
183.113739 5013.3798828125
185.091629 9850.8212890625
197.1287689 5099.1450195313
199.0701599 3890.6887207031
200.1018524 5301.9248046875
200.1401062 4489.6333007813
201.1233368 24230.15234375
205.0986633 4134.0922851563
212.1031036 17694.98828125
213.0869141 18251.1875
215.1023407 3643.3186035156
215.1390076 6235.3608398438
216.0997925 4462.287109375
217.0805359 6575.84765625
223.1079559 95710.328125
224.1110687 7876.806640625
226.1187439 20298.798828125
226.1537323 4514.41015625
227.1022797 4135.6030273438
227.1747437 6705.5366210938
229.1181488 11760.5341796875
235.1065826 5653.4462890625
240.13591 4901.2788085938
242.1493378 5534.1791992188
244.0924683 6802.7548828125
244.1635742 4822.94921875
251.1026917 63803.73046875
252.1075592 5066.9833984375
258.1069641 5372.9311523438
261.159729 6117.84375
262.1178284 8253.572265625
263.1029968 6136.6362304688
270.1084595 11282.720703125
280.1294861 4374.5810546875
283.14151 4267.474609375
286.1412659 5490.0473632813
287.1363831 5722.4951171875
299.3910828 4716.8364257813
299.8407898 5822.56640625
305.1832581 7286.779296875
311.1734314 4711.521484375
330.9875488 5136.2934570313
342.1290283 5523.4995117188
362.1340637 4847.5498046875
370.1693726 5571.16015625
374.1382751 4909.7104492188
380.1466675 48395.35546875
381.1478577 5698.84375
398.1654358 19047.630859375
406.2295837 10938.4599609375
409.2142029 5674.8828125
434.2558289 5509.4208984375
447.2199402 6393.8002929688
459.2309265 5762.1674804688
475.2272339 26595.203125
476.2278137 6709.376953125
588.3134766 5952.6206054688
628.6983032 5702.4013671875
650.3532104 5955.5258789063
666.319519 6924.8383789063
689.3692017 41439.34765625
712.3869019 6075.4204101563
762.3423462 7164.6826171875
769.4202881 8645.3349609375
795.4032593 6327.4760742188
802.4472046 32108.541015625
803.4448242 8600.51953125
813.3856812 7931.8740234375
814.3988037 20347.51171875
815.3849487 7130.71875
868.4692383 6696.5322265625
901.5114746 19724.611328125
929.4326782 6223.283203125
930.4207764 8822.8505859375
931.4330444 7408.5815429688
1086.584229 37043.94140625
1087.5979 19831.1953125
1172.587158 8211.1123046875
1181.591797 7679.4653320313
1201.611572 9772.021484375
1298.674072 110682.546875
1299.672729 63661.89453125
1300.679565 8832.861328125
