2104.90068547678 3
147.1126251 19706.21484375
153.0665741 7485.3432617188
158.0998383 9500.009765625
159.0921021 19633.8671875
160.0422974 9236.142578125
161.0379486 10683.369140625
162.5457001 6269.0966796875
170.0933228 9919.6962890625
171.0769653 10752.32421875
175.1186829 12621.1318359375
178.0531616 626533.875
178.065094 36851.70703125
179.0563812 20092.970703125
181.0605011 42509.8046875
183.0766296 8600.521484375
195.0757904 7258.5478515625
198.0866089 12873.9931640625
199.0709839 13473.025390625
200.1036072 9395.78125
203.1038361 7672.318359375
203.1214142 40870.19921875
210.0251465 79311.921875
217.0820313 7618.31640625
226.0818329 8242.455078125
230.1138306 43135.89453125
231.1158295 10089.45703125
234.1448669 8730.4638671875
239.1139221 10157.998046875
241.0826416 8467.802734375
244.074295 10085.8037109375
249.0990906 10789.4296875
262.0576782 12726.923828125
266.125 44930.78125
272.0708008 34336.9296875
289.096405 63281.09375
311.137207 10748.994140625
325.1156921 9353.775390625
329.1832581 47435.08203125
344.1932373 21510.505859375
345.1784668 40586.453125
362.2044067 15846.9970703125
365.1940002 9543.78125
367.1737671 11871.3818359375
384.0863953 10405.677734375
394.6542969 9668.462890625
400.1307983 12893.3203125
401.1148376 16117.9638671875
418.1405029 55269.1640625
419.1463013 11957.095703125
425.1992188 12187.2177734375
442.2703247 14444.3994140625
472.7405396 9673.1474609375
481.2577209 12017.013671875
489.1795044 38871.6171875
496.2419739 16254.75
499.2597046 60364.34765625
600.3098145 93725.390625
601.3152466 19197.4609375
659.296814 19258.654296875
659.394043 16094.400390625
701.460144 100511.4296875
702.4085693 104460.625
703.4066772 69086.5390625
753.4262695 40340.3359375
754.428894 17613.826171875
769.3754272 13068.42578125
782.3771973 10656.0673828125
786.3895874 121770.8203125
787.3969727 57440.26171875
823.1296997 11313.349609375
852.4910278 15760.0263671875
885.4584351 52769.3125
1101.531982 48093.55078125
1102.548218 14818.6162109375
1561.709473 11682.43359375
2120.257324 11896.6435546875
