1499.71195447193 2
105.0661316 13938.2041015625
110.0718002 211959.4375
112.0875778 11470.3056640625
115.086853 14141.146484375
119.0489655 12865.9619140625
120.0812454 57512.68359375
129.1024933 68061.8515625
130.0871277 10471.001953125
136.0757904 170852.15625
143.1183777 21114.15625
147.1130981 18243.40234375
157.1342163 72993.53125
158.0926819 44964.109375
171.1131134 18460.849609375
173.092453 15287.8173828125
175.1191406 140495.71875
185.0926971 18859.947265625
185.1282959 79484.65625
195.0770874 10663.7158203125
200.1398621 12998.935546875
201.1236725 18037.677734375
207.1137695 11265.0263671875
212.1052246 28027.7578125
212.1382446 10741.916015625
212.5768433 9718.0517578125
213.0865631 74360.6484375
213.1051941 9682.80859375
216.1001587 10300.447265625
229.1193695 13364.4580078125
234.1352081 108011.5
235.1191254 132874.109375
245.0774078 11833.7802734375
259.1133423 9706.8291015625
269.121521 10591.0849609375
271.1768799 17694.181640625
288.1465454 14111.40625
288.2038269 78001.7734375
299.1388245 21186.560546875
312.1562805 18387.03125
317.1939392 11947.7919921875
329.8398743 9393.6435546875
332.1361084 97679.9765625
391.1974182 11974.0283203125
395.1947632 12578.287109375
441.1981506 9684.4619140625
599.2567749 14260.06640625
611.2912598 15418.607421875
674.3239136 21880.359375
708.3704834 130058.3671875
709.3669434 48729.3984375
732.3421021 19387.701171875
732.8508911 13287.5068359375
740.3591919 40053.87890625
741.3618164 79732.203125
741.8515625 47859.93359375
742.3568115 19192.177734375
749.3737183 22910.341796875
750.3640137 12782.6044921875
751.3983154 46970.08984375
823.3962402 19130.259765625
824.3930054 17158.998046875
833.7841187 11892.4296875
838.4189453 12830.0556640625
855.3616333 17853.62109375
905.4124146 13963.6923828125
922.4592896 38666.1875
923.465271 32369.86328125
944.5291748 21397.60546875
993.4538574 13291.5673828125
998.4540405 11801.0029296875
999.4526367 20032.4921875
1000.43988 14116.203125
1042.490601 18929.537109375
1051.496948 19413.248046875
1052.502441 11919.5205078125
1053.491455 14090.66015625
1071.476074 9986.630859375
1126.505005 14165.8642578125
1127.498169 11891.544921875
1150.554199 57491.88671875
1151.557617 38973.40234375
1155.484131 11800.6953125
1156.511841 14317.6298828125
1157.862061 11291.587890625
1160.866333 12749.42578125
1198.512573 11618.7158203125
1204.666504 12856.1064453125
1213.528809 20595.8984375
1214.529297 17567.71875
1248.563721 14484.3388671875
1265.605591 69865.265625
1266.582153 44768.625
1267.564697 11969.7529296875
1350.720825 13342.859375
1362.629639 62561.26953125
1363.638306 22636.962890625
1364.65271 14778.287109375
