1360.70990970658 2
102.0554886 210011.234375
108.0938187 152372.578125
117.0662537 197199.96875
119.0494385 210882.9375
120.081337 340943.6875
126.0913925 191078.171875
129.1026306 710961.375
130.086441 229503.265625
136.0757751 3421159.75
143.6758118 160180.84375
147.1130371 819312.375
154.5289307 155733.953125
157.1333923 176489.296875
191.0819397 309823.15625
199.10849 214743.953125
212.1025848 1221618.25
234.1445465 342004.53125
249.1597748 5920388.0
250.1640167 1104254.875
260.1966858 654415.6875
260.9651489 152868.375
269.1253662 161744.328125
277.1548462 3773024.75
278.1578064 343369.84375
283.140686 1234307.75
304.1292725 580277.875
314.134552 295466.09375
322.156311 315002.34375
331.2349548 850003.1875
350.1503296 1170155.125
366.177948 325964.1875
384.1870422 241361.421875
413.2523804 153065.515625
421.1862793 981761.125
422.1905823 244000.578125
460.2402039 2691317.0
461.2422791 716876.6875
477.2130127 211239.75
486.2427979 796402.3125
486.7472534 264466.625
512.2449951 685812.625
543.2807617 234088.484375
680.3493042 699919.4375
689.347168 241095.671875
738.3338013 184335.359375
760.3807983 628932.25
867.6366577 169513.875
874.4187622 878899.125
903.6992188 175001.515625
971.4732056 1856938.625
972.4730225 941388.5
