900.587887061624 2
70.06601715 330779.375
72.08158875 1326671.875
74.0610199 24271.048828125
84.08144379 98719.4765625
86.0970993 1991962.625
87.10047913 45206.0234375
95.91117096 20098.685546875
101.0715714 24444.771484375
110.0718765 54230.3359375
112.0871887 34596.7890625
120.0811081 227755.3125
129.1023712 133748.6875
130.0862579 36531.859375
136.0758514 474969.90625
143.1180115 56495.5
147.1127167 133795.59375
158.0923157 99057.8125
169.0970306 26234.0546875
173.128479 230769.75
175.1191254 360564.65625
183.1130524 21925.12890625
183.1497192 100096.2421875
185.1651459 921947.5625
185.1817169 45949.02734375
186.1686249 97571.765625
199.1811523 123993.0078125
201.1233826 241470.421875
211.1436157 54438.71484375
213.1598358 290112.25
214.1187592 33389.1328125
214.162323 30417.455078125
227.1752319 41672.515625
244.1662598 35579.03125
245.1242218 99987.5078125
251.151123 31775.0859375
260.1982117 37941.96875
261.394165 27048.44140625
262.1514282 54545.2890625
279.6993103 23012.919921875
282.1819153 134978.09375
296.197052 35278.8984375
314.208252 230562.4375
357.2501831 190147.0625
358.2086792 38880.6015625
375.2353516 169604.546875
430.2784424 39516.015625
488.3189697 303377.125
489.3215332 91011.1328125
525.3392334 129685.0703125
601.3987427 128500.6875
602.4075928 40688.3828125
688.4347534 798655.0
689.4376221 351569.21875
801.5178833 48256.8984375
898.5324097 29202.642578125
902.8447876 23698.22265625
