1347.69093971105 2
101.0715027 378407.40625
102.0555267 28634.953125
104.0532379 21220.3828125
108.0034485 14086.6806640625
110.0715942 103030.09375
112.087532 71616.03125
115.0868073 27298.646484375
116.070694 15668.638671875
119.0495758 22191.8125
120.0810089 189631.21875
128.1072845 58326.8359375
129.0664063 27741.859375
129.1025696 303097.125
129.1114502 21688.48828125
130.0500488 21624.490234375
130.0865173 131247.890625
132.0813293 23731.06640625
136.0758972 492289.78125
136.085434 24263.021484375
137.0799866 17245.734375
140.0710754 35548.7578125
143.1183624 74465.1953125
147.1125946 151257.828125
154.0979462 20358.65234375
155.0819244 79798.5625
155.1184082 26516.138671875
157.1333313 24866.716796875
158.0926666 69348.75
159.0796051 15280.7392578125
159.0918427 116185.046875
169.1337891 23107.330078125
171.1130524 68276.1796875
172.1076508 34953.78515625
173.0921478 30257.2734375
173.1286163 858551.0
174.1320801 79494.4140625
175.0540161 63133.0234375
175.1192627 381190.875
178.0540771 18013.90625
181.0973511 35747.265625
183.0765991 30344.380859375
183.1128235 17918.296875
183.1496124 59377.0234375
184.1074219 31856.873046875
185.0926971 31636.060546875
185.1291046 17322.7421875
185.1649628 106476.7265625
187.1082916 19869.81640625
192.081955 17924.42578125
195.0771332 19316.671875
197.1294403 27468.3671875
199.1067657 22466.109375
200.1026459 33430.66796875
201.0881042 17550.7109375
201.1234436 235554.125
204.1357422 18332.9296875
211.1448517 56038.25
212.1030579 71263.1875
213.0870361 19854.875
213.1596832 67417.265625
215.1390686 33727.375
215.3719482 13910.85546875
216.0430908 27718.376953125
216.1343079 18466.443359375
217.1385498 18581.33984375
226.1201477 16522.876953125
228.1351776 16845.01953125
229.1190796 22588.23046875
231.0972748 22739.298828125
234.1252136 17170.6328125
234.1447449 102740.3125
242.1506348 59300.125
242.187149 20713.40625
243.1345215 30446.044921875
244.0915527 28212.173828125
244.1656342 23006.91796875
249.1001587 18984.373046875
249.1595917 279023.75
250.1628723 74820.65625
258.1443481 23061.640625
260.1081543 59086.9765625
260.1972351 76018.9453125
267.1078796 25737.685546875
270.1816406 27587.822265625
271.1755981 20398.0078125
272.1591492 45414.6953125
274.1868286 23033.462890625
277.1559753 59887.140625
280.1654968 15347.7666015625
286.0846863 15771.654296875
286.1385498 22495.8046875
297.1211243 26820.7109375
303.1124268 300829.84375
311.171051 30504.248046875
315.130188 18561.33203125
321.1774597 78839.140625
327.1298218 24534.17578125
329.1833801 114956.375
330.2232361 16002.72265625
338.1828308 152807.09375
343.2008667 21462.013671875
355.1247559 140280.515625
355.1957397 148330.109375
357.1776123 25139.28125
360.1873169 21618.1171875
371.2282715 20552.724609375
373.1914368 16667.720703125
373.282074 24316.04296875
378.1987305 216335.09375
379.2000427 20170.4765625
383.190918 106193.125
416.1968689 86780.4765625
440.2141724 56467.33203125
455.1917114 24225.84375
456.2476501 17440.771484375
457.2411499 18943.677734375
467.2281189 27391.197265625
468.2073059 62541.83984375
482.2601013 29960.271484375
484.3244019 62824.13671875
531.3226318 20761.65234375
546.2650757 24322.408203125
564.2773438 340076.90625
565.282959 190762.6875
565.7788086 29839.873046875
566.2902222 65685.28125
567.2606201 23140.736328125
600.3693848 22252.193359375
623.3966064 15558.8330078125
628.3733521 118661.53125
632.3796387 55346.0546875
663.3491821 164115.734375
664.3478394 23282.048828125
674.3612061 28894.0546875
674.90625 799761.5
675.4071045 624271.5
676.7963257 20257.033203125
730.3198853 26768.21875
737.4441528 55202.79296875
833.4518433 95604.4375
834.4570313 55101.88671875
850.5285645 62531.0390625
876.4315796 23039.14453125
890.3756714 28617.1953125
891.3758545 17959.01953125
934.477356 16649.697265625
940.451416 131487.984375
941.4521484 113534.3125
948.4718628 65016.53125
949.460083 23902.4375
1002.482605 17758.232421875
1019.517212 107601.9609375
1020.507751 80483.0390625
1021.519043 27483.767578125
1069.483154 20600.52734375
1130.556763 33061.96875
1133.50708 31162.458984375
1146.697876 29957.744140625
1174.698853 26608.4609375
