2515.15487923947 3
173.0561676 2429.3825683594
173.0927582 2894.1220703125
173.1284637 7806.0620117188
175.1193848 35560.9921875
183.1135101 4705.95703125
183.1502228 2494.5942382813
184.1130371 2368.9108886719
185.0919952 16247.69140625
185.165802 3070.3666992188
186.0881042 3355.1650390625
187.0716858 3820.8186035156
195.0768433 3434.5952148438
197.1290894 4395.2465820313
199.0715027 8005.5346679688
201.0866089 4840.6782226563
201.1233368 13596.5947265625
203.1210175 3113.9528808594
212.1022797 4255.30859375
213.087265 46143.1953125
213.1598053 6216.3666992188
215.1387024 5253.5991210938
216.097229 4705.8466796875
217.082016 6458.669921875
226.1186523 3299.8579101563
228.1339722 2833.5871582031
229.0999756 3274.3984375
229.1200714 5711.0498046875
230.0781708 2849.369140625
230.113678 4542.5087890625
231.096405 6133.3720703125
232.0932159 3281.3872070313
240.098465 6599.0126953125
241.0826569 32846.15234375
242.1507874 7287.6762695313
243.1338043 16460.232421875
246.1272583 28873.74609375
255.1454163 8177.3588867188
258.1086121 7029.267578125
258.1465149 4734.654296875
259.0900269 30686.859375
259.1382751 4054.2473144531
270.1099854 3745.408203125
272.1725159 29368.53515625
274.1239929 23880.765625
276.1661072 6594.103515625
277.1183777 17615.83203125
295.1298828 13681.591796875
296.1267395 3109.0434570313
300.1544495 3201.0007324219
312.1212158 5102.513671875
312.1552429 7340.0546875
314.1352844 7360.9228515625
316.1494141 5851.4008789063
329.1460571 6850.0112304688
329.1819153 4069.0122070313
330.129425 13489.3759765625
330.1656189 3643.6552734375
342.2015991 3759.8000488281
346.1384277 4021.5712890625
369.1408691 8236.876953125
370.127655 20125.345703125
384.1609192 3414.1652832031
385.2581787 4307.33203125
387.1512451 17649.51953125
388.1493225 18428.232421875
389.1584473 3278.2521972656
399.1690674 5975.775390625
403.1645508 36563.32421875
404.1664429 4065.3474121094
406.1610413 6649.9428710938
407.2095642 5627.943359375
408.2102661 3934.0947265625
408.2615967 3676.5891113281
423.1895447 6940.005859375
429.1625671 47298.16796875
429.217041 4034.9836425781
430.1705017 5273.189453125
440.2182007 5159.0385742188
451.26828 5685.3916015625
459.1926575 3469.6110839844
468.2939148 38251.98046875
484.2088013 4397.4453125
496.7156677 4409.9672851563
499.2984924 3989.9685058594
500.2356262 14474.1484375
500.3053589 4738.3876953125
502.2344971 22278.52734375
503.2363586 5631.5668945313
512.2346802 3831.2863769531
517.1967163 20810.2265625
518.199585 5149.2680664063
527.1738281 4020.6928710938
528.2367554 15940.1328125
529.2180786 4455.9262695313
534.2210693 4483.3642578125
553.2396851 5928.2529296875
569.2505493 4720.5590820313
570.2781372 30452.56640625
571.2714844 15759.833984375
597.2943115 6295.798828125
600.3522949 27860.255859375
601.2796631 7313.583984375
601.3634644 4905.9399414063
605.7922974 15405.8916015625
606.8029175 7309.3359375
613.3172607 3776.5771484375
615.3233643 8181.2353515625
641.3183594 14976.8447265625
642.1879272 5489.6694335938
645.25 8026.8627929688
646.237854 11711.212890625
663.260498 6442.9760742188
683.3601685 35995.54296875
684.3604126 18262.30078125
687.3883057 4427.5600585938
699.4196777 4986.7358398438
700.3347778 4660.0336914063
701.3319092 4050.4802246094
714.2730713 4978.53125
715.2641602 6859.3896484375
732.2827148 35427.21484375
733.2832031 15262.505859375
734.2802124 5343.482421875
743.3673096 4490.6098632813
750.293335 20708.783203125
751.3079224 7310.431640625
751.4834595 24497.767578125
756.4381104 58565.78515625
757.4404907 20459.69921875
782.4244385 70008.609375
783.428833 26218.58984375
784.4293823 5549.1845703125
799.3827515 4720.8725585938
827.3673706 6491.9477539063
828.338562 4961.0786132813
838.4525146 3824.5002441406
845.3625488 27390.05859375
846.3640137 6460.9125976563
850.5487061 6464.85546875
863.388916 8072.2421875
864.387085 5786.2119140625
871.4717407 47346.578125
872.4659424 22670.357421875
873.475708 13357.642578125
897.4505615 19339.85546875
951.6101685 6716.2807617188
974.409668 6937.2026367188
975.4094849 6926.6987304688
984.5463867 12268.5224609375
986.3829346 5785.3081054688
992.4202271 7867.927734375
993.4197998 5970.98046875
998.4966431 75831.71875
999.5020142 34379.4296875
1000.509766 12967.9814453125
1038.636963 29067.939453125
1071.574951 22518.578125
1072.581421 17448.556640625
1073.584595 4541.2944335938
1079.578125 4804.8793945313
1093.697388 5254.66796875
1103.449829 9860.244140625
1104.457642 5097.60546875
1108.916748 4205.3559570313
1113.533081 35327.35546875
1114.52124 18983.748046875
1121.463135 5979.1977539063
1140.568604 12781.46484375
1141.582275 5472.8994140625
1174.499512 6258.5600585938
1182.613647 7023.9663085938
1183.599121 5640.3374023438
1192.562012 7221.421875
1193.566772 4799.494140625
1200.615601 33077.98828125
1201.587036 23575.3515625
1202.601807 6950.3061523438
1210.579102 235683.890625
1211.583984 163570.53125
1212.578247 75318.9296875
1213.582275 19870.080078125
1274.672852 7533.5629882813
1275.677856 16384.001953125
1276.657959 5524.6411132813
1281.660645 4961.9194335938
1323.64856 6806.6787109375
1324.657227 5405.6630859375
1340.588013 4855.998046875
