3212
2
1537.553994
# +15.9949|* +79.9663|
C=160.030649
1537.55505	0.0000	15.07	-0.23	3	24	K.NEEDEGHSNSS*PR.H	F
1537.55505	0.0000	15.07	-0.23	3	24	K.NEEDEGHSNS*SPR.H	F
1537.55505	0.1586	12.68	-0.477	3	24	K.NEEDEGHS*NSSPR.H	F
1537.54835	0.8434	2.36	-1.519	2	20	K.HY*FWGPACS*PR.M	R
1537.55246	0.8434	2.36	-1.519	2	18	R.LY*ET*Y*AERPR.N	R
1537.55252	0.8845	1.74	-1.58	2	22	K.ISGT*FS*S*GWTVR.L	F
1537.55252	0.8845	1.74	-1.58	2	22	K.IS*GTFS*S*GWTVR.L	F
1537.55252	0.8845	1.74	-1.58	2	22	K.IS*GT*FSS*GWTVR.L	F
1537.55252	0.8845	1.74	-1.58	2	22	K.IS*GT*FS*SGWTVR.L	F
