1236.613148 3
86.09197235 9463.3359375
86.0970459 198688.6875
87.05580902 5525.478515625
87.10040283 9294.833984375
87.95040131 4680.8198242188
91.58495331 4858.6064453125
93.04517365 9097.337890625
98.02618408 4725.5659179688
99.05574036 8156.671875
101.0715256 84226.2578125
102.0554962 81406.125
104.0532837 279647.4375
104.5042419 4788.5771484375
106.0489426 5989.0439453125
110.0716705 346947.40625
111.0751648 28488.64453125
112.0871964 18842.4765625
113.071228 5915.3188476563
115.0867386 5801.5649414063
116.0705109 9780.73828125
120.0808105 33156.73046875
129.0660095 222061.21875
129.1024323 77282.7265625
130.0694733 12009.9580078125
130.0861511 38708.01953125
133.0430908 10496.2041015625
136.0757294 36024.765625
138.0656433 7447.9858398438
141.1019592 7520.6352539063
147.0767975 30624.759765625
147.1125336 32010.818359375
149.0744934 92241.078125
150.0554047 6926.7661132813
152.070694 21599.083984375
155.0814667 5838.134765625
156.0766907 32621.333984375
157.1334381 7554.1767578125
158.0923767 18359.91015625
166.9833984 9505.974609375
167.0811157 57240.2890625
167.0931702 5672.0288085938
168.4683685 4910.34375
169.0975189 8166.6108398438
169.1338501 5821.4545898438
171.1130676 42993.19921875
175.1190338 194490.359375
176.1227264 6148.986328125
178.050827 9413.98046875
181.0967407 9430.4912109375
182.8693542 5561.3022460938
183.1132202 8829.4091796875
183.1494446 36293.98046875
185.0913849 6553.94140625
187.0606842 5308.1215820313
187.1077118 25703.501953125
191.0844727 8852.46484375
193.1313171 8187.9028320313
195.0746307 47360.1484375
197.1282806 37386.87109375
199.1079865 30779.421875
199.1806793 10739.9375
201.1224823 7569.4501953125
204.1336975 12032.095703125
208.1081848 34255.328125
209.0915833 11079.6689453125
210.0252228 30397.134765625
211.1188965 21379.91015625
211.1443176 22162.146484375
212.1022644 51938.234375
215.139389 10558.193359375
221.1040649 8650.662109375
222.0870514 5787.107421875
223.0713959 23677.2421875
227.6205444 6608.9912109375
234.1448669 7849.5922851563
235.1184998 8922.03515625
239.1130676 40843.859375
240.0977631 123051.84375
240.1336517 8060.6166992188
241.0807343 7865.6528320313
241.1028442 7701.0844726563
243.0794983 43550.875
247.1068726 9104.9228515625
249.0976715 5901.173828125
253.0749207 29125.6953125
258.1077576 10701.984375
258.1537476 7519.3344726563
260.1071472 43312.046875
261.6608887 132966.25
262.1616211 19815.572265625
263.4750061 5351.5727539063
267.1081848 5983.1440429688
278.1133423 70667.4375
279.1146851 5403.8969726563
279.6495056 5864.7084960938
281.072052 9995.6015625
288.2017212 10217.951171875
292.1332092 5746.7641601563
295.1643982 24531.974609375
299.6815186 21444.076171875
300.1828613 7230.9975585938
303.1780396 21275.044921875
304.1611938 6460.9833984375
308.1700745 8967.60546875
312.1843262 33153.33203125
313.683136 6587.6381835938
317.6773376 5359.9340820313
318.15448 12492.80859375
330.1921692 11667.7919921875
336.1693726 8926.380859375
354.1109314 28562.75
357.2219543 7418.1850585938
360.7111511 74656.171875
361.2126465 30255.34375
367.2443237 11019.58203125
368.2282104 39479.97265625
369.2306213 6853.4140625
371.1381531 42482.2109375
376.1846313 6277.9301757813
385.2555542 363329.28125
386.2579956 87042.4453125
387.2596436 7371.9594726563
388.6447449 6130.4951171875
401.1900024 6099.4750976563
403.2540283 5463.2348632813
410.1114502 9014.8662109375
415.7353516 71811.4921875
416.2289429 63120.42578125
416.7320251 38073.53515625
417.2397766 9113.7744140625
419.2018433 28435.611328125
447.1991577 10523.9716796875
472.7417297 21825.009765625
500.2753906 10210.771484375
501.3033447 6650.3041992188
505.2853699 6923.9301757813
516.2941284 11775.771484375
522.3147583 118216.484375
523.3135376 33239.4609375
524.3067017 7017.2358398438
546.2862549 8183.779296875
576.2592163 6448.9765625
598.3519897 30519.74609375
623.3613281 81521.7578125
624.3619385 21305.1796875
703.3899536 12323.318359375
709.390564 11949.0419921875
720.4127808 173978.640625
721.416626 63335.49609375
722.4154663 23877.744140625
831.4380493 8095.3623046875
