1852.99952209162 2
129.1022644 2376.6965332031
130.0649872 10367.9072265625
132.0806122 1994.6636962891
136.0752106 10741.3525390625
144.0805817 1798.9982910156
147.1121979 2498.4694824219
155.0689697 1640.9868164063
157.1327362 4304.7607421875
158.0958252 5770.8266601563
159.0915985 26348.759765625
169.133728 2024.7767333984
170.0600586 2253.1594238281
173.0914917 3265.9174804688
173.1281281 2360.5947265625
175.1189575 17580.59375
183.1489258 11444.810546875
185.1288452 3482.076171875
187.0873566 4086.7775878906
187.1078033 2111.7614746094
197.1281738 3919.9240722656
198.7280426 2063.3955078125
199.1798553 2934.5112304688
201.0868378 13576.591796875
201.1229553 4054.2338867188
211.1442566 15409.0537109375
211.5886536 1822.2669677734
213.1032715 4283.0322265625
215.1389771 3867.2600097656
216.0971222 2098.9418945313
227.0664673 2205.9597167969
230.1293488 13957.5791015625
241.0988312 7587.5869140625
242.1500854 3382.7399902344
243.1336823 10025.7509765625
244.0927124 2395.0375976563
258.124054 37862.16796875
272.1737366 5568.3515625
274.1853943 2521.49609375
289.0958557 2412.1728515625
292.1262817 2626.8837890625
300.1708374 13689.3701171875
314.1705322 23447.396484375
325.1877136 2634.3093261719
326.186676 3439.2922363281
370.1410217 5672.611328125
371.2087708 5634.8515625
387.1656189 49104.95703125
388.16922 12777.9111328125
416.6117554 2524.8527832031
427.2534485 2980.5690917969
435.1749573 3385.5642089844
455.2302856 13656.3056640625
456.2281799 3603.2607421875
460.1748657 2400.3969726563
472.2572021 9528.7841796875
483.2203674 3685.1103515625
484.2920227 4516.8647460938
489.272644 3758.8793945313
500.2527161 21201.111328125
568.317627 5691.6616210938
569.309082 3021.5571289063
586.3475342 2852.8525390625
613.3364868 13052.2802734375
620.8447876 3219.4353027344
621.3493042 4167.5126953125
661.3404541 5429.4155273438
662.3447876 3158.9692382813
712.3834839 2651.8481445313
738.3914795 2747.7424316406
789.4001465 4485.1547851563
790.4057007 2860.4260253906
809.4407349 3998.9875488281
917.4622192 20788.494140625
918.4660034 5487.1743164063
926.4946899 3590.6020507813
927.4820557 13383.6103515625
928.4851685 5953.6645507813
967.5068359 3220.4379882813
971.5319214 4195.12890625
1026.574707 4794.6762695313
1030.544922 21666.150390625
1031.556152 5323.2436523438
1143.63916 5512.9204101563
1223.664185 11204.373046875
1240.683594 200532.671875
1241.686523 149898.5625
1242.689087 49321.0859375
1243.68396 14121.1396484375
1254.681641 3121.4155273438
1353.768188 27338.49609375
1354.765869 15175.8525390625
1355.789917 9277.5107421875
1459.215942 3580.8552246094
1466.854004 9908.904296875
1595.833496 3864.5693359375
1596.900635 4846.0727539063
