2304.1264645107 3
159.0918884 8836.6240234375
167.0817871 7931.8999023438
169.0974274 12904.314453125
169.1332245 11011.541015625
171.0755463 12791.3466796875
171.1129608 101310.046875
172.1070862 8314.7705078125
173.0902557 7277.892578125
173.1282043 19276.404296875
175.1186066 32893.88671875
181.0601196 6057.5805664063
183.1122437 11039.66796875
183.1496429 9841.875
185.1279449 7210.1528320313
185.1644135 7502.79296875
186.0879822 10180.7861328125
187.0713806 7907.3666992188
187.0885315 7998.6826171875
187.144104 18006.16015625
189.087204 7953.986328125
197.1283417 41389.9296875
198.0875702 8064.0263671875
199.1801758 17267.7890625
200.1028442 11377.0439453125
201.1235352 43193.3671875
203.0670776 7761.37890625
205.0996857 19710.5390625
206.0376129 5771.2353515625
211.1432953 7855.0952148438
212.102951 9387.8408203125
213.0870209 11284.1943359375
213.1604004 13815.7236328125
214.1186829 6797.8833007813
215.1393738 14962.220703125
215.546814 6579.6630859375
216.0983276 7031.5483398438
217.0823517 15028.1123046875
217.1345978 9967.9765625
224.1402283 6889.3413085938
225.0962219 6728.0078125
226.0827789 16086.5234375
227.1754303 13418.392578125
228.1348267 9947.2802734375
229.1176758 30648.09765625
230.1130219 17457.919921875
233.0966034 11658.0849609375
233.1643219 12297.1748046875
239.1135712 7683.728515625
240.0968933 12445.8046875
240.1341858 12498.298828125
242.150238 47358.59765625
243.109314 77894.953125
249.1611328 8045.1298828125
254.1504059 11262.396484375
255.1456757 8818.9892578125
257.1254883 9804.1220703125
257.1605835 14419.861328125
258.1459045 32242.859375
261.1595764 7293.4790039063
262.0865173 8326.455078125
268.1277161 7472.919921875
268.1672668 8631.423828125
272.1597595 11825.0947265625
275.1713562 13849.0
280.1294556 7648.1142578125
283.1401062 86884.5390625
286.1039124 44104.54296875
288.2023315 9667.806640625
296.1972961 15724.3623046875
297.1572571 10028.7890625
298.1404114 13418.560546875
299.1428833 8760.3701171875
301.1523132 12413.4150390625
302.1165466 11775.240234375
304.1121826 16903.1796875
311.1708374 14910.0126953125
313.1877136 8104.2265625
315.165741 32961.69921875
332.1932068 58013.43359375
333.1927185 10751.1484375
336.1185303 13802.611328125
342.2025757 37373.90625
343.1619568 12978.73828125
349.1505432 13898.212890625
354.1788635 12036.9384765625
356.1932678 51062.05859375
358.1725159 11912.154296875
383.1953735 10889.712890625
384.1917114 8044.2797851563
387.191803 9328.548828125
389.2140808 10476.6904296875
390.1433105 11047.4521484375
393.1281128 8336.0166015625
399.1911926 8847.904296875
403.1644897 9308.841796875
411.23349 9498.8994140625
412.2261963 15947.0888671875
429.2467651 406554.25
430.2507935 92472.0859375
433.1009827 8803.9501953125
441.2745361 13727.9990234375
443.2291565 14008.3603515625
469.2805786 12193.9541015625
470.2280273 13245.716796875
474.2220459 12249.2705078125
500.2839661 106679.625
501.2879333 12893.015625
513.2408447 10776.7255859375
518.2037964 10678.3916015625
522.2700806 13583.9736328125
531.2550659 11074.5986328125
569.2918701 14882.365234375
587.3045044 12274.580078125
593.2692261 8907.12109375
595.2819214 15086.3525390625
606.3050537 12684.2626953125
610.3348389 10822.9619140625
611.314209 46549.703125
628.3302002 66177.2578125
629.3408813 18695.4375
642.2783813 10505.13671875
659.3012695 16649.126953125
663.3120728 10163.55078125
676.3424072 9924.8828125
683.3310547 12034.19140625
684.3319702 11568.021484375
686.3413696 8971.626953125
704.3317261 10279.7275390625
722.3363647 10023.0
734.3718872 14004.3564453125
737.3483276 10460.0888671875
739.3781128 40546.5625
740.3808594 11818.400390625
747.3779907 10661.5498046875
755.37146 12999.181640625
756.3911133 30403.82421875
772.3847656 17688.087890625
790.37854 9931.0009765625
811.3857422 27627.65234375
812.3864746 31526.849609375
813.3893433 11427.2001953125
829.4050903 37062.9453125
830.4127808 12613.4384765625
848.4092407 60118.296875
849.4089966 10741.59765625
857.4508667 52708.66796875
858.4415894 16311.18359375
866.4312134 11076.4873046875
870.4173584 61233.8125
886.4796753 11849.0068359375
899.4829102 14902.3876953125
908.4465332 12747.8681640625
924.4820557 12418.4765625
942.4904175 16396.369140625
943.4968262 14776.564453125
947.4682617 32540.919921875
948.4587402 11886.35546875
983.5131836 16409.392578125
994.4760742 44595.765625
995.4815674 13797.123046875
1000.459473 12782.419921875
1017.481262 76529.8984375
1018.477051 39312.02734375
1025.539551 13479.9638671875
1046.546875 16322.8466796875
1148.540894 28843.77734375
1149.522583 18632.29296875
1150.551147 32517.912109375
1151.535278 16690.5390625
1175.572754 13175.9697265625
1176.582642 18013.283203125
1226.578125 14484.8994140625
1249.560791 65089.80078125
1250.571899 44494.79296875
1251.592529 17698.310546875
1262.672729 14438.384765625
1288.672485 47582.53125
1289.658569 12933.1708984375
1325.661133 12280.638671875
1363.651611 13931.9619140625
1401.743652 17733.1328125
1402.753296 15673.595703125
