961.503047401002 2
70.0660553 113656.3515625
72.08164215 1535959.875
73.08469391 47119.015625
84.08148193 241605.359375
86.09720612 2188985.0
86.10245514 85686.1171875
110.0717773 121222.671875
117.0342255 42823.0703125
119.5696182 44812.06640625
120.0814209 105614.859375
129.1026611 233033.125
130.0867004 78610.703125
147.1131439 238259.109375
150.0968628 49240.44921875
175.1187744 66505.625
181.0743408 45625.5625
185.1649323 1171027.0
186.1685181 110198.3515625
200.1394806 105844.0234375
213.1599426 111127.9453125
215.140625 69459.09375
246.1816101 191960.640625
272.0703735 59109.6875
276.0655518 119592.1953125
290.0808716 77650.3671875
327.5028381 51185.34765625
331.4264832 53588.390625
345.2532654 58049.328125
375.1334839 90346.265625
387.0962219 350901.96875
405.1065369 244881.0625
458.1711121 85394.140625
459.1751404 57793.63671875
460.2730408 66102.3671875
460.6393127 56554.6796875
504.1737671 102691.0390625
505.6908569 56924.81640625
620.3100586 67168.96875
749.3565063 344342.3125
750.3543091 77870.65625
795.8029785 54899.953125
