1888.97015464173 3
130.0857391 12535.794921875
136.0753479 78712.5234375
143.1181946 11533.74609375
147.1128845 24786.69140625
151.2943115 8250.4345703125
153.0767365 22454.29296875
157.0968933 20820.04296875
158.0926514 22273.99609375
167.0813293 13948.9091796875
171.1125031 11484.087890625
173.1283875 11146.326171875
175.1193085 99178.1875
175.1318512 9601.833984375
181.0717316 51928.04296875
181.0967712 15645.8037109375
185.0919189 56837.48828125
185.1651611 148122.171875
197.1280975 13495.1162109375
201.1229858 11880.19921875
209.0918884 11529.7607421875
212.1031952 18285.419921875
213.1600952 57830.03125
215.1390076 16003.8701171875
226.1188965 13284.2109375
230.1134644 15611.1015625
257.1398926 23647.146484375
258.1082153 9414.0751953125
258.1456604 14236.3076171875
283.1420898 18238.31640625
285.1349792 20791.14453125
286.1517944 14740.1767578125
292.1282654 19967.169921875
298.1186218 12955.8876953125
303.1764832 17380.537109375
316.1335754 16352.2734375
328.1387024 23346.736328125
365.1848145 11389.6689453125
369.2209167 12534.009765625
382.1878662 62181.78515625
391.1887817 18855.58203125
432.1846619 13569.083984375
433.7464905 20807.71484375
449.2163696 23327.875
451.1998901 18064.390625
456.2936096 48767.55078125
466.2436523 22785.8125
497.6312866 12042.6396484375
498.2633667 16233.9580078125
499.2706299 13450.80078125
533.3059082 17979.978515625
543.3024292 66747.9765625
559.3012695 13207.5234375
587.2988281 68451.625
588.3047485 17805.2109375
597.2832642 54964.2109375
629.3724365 14954.6103515625
630.2871704 14761.6640625
630.3820801 18546.1796875
631.3878784 25149.537109375
651.3307495 20133.07421875
654.3323364 51956.83984375
655.3341064 12840.125
667.3892822 22179.833984375
684.3157959 118451.0625
685.3214111 76775.046875
710.4337158 61042.859375
711.4282227 14877.46484375
738.4325562 57588.17578125
739.4324951 23243.5234375
763.350769 26212.40625
764.3494873 20999.3515625
765.3487549 24724.7421875
766.3493042 23367.03125
767.4074097 24744.88671875
781.366333 653204.6875
782.3690186 273889.0
783.3706055 205437.125
784.3814087 61220.6171875
835.4550781 47521.8515625
838.4963989 22445.966796875
838.9110718 78660.46875
839.416687 65038.8359375
839.9168091 22335.74609375
866.4907227 97210.7578125
867.4835815 52175.14453125
868.4793701 21780.568359375
894.4508057 57346.4921875
895.4581299 46268.56640625
896.4530029 81829.4375
897.463623 15914.3681640625
934.5221558 17423.171875
967.5338135 188475.34375
968.5363159 81685.1171875
969.536499 14911.69140625
995.5257568 324121.09375
996.5256348 153595.078125
997.5397339 50107.7890625
1023.500671 52767.93359375
1080.609985 27013.7890625
1081.611328 50441.78515625
1108.612671 24421.5625
1912.188477 16407.96875
