1915.0390998409 4
136.0751953 417116.1875
136.08461 62227.5703125
141.1015472 57655.640625
143.1166992 51548.55078125
147.1122894 118355.1875
155.388092 53337.73828125
158.0922852 84798.109375
159.0912628 154113.703125
166.0849915 100640.8984375
170.0597229 83127.8203125
172.1155701 177463.578125
173.0918121 67301.3046875
175.1188507 368414.46875
179.9176788 54419.9296875
183.1492004 76258.375
187.1434784 186614.5625
194.3769379 68605.9609375
197.1283264 100006.8515625
199.1809235 92872.65625
201.0877838 61650.27734375
201.1235809 110704.4609375
215.139389 178233.234375
217.1365662 490662.3125
225.1609344 93580.5703125
231.1239014 131308.90625
240.0979462 68975.7734375
249.1327057 79384.328125
296.1990051 77346.84375
298.1548767 107017.046875
335.1375122 94437.9140625
352.1682739 88045.359375
379.2444763 91888.890625
389.2512817 389814.125
394.8404541 71584.6484375
480.2581787 133963.03125
512.2525024 126287.640625
518.2945557 404310.5625
552.753418 83621.1796875
555.4870605 82789.96875
559.3256836 182503.171875
560.3330688 124891.8359375
576.2926025 166012.265625
584.796814 97801.5234375
598.3540649 283573.75
620.3233643 134345.265625
631.3790283 418192.40625
641.840332 138550.9375
683.31604 97517.40625
699.4180298 94922.4921875
712.3594971 694137.8125
713.3632813 380773.0
714.3670044 102396.2890625
727.4118652 109702.0390625
744.4619141 309986.125
755.5012207 84154.46875
823.7305298 84566.703125
825.4348755 115840.2734375
903.3300171 90890.0078125
977.5037231 95300.9375
1976.088745 111150.8203125
