870.551687416734 2
63.18371964 7456.5014648438
65.8350296 8850.2392578125
66.18711853 7276.6948242188
69.0708313 11705.3984375
70.06607056 111606.46875
72.08158112 72997.71875
74.06077576 34304.5390625
84.04527283 53017.8359375
84.0815506 263445.21875
86.0971756 316976.25
92.02848816 18072.21484375
98.98486328 15100.556640625
101.0717468 34338.7421875
101.1085434 14766.1396484375
102.0556946 19032.033203125
104.0531235 15319.4765625
106.1583481 8313.39453125
110.0716248 97161.515625
112.0870285 11468.9462890625
120.0813675 21556.982421875
129.102478 218572.734375
130.08638 41662.58984375
136.0760956 101984.765625
139.2146759 8562.1376953125
147.1126556 63890.734375
151.7904968 8558.0712890625
175.1194 53090.01953125
175.7776489 9780.39453125
183.1493225 37080.0
199.1809845 40225.6171875
200.141098 10572.28125
221.1289368 37186.046875
222.133606 10326.5283203125
231.5498199 9583.009765625
242.4908905 10519.4970703125
244.1659241 15378.9697265625
258.1451111 12855.921875
269.1071777 37578.91015625
272.171814 39038.28515625
273.0197754 9789.2421875
304.0988464 9775.25390625
327.1381226 9128.04296875
379.1872559 12890.7958984375
416.2618408 13641.822265625
458.2772827 13409.1494140625
544.3187866 13680.16015625
643.387207 50613.51171875
644.385437 21046.7421875
646.3047485 16710.265625
742.4622803 18673.919921875
