1105.59982081804 2
82.89809418 130705.078125
84.04493713 255290.0625
84.08169556 279170.21875
86.09710693 3072677.5
102.0555954 277389.84375
104.4718933 149898.25
119.8345184 140952.859375
120.0812149 1698846.5
129.1028442 165716.953125
130.0870819 139023.78125
131.351181 128542.34375
141.0660553 780787.1875
147.1134186 280677.78125
154.9637909 156109.6875
159.0764923 1349607.875
175.1190338 706233.6875
187.0714874 2631269.75
216.0976105 178949.640625
227.1755829 154187.609375
249.2613678 130418.0859375
255.134201 605590.375
258.7893372 149839.859375
270.1824341 182608.90625
272.1359863 310872.0625
286.1398315 247039.046875
289.162323 282437.875
313.0259705 182174.03125
357.1723022 141618.625
373.1791077 213552.234375
374.9875793 155436.203125
390.2080383 311418.375
537.2043457 163774.28125
537.2789917 2475477.5
538.2794189 593659.75
552.2835083 295168.46875
609.0768433 149674.8125
633.3322754 159703.328125
645.2542725 172273.59375
650.359314 1956761.5
651.3574219 926688.1875
763.4377441 314962.21875
764.4475098 282258.125
820.4649658 2545764.0
821.4629517 1559640.125
822.4609985 269062.75
919.5248413 588886.5625
