16939
2
1328.704404
# +15.9949|* +79.9663|
C=160.030649
1328.70559	0.0000	24.10	0.62	5	20	R.ELLTLDEKDPR.R	F
1328.71032	0.8747	3.02	-1.477	2	22	M.DPGTVATMRKPR.C	F
1328.70692	0.8822	2.84	-1.491	2	20	R.AEAKKWQNTPR.V	F
1328.70291	0.8822	2.84	-1.491	2	26	K.ASRGAQTAAATAPR.I	F
1328.70694	0.8822	2.84	-1.491	2	26	R.ASSGPPAALHAPPR.V	R
1328.69908	0.8822	2.84	-1.491	2	20	R.M#KVQELQSPPR.A	F
1328.69908	0.8822	2.84	-1.491	2	20	-.MVQSELQLQPR.A	F
1328.70291	0.8822	2.84	-1.491	2	22	-.SKRAQNSSTPPR.W	R
1328.70289	0.8822	2.84	-1.491	2	24	K.TAAAASEKNRGPR.K	F
1328.71031	0.8979	2.46	-1.531	2	24	R.AMGTVREAAGLPR.C	F
