1426.81652707227 2
101.0713806 161799.90625
102.0555573 250969.75
104.0527954 37181.4453125
110.071846 45286.8984375
120.0811844 761605.75
129.0658569 70537.078125
129.1025085 183437.421875
130.065506 37311.04296875
130.0865173 174077.75
136.0758209 616864.125
143.1180115 34695.75390625
147.1124268 315280.625
157.1337891 174120.671875
159.0912323 297289.125
167.0817261 205076.90625
169.0978699 84810.96875
172.1069946 42658.625
173.0912933 35885.7421875
173.12883 166736.921875
175.1192169 160814.328125
177.1019592 65482.87890625
183.1127167 61366.3515625
183.1493683 66178.1796875
185.0553741 35244.44140625
185.0921936 159783.484375
185.1287231 455913.375
187.1445465 203183.40625
199.180603 204135.265625
200.1027527 150045.546875
201.1238861 373961.375
205.0974426 77895.7109375
211.1448669 78907.5859375
212.1036072 60692.53515625
215.1391296 203819.109375
217.0823364 50681.3046875
218.1500854 81869.4609375
221.0920258 41719.75390625
226.0816193 41410.03515625
227.1754456 281668.375
228.1331024 47719.1015625
229.118515 182308.21875
230.1144257 81487.03125
233.094696 65827.71875
233.1635132 60422.0703125
239.1737518 42747.55078125
240.0980225 63278.1015625
241.0809479 67075.21875
243.0794983 42845.04296875
243.1328278 42312.109375
244.0931091 69207.2265625
245.1270905 43938.69140625
249.1591492 60839.1171875
253.1916962 81073.1015625
258.1078796 82876.125
280.1286621 149155.96875
280.1622925 42238.1640625
284.1962585 59651.390625
298.1399841 347252.375
298.1783447 70236.9296875
298.2119141 524202.6875
299.14151 51430.7890625
299.2134705 70359.5390625
306.1553955 36971.63671875
311.1703186 43127.11328125
313.190979 41434.1015625
316.1500854 833484.5
317.1520386 72928.328125
329.1826782 128327.2109375
332.1265869 38563.62109375
342.2027893 56545.9453125
342.6990967 35722.57421875
345.1406555 140509.0
346.1440735 41268.921875
347.2295227 46053.93359375
368.1621704 58543.66796875
369.1443481 49761.9921875
370.2440796 77309.1875
371.2296143 84429.8828125
383.2294006 41375.44921875
383.3049622 46287.58984375
386.1823425 82205.9765625
387.1893311 71730.4453125
397.2823792 46995.91796875
401.2383423 154175.75
405.1863708 38254.58203125
407.7408142 39355.1015625
411.2226563 68992.1875
411.2971802 79766.1875
427.1271667 43784.94140625
429.233429 218529.84375
444.2441406 60718.74609375
478.2385254 54030.51171875
496.3176575 40667.83203125
500.2728577 47400.90625
501.2749939 49222.1015625
516.2333374 53681.953125
517.2976074 48976.046875
537.2720337 38620.5
555.2764893 221147.59375
556.2758179 45718.62109375
574.3553467 63269.55078125
604.3334961 262332.03125
605.3314209 61341.83984375
619.217041 54662.92578125
626.3099365 46791.19921875
668.3575439 78702.765625
677.3251953 77868.484375
678.322998 42741.78515625
717.4203491 37266.7734375
737.4174194 58007.01171875
739.399292 41471.42578125
763.3706055 44475.06640625
790.411377 73048.8828125
814.46698 698567.1875
815.4696045 306354.78125
885.5043945 449507.71875
886.4953613 228880.375
916.4660645 774521.8125
917.4700928 479768.34375
918.4650269 178266.828125
977.4872437 44441.3203125
982.0184326 56232.4296875
998.5586548 43136.34765625
1014.949341 45282.4453125
1015.524048 61886.0859375
1016.519714 59586.59375
1183.689575 45996.8671875
1214.54126 41649.0078125
