1654.82556429389 2
115.0868301 3160.1672363281
116.0704651 2576.50390625
120.0811996 50146.54296875
121.0846176 2270.4140625
129.0660553 4863.763671875
129.1019897 19712.88671875
130.0861053 7065.4248046875
130.094986 1958.8150634766
131.1176605 13996.4921875
136.0680695 2082.7221679688
136.0759583 39074.19921875
137.0796661 2372.53515625
141.1021729 5140.9809570313
143.1177673 5380.6083984375
147.112442 19867.076171875
155.0822906 2212.6647949219
157.0973816 3422.3959960938
158.0925293 5173.396484375
159.0918274 5360.0859375
169.0974579 4002.4819335938
169.1341705 11513.5869140625
171.0765991 2983.126953125
171.112793 5487.009765625
171.1492462 11831.9677734375
173.1288757 3996.5114746094
175.1189575 17675.240234375
181.0618134 2985.7946777344
183.1133118 6190.2915039063
183.1494293 5157.6586914063
185.0915985 5423.251953125
185.1291809 2608.8383789063
185.1656494 4332.3969726563
186.0875092 7845.2836914063
187.0713959 3070.8601074219
187.1436005 2676.7827148438
189.0692139 3682.7531738281
189.0864563 3907.8337402344
191.1157837 2651.1330566406
195.0764465 2821.0915527344
197.1282959 13246.0849609375
199.0708771 4022.912109375
199.1075134 5795.3598632813
199.1805725 3355.7312011719
201.1237946 60179.9453125
202.1260376 3890.8049316406
206.0965576 3016.3017578125
207.1131897 3468.8935546875
208.0983582 6354.5034179688
211.1440125 4874.20703125
212.1039429 4860.82421875
213.0871277 14569.3662109375
213.1594543 4314.7177734375
214.1191101 3083.0510253906
215.0852509 4898.4243164063
215.1396332 5882.828125
217.0819244 20769.029296875
217.1366272 7119.7685546875
225.1235809 15103.458984375
226.0827026 3862.9440917969
226.1188202 2972.1450195313
226.155014 13998.0517578125
227.1024933 6881.5517578125
228.1348419 7386.52734375
229.1181793 25268.732421875
230.0784607 3054.5476074219
230.1143494 2534.3891601563
233.1654358 2955.5173339844
235.1071472 3015.6467285156
240.0983887 4388.6987304688
241.0810699 3705.6577148438
241.1322021 2607.0739746094
242.1499176 39945.91015625
243.133316 4287.61328125
243.1550446 4828.7670898438
244.165863 37227.8515625
245.1311798 11804.4208984375
251.1049805 3486.0642089844
258.1086426 14286.7158203125
258.1451111 5631.2475585938
260.1070862 6016.4311523438
261.1589355 5739.490234375
262.1190186 12083.7861328125
270.1107483 3743.5903320313
271.1775818 3035.3596191406
273.7142334 2884.3959960938
279.0978394 6375.3940429688
283.143158 5060.1083984375
284.1257019 3154.7072753906
285.1558533 4015.6215820313
288.1191711 14387.9677734375
298.1398926 15547.998046875
299.1715698 6817.318359375
302.1547546 4980.8056640625
310.2124634 3653.6435546875
312.1534729 5652.2666015625
313.1514282 2874.1123046875
313.1870117 3451.9189453125
315.131897 4616.0805664063
316.1644592 3039.2431640625
317.1282349 14776.951171875
328.1677551 5590.6010742188
334.137146 3713.919921875
339.1662598 4536.5966796875
341.2205505 4329.8706054688
344.1271362 5091.4326171875
344.1991272 3703.6083984375
349.1757507 5612.7763671875
350.1346436 4607.1098632813
357.1794128 4918.880859375
357.2514954 12421.5625
372.1803589 3346.3503417969
375.2022705 14324.48046875
385.1953735 3632.7875976563
390.2026978 11982.185546875
396.1936035 3301.8315429688
402.2184448 7360.5361328125
415.1472778 16066.4072265625
427.1851807 3909.7158203125
428.2174377 3538.9404296875
431.2187195 2848.9362792969
449.2077332 5031.4462890625
450.203949 4698.8950195313
456.3236084 3907.6481933594
476.1696777 3420.2817382813
482.259552 3382.1181640625
491.2483826 23912.30859375
492.2509155 3185.9584960938
496.2423096 7057.4584960938
499.2542419 4204.9926757813
514.3057861 3961.4833984375
515.3035889 6007.2944335938
527.3598022 3734.3969726563
537.3156128 3694.7944335938
542.7091064 3436.7160644531
587.2912598 4487.5522460938
596.2717896 5837.435546875
604.3326416 14631.8154296875
620.302063 4313.9663085938
630.3963623 4899.7958984375
659.3006592 13305.611328125
661.3305054 4203.9482421875
665.2977905 4514.8037109375
719.3583984 15474.908203125
753.4528809 18857.14453125
759.4484863 5036.4233398438
774.3379517 7573.7124023438
829.4801636 23282.240234375
865.4017944 5128.5708007813
882.4244385 18927.728515625
883.4233398 6036.6088867188
887.4101563 4965.0668945313
888.4664917 15712.5166015625
907.4899292 3649.49609375
948.4517212 4162.5756835938
952.5151367 5375.80078125
953.5249634 5721.7177734375
981.4862671 13812.0234375
987.5476685 14555.8447265625
989.5133667 4802.16015625
997.5718994 17002.078125
998.5823364 5125.7524414063
1000.503662 6342.56640625
1058.583008 17995.205078125
1059.582031 4684.24609375
1077.552368 4774.77734375
1094.571045 13729.3193359375
1095.577881 5467.0849609375
1129.601685 14392.7216796875
1130.614868 4829.9370117188
1158.588257 4006.2958984375
1200.649536 13766.8134765625
1225.618164 17476.48046875
1226.631958 7328.740234375
1271.701172 7115.3149414063
1314.62207 13506.287109375
1315.63147 13177.3388671875
1413.706299 6935.126953125
1415.743896 4791.5922851563
1457.756226 7143.4497070313
