1574.86333623354 2
120.0807419 163914.140625
122.729805 23549.837890625
129.1020203 173548.515625
129.8569794 28130.76171875
130.0862274 56266.41796875
133.9001007 30900.642578125
136.0752563 72193.8046875
145.1100006 23541.5546875
147.1125641 180336.453125
153.3302002 26440.66015625
157.0971069 42147.90234375
168.3358765 25957.591796875
171.0758667 31921.25390625
173.1277924 31645.822265625
187.1079865 74495.8515625
187.1434479 73723.7421875
198.0876617 149249.296875
199.1803284 75972.3359375
201.1237488 49759.57421875
213.1233826 176933.453125
215.102005 85366.4453125
215.1386261 77149.8125
216.0979614 66630.0625
227.1022797 75034.1171875
244.0927734 91527.3984375
260.1968689 154202.75
268.1661377 40809.7109375
296.1610413 310037.96875
296.191864 36315.65234375
297.1639709 59789.8203125
298.1767883 160833.40625
311.1723022 57995.56640625
313.1138611 228604.875
314.1702881 295279.96875
315.172699 42712.68359375
316.18573 60849.80078125
317.2192383 44410.66015625
331.1257935 48415.5234375
343.1617432 60513.1796875
355.1614685 49023.7265625
361.245575 246153.640625
385.1692505 47363.75390625
394.1695557 52133.0546875
409.245575 248926.015625
411.2267761 43582.1796875
412.1847229 255537.53125
426.1994629 85539.2265625
427.2573242 93297.078125
444.2095032 39631.47265625
446.2982788 235324.75
456.2120972 52966.04296875
510.2915955 267924.1875
528.3082275 93132.7890625
575.3793335 70095.40625
632.4112549 53792.6171875
787.5043335 430778.3125
788.4954834 209243.21875
818.4637451 175462.359375
919.5022583 333014.59375
920.5180664 67140.96875
1032.596313 401282.46875
1033.598022 163807.875
1232.716431 73803.5
