1381.75318150371 2
101.0715179 707.610168457
104.125824 789.6234741211
104.7919846 737.3184204102
112.0874557 968.5722045898
118.2099152 773.9697875977
129.0665894 846.6146850586
129.1025696 3950.7971191406
158.0922546 1056.9735107422
171.1493378 17752.29296875
172.0715637 4404.9477539063
172.152771 1055.1820068359
175.118927 11707.9326171875
184.0714569 967.432434082
199.1441956 8077.8657226563
200.103653 809.874206543
210.0798035 3203.6108398438
214.1192627 1384.6789550781
215.1147919 1109.4261474609
225.1590881 897.3495483398
226.0820465 1427.1590576172
243.109314 10462.1572265625
257.1242676 945.4653930664
263.2608337 849.2142333984
271.1383057 1716.4739990234
297.1194153 3116.0056152344
297.1533813 2209.7236328125
299.1357422 860.9005126953
313.1858826 1505.9927978516
314.1457825 4293.4677734375
314.1821594 1541.2194824219
325.1500244 2912.5200195313
340.1607666 1187.8195800781
342.1772766 4934.4584960938
368.1557922 1263.0377197266
370.2078857 1318.4145507813
389.201355 901.4704589844
396.1837463 1572.1654052734
396.2288818 1269.5194091797
397.1871948 864.6156616211
410.2397766 3758.2521972656
432.5154419 1011.3646240234
441.2469788 1101.4372558594
468.219696 1026.5655517578
487.2992249 3017.3813476563
493.0742188 800.5020141602
524.3226929 1156.0847167969
567.3226929 3528.3732910156
584.3521118 27824.42578125
585.3533936 8129.4814453125
592.3109741 4808.3793945313
592.8169556 927.2577514648
593.3130493 908.8304443359
628.3417969 5094.6840820313
647.3414307 4544.4409179688
690.3583984 16190.9453125
691.3792114 18871.173828125
691.8770142 2975.5161132813
692.2994995 7285.1044921875
712.4066772 3657.5310058594
713.4112549 939.5946655273
799.4423828 14445.03125
800.4446411 6289.5454101563
870.4772339 17525.916015625
871.4821167 5892.638671875
872.4761963 1195.0720214844
924.4889526 1480.0686035156
941.3443604 1176.3244628906
941.515564 17958.37109375
942.5168457 10017.75390625
943.5131226 966.8809204102
1012.54126 4529.4477539063
1013.545105 1481.0435791016
1069.572632 8351.1083984375
1070.568726 3765.1818847656
1071.554688 1220.0626220703
1166.581177 1649.2977294922
1167.585449 1096.0762939453
1183.62439 11494.8447265625
1184.616333 5422.3291015625
1185.592651 1234.2945556641
1332.89502 1124.2508544922
