1357.60338703024 2
101.0714798 57721.0703125
102.0556183 59219.66796875
110.0716782 37085.64453125
112.2844009 8080.1416015625
117.0665741 7830.2607421875
119.0817642 41967.43359375
129.1025391 91333.546875
130.0863647 17888.23828125
136.0756073 18291.6953125
147.1125336 62167.39453125
155.0813446 38570.28125
158.0930481 16269.3974609375
159.9243469 8907.5966796875
160.0431976 9846.9541015625
171.1130676 20671.392578125
173.0922699 153550.75
175.1190338 71372.859375
197.1292725 20878.955078125
200.1418457 11495.6748046875
201.0869293 219752.84375
202.0910187 19384.2421875
214.3410339 9494.2626953125
215.1383667 12933.384765625
216.04245 41568.29296875
216.0983582 20075.357421875
225.1235046 11654.681640625
226.1555481 49749.45703125
227.0489502 10421.44140625
228.1360474 22106.7890625
230.1144714 10892.62109375
241.0811615 14863.5
242.1118622 10784.8359375
244.1657867 192953.71875
255.1084442 12999.5048828125
279.1340637 13759.8447265625
301.0579529 19993.375
304.1622314 31357.166015625
314.1722412 14565.8798828125
343.2331848 19185.875
351.1978455 12372.77734375
368.6191711 8787.4609375
412.0892334 53877.953125
430.1004028 37019.13671875
465.754425 18424.666015625
493.2184448 14521.1728515625
532.5648193 10899.1572265625
546.2919312 15652.5908203125
587.2970581 14962.19921875
639.2103882 11808.8759765625
643.2857666 80213.8828125
644.2891846 21947.935546875
678.3533936 85172.5078125
679.355957 21999.71875
680.328186 146027.984375
680.8312988 11244.1904296875
754.3134155 21602.28125
772.3330688 15876.546875
773.3195801 10855.947265625
796.3135376 13436.91015625
883.3629761 18922.55078125
987.3967896 14892.5166015625
1044.429932 42244.8515625
1045.4375 21063.626953125
1056.482544 13496.4501953125
1094.464478 11840.9052734375
1095.49585 11718.4169921875
