1095.51114931964 2
80.866745 86747.0078125
84.04518127 996606.0
84.08163452 511911.25
86.09712982 1859230.0
92.02931213 114685.40625
99.03699493 96925.6796875
102.0554886 1287245.25
112.0872726 108304.890625
113.0712967 215287.421875
120.0810776 1343245.875
129.0663757 335703.1875
129.1024475 1197029.0
130.0652771 145560.703125
130.0869598 90929.0859375
136.075943 1083437.75
138.2139587 84581.59375
141.0653076 166970.71875
157.0974426 223773.546875
158.0926361 376514.40625
159.092041 837047.9375
161.0748596 106880.6171875
170.1194763 90603.3515625
175.1190948 1186350.125
184.1092987 117290.328125
186.0915985 108936.3984375
186.1221008 110666.4453125
197.1286774 1185824.75
198.1323547 147850.625
199.0717316 92526.2109375
209.0923767 436166.25
215.1391907 1357490.75
217.0821838 196277.875
225.1244965 330940.9375
226.1188812 163805.90625
227.1020813 295221.625
229.1311035 104675.9375
231.1133881 151640.859375
241.0829163 210759.953125
246.1558533 630873.375
249.1240692 436510.8125
259.0898743 147300.328125
259.1335144 98565.6953125
322.1563721 105468.921875
354.1686707 175146.609375
359.2397156 141808.234375
360.8881531 101121.84375
387.6936035 89448.46875
392.1920776 122795.3671875
407.6977844 105025.546875
409.2206726 903779.125
410.2215576 110472.6484375
413.1818542 124029.9765625
487.2985229 206996.515625
529.3106079 157035.234375
534.5291138 120654.4765625
547.3015137 145732.59375
595.296936 896358.5
596.3007813 413889.90625
600.3829346 196484.9375
706.3241577 114750.390625
724.3397217 643401.8125
725.3395996 194290.5625
816.4559326 192134.671875
817.4494629 116645.7578125
835.3672485 127854.1875
853.3874512 756794.125
854.3877563 419075.6875
