1301.64282369157 2
99.67341614 688.3910522461
100.6660919 585.0621948242
129.1027222 8221.0810546875
152.0571442 873.7634277344
157.0975647 929.9840087891
175.1196442 1155.73046875
185.0926361 862.9547119141
210.0801239 719.5323486328
287.0045166 680.5879516602
294.666626 816.9672851563
296.1261902 1242.6417236328
372.2246094 930.5567016602
387.1296387 755.2280273438
441.2124329 825.1565551758
442.2780457 910.7139892578
551.7562866 1124.1245117188
552.2633667 1221.6302490234
552.7579956 1070.5595703125
587.3273315 996.8147583008
651.3262939 4059.9057617188
652.3158569 1521.4956054688
718.3453979 3231.5256347656
726.8828125 754.1578979492
789.3768311 3266.2741699219
1005.450989 3905.9753417969
1102.506836 4644.6791992188
1103.505005 3073.7583007813
1104.536865 1158.4703369141
1153.803833 872.2739868164
