850.408172210284 2
60.04528427 30407.306640625
60.05655289 23127.251953125
62.65122223 18870.78125
70.06594849 151851.015625
72.08156586 168157.703125
74.06066895 33767.0703125
75.87779236 21421.44140625
80.4920578 21647.18359375
84.04514313 35674.7734375
84.08145142 188224.296875
86.09701538 1089263.375
87.10047913 45373.05859375
102.055336 47723.0703125
104.0535278 20547.375
110.0715942 128362.4375
115.0868759 20985.201171875
120.0808334 95426.328125
129.1025543 171049.609375
130.0862732 93207.0234375
142.122818 35824.56640625
147.1130676 94560.796875
155.0801849 19208.8203125
155.118454 19423.34375
173.1294098 139940.890625
175.1186371 147779.140625
187.1434479 23355.712890625
201.1233063 115207.890625
207.951355 22092.384765625
285.1341553 43147.2734375
535.2628174 112257.234375
563.300354 34682.5546875
580.7641602 20784.791015625
636.2714233 31196.3828125
650.284729 40591.5390625
656.2655029 28883.203125
737.3164063 86776.9296875
