1560.80121101829 2
115.0865707 128308.9453125
120.0740509 93303.75
120.0810852 1454278.75
124.8630066 56238.4921875
127.4422607 56712.69921875
129.1023102 84961.4375
136.0759583 93298.09375
147.1136322 55173.9765625
159.355545 68789.671875
172.4440613 76122.34375
175.1186371 195691.015625
177.1018982 173265.0625
183.1490479 87692.328125
198.1237488 194713.140625
205.0970764 97875.5703125
215.102066 175977.75
226.1186981 349281.1875
227.1203156 88007.265625
232.1404114 124206.3203125
242.1154327 80914.1484375
244.0934143 150800.296875
262.1192627 166223.53125
278.766449 96367.5
331.6715698 105832.984375
333.1862793 146697.359375
341.1447754 219306.125
353.8536072 89974.5546875
358.1736755 97610.9296875
358.5552063 88622.0625
381.1893005 124226.109375
388.0707092 89456.21875
446.2719421 199754.578125
469.2033081 126478.953125
517.3114624 206615.671875
551.2435303 116040.6796875
591.8157349 417548.09375
600.3262939 628292.0625
600.8275757 362393.8125
618.3571167 863257.4375
619.3652344 365119.0625
724.0977783 105371.28125
731.4425049 755405.6875
859.5030518 631168.0625
860.50177 177312.1875
958.2244873 115032.984375
974.52771 1157924.75
975.5259399 638222.0
1031.237915 131436.703125
1085.568359 358985.78125
1102.58667 418424.75
1103.590698 144669.078125
1199.637451 961325.5625
1200.641968 416273.5625
1296.060425 132580.34375
1533.70752 133771.125
