1579.83097763993 3
110.0713348 39779.11328125
119.8157883 22398.9375
126.0544662 26293.982421875
127.0865326 28840.705078125
129.0662537 35815.83984375
129.102478 422103.9375
130.0862122 50027.25390625
135.1812286 27066.91015625
136.0752258 42835.1484375
143.118042 78884.859375
145.9442291 23940.552734375
146.8674469 28494.14453125
147.112381 64907.984375
153.0652008 46906.30859375
155.0813293 230377.5625
167.1184692 32229.0703125
168.6720581 28755.8828125
169.1332703 173268.21875
173.0921021 203762.15625
175.1188812 56004.44140625
183.0763855 190936.0
185.1645355 61101.15625
195.1127014 73246.140625
197.128479 90308.09375
198.0876312 64476.12890625
201.087738 40734.609375
206.5716248 29278.03125
216.0979156 142941.265625
226.1554413 179360.3125
240.1344147 149528.921875
241.0808868 43381.234375
241.1030731 28912.986328125
242.1508636 63012.984375
242.2942963 29509.876953125
244.1661987 522120.1875
245.1696167 44294.43359375
255.1501617 33654.69140625
258.1089478 38831.6328125
294.1813049 189230.6875
298.7380066 36558.87109375
306.6630249 34557.53125
335.1361084 236422.421875
372.2604675 162876.40625
379.2711487 60223.765625
380.1540527 51399.35546875
381.1460571 37420.390625
398.1670837 37962.17578125
407.2651062 84216.53125
528.3032837 163946.828125
534.3087158 207608.984375
574.3334961 74729.1484375
582.8352661 337788.75
583.340332 362844.75
583.8391113 61502.03125
630.3503418 58351.125
631.350708 53968.74609375
724.3857422 69800.28125
741.3775635 83600.328125
758.3964844 102044.453125
760.4047852 51323.5546875
871.4942017 206867.671875
872.4827271 46934.4296875
921.5013428 85939.171875
1067.613647 217391.21875
1068.61084 58423.4609375
1232.606079 47437.27734375
1487.002441 48000.00390625
