1066.55358496161 2
75.49965668 140713.1875
84.04501343 809357.3125
84.08166504 278616.3125
86.09719849 7578357.5
87.29312134 162972.640625
96.87175751 165234.671875
98.27566528 165590.28125
101.0715103 162370.171875
102.0555267 1418617.375
111.5481186 163838.5
118.9057465 169531.671875
120.0811844 802417.125
129.1029053 220570.09375
136.075592 279191.0
155.1181793 218130.96875
173.1284637 1312707.125
175.1192627 1140428.625
183.1132355 855742.0
189.0866394 414027.5
199.0714111 330726.875
201.1236267 895649.3125
209.0913544 181827.1875
216.0982056 372404.5
217.0814362 195408.234375
322.1862488 269136.0
345.2241821 271881.78125
370.5913391 183148.328125
409.2185974 913163.75
522.3047485 681584.6875
650.359436 300544.46875
737.3974609 1653014.75
738.3895874 361938.75
866.4306641 774808.0625
867.4420776 330904.53125
935.4423218 206269.921875
953.4659424 824515.6875
954.46521 752162.375
1014.037659 220109.65625
