2143.02925914399 3
156.0766449 12486.4091796875
158.0917053 16165.7509765625
159.08992 9201.7177734375
171.1114044 9963.474609375
173.1281281 8405.904296875
175.1182098 69400.5390625
181.0585938 13629.537109375
181.0968933 21300.830078125
183.1134033 10039.0986328125
186.5620728 8061.2758789063
187.1074066 15467.37890625
187.1443787 14401.6005859375
195.0760345 10961.9208984375
201.1229401 47054.54296875
207.1133118 12942.7744140625
211.1445923 11818.794921875
216.0980225 20079.357421875
216.134613 15821.51953125
217.1334991 11624.9248046875
218.1493378 15389.8251953125
229.1184845 14427.0458984375
230.0766754 16180.7578125
232.0770111 9602.2314453125
234.1448212 123738.828125
235.1474915 16348.435546875
239.1497192 18125.400390625
240.1344147 19778.779296875
242.1494446 29231.869140625
249.15802 9997.9619140625
257.1233521 13314.8984375
257.1602478 12535.3896484375
263.1018677 25000.310546875
282.180603 17571.689453125
285.1556396 66468.125
292.1277161 82997.0390625
312.1213074 14261.9697265625
329.1515503 19713.671875
334.1395264 61612.69140625
347.228363 52509.28125
357.1776123 22158.4609375
384.2239685 52460.70703125
394.2018738 20417.61328125
421.170105 16917.486328125
428.2228699 13856.2412109375
429.2906799 52080.6875
457.1726379 14336.0654296875
458.3378601 14007.029296875
459.1862488 17266.619140625
462.2541809 58786.62109375
471.2935486 24263.3359375
486.7424622 29495.853515625
542.3911743 14794.5791015625
573.2295532 47971.01953125
574.2194824 20290.294921875
586.3178101 25977.9453125
600.3851929 24348.76953125
609.3226929 57618.23828125
610.3240356 15175.1328125
671.4197388 152846.796875
672.4241943 64436.0859375
680.3659668 81602.5546875
681.3690186 20169.171875
697.401001 86164.2265625
698.3905029 25951.390625
700.3641357 22892.939453125
714.4250488 756676.0625
715.4220581 594424.5625
716.4313354 144264.296875
769.3682861 16473.38671875
787.3903198 23650.251953125
788.3998413 16710.263671875
801.3851318 25227.685546875
802.3776855 26211.560546875
809.4060669 92982.5
810.4104614 23566.634765625
920.4353638 84595.484375
921.4365845 25863.83984375
937.4707031 18523.44140625
960.4711304 17176.328125
972.4796753 21452.935546875
999.5152588 24778.84765625
1026.49231 26507.71484375
1043.505981 57785.8828125
1044.545898 15271.9638671875
1100.526978 19637.1171875
1101.52478 44992.6640625
1229.578003 26811.8671875
1694.991821 17230.482421875
