805.412104805438 2
60.04534912 49970.66796875
61.01176453 32025.73828125
69.07059479 127580.9140625
70.02957153 301205.0625
70.06595612 490206.0
72.07788086 62316.75
72.08163452 1149639.125
73.08498383 54742.26953125
84.04509735 234881.0625
84.07659149 61517.4140625
84.08149719 1226802.125
85.08468628 70320.46875
86.09713745 4503972.0
87.1003952 222774.125
88.03996277 1975747.5
89.04335785 58045.26953125
92.02739716 38619.1796875
96.04566193 38715.84375
98.02442932 67627.53125
99.05591583 65817.15625
101.0713501 66871.2109375
101.1081161 49793.24609375
102.0554352 54318.15625
104.0533447 671675.8125
110.071846 530728.4375
112.0875015 41315.56640625
113.0709991 34788.6953125
113.1079559 71302.2734375
115.0872498 49840.3125
116.0712128 39521.125
120.0813828 299804.375
127.086998 261210.484375
129.0926056 47771.38671875
129.1024475 1288651.75
130.0660095 39729.08984375
130.0865326 1129662.25
131.0898438 149327.59375
132.0810089 66750.1171875
136.0757751 230357.890625
140.0339966 43119.7109375
141.0661926 194990.90625
141.1024323 808181.5
142.049942 38990.7734375
143.0451965 252521.515625
143.1185913 46067.5390625
147.1130066 2249519.0
148.116333 79488.40625
158.0452118 36332.56640625
158.0927887 54918.3046875
159.0767365 375129.0625
159.0918732 288576.6875
159.1125946 45756.78125
166.0615997 76076.15625
167.0456085 209632.515625
170.0605927 61799.89453125
171.1127167 67421.6171875
172.1154938 75308.8515625
175.0906067 358249.84375
175.1190796 747240.625
185.0558624 3137928.5
185.1645508 53609.97265625
186.0591888 364044.46875
187.071991 72040.546875
187.0870667 141496.90625
187.1079254 470853.5625
188.1114655 82163.9453125
192.9986877 489567.46875
197.0559998 43969.79296875
199.1437836 44535.89453125
199.1808167 355294.3125
201.1236267 50641.6953125
203.06633 1441526.875
203.0852661 998050.875
204.0700226 48576.75
204.0873413 54714.9765625
210.0249634 393168.53125
213.0503693 44268.2890625
215.1030579 62960.01171875
217.1370392 337675.4375
223.1554413 69789.84375
227.1762238 138127.0
231.0613708 1356931.875
231.0830231 63246.80859375
232.0643005 76724.515625
235.1439362 32998.72265625
238.0820923 62317.54296875
242.1861725 197585.71875
244.1661224 59534.90234375
245.1319275 356262.0625
251.1502838 281162.84375
256.092926 75857.7109375
260.1970215 1398865.125
261.200531 196007.453125
267.0609436 175938.1875
271.1484375 136264.046875
272.1762695 127035.375
273.1182556 127678.015625
274.1022949 52571.07421875
280.093689 219937.9375
284.0867004 130710.0546875
301.1868286 82600.65625
302.0986633 596104.5
303.1020203 49387.75390625
316.1691895 713005.125
317.1716309 138937.84375
318.111084 289611.75
329.1897888 35372.86328125
339.130127 258571.875
358.2150574 58619.1484375
364.1916809 42595.1171875
364.2352295 208456.171875
373.2809143 531939.6875
374.2835083 81257.984375
376.2363892 39773.78125
376.7250977 68911.7890625
389.2145386 218030.359375
390.2200623 45239.1328125
398.0969543 46140.40234375
431.1940002 37128.16015625
504.2407227 416128.125
504.3217468 421707.0
505.2433167 148040.78125
505.3243713 160093.8125
575.3587036 474470.3125
576.3569946 119024.8359375
577.3535767 45742.67578125
690.3168335 164216.625
