1808.95826011633 3
129.1021423 258442.125
130.0857849 114057.7890625
131.0900116 81390.6484375
133.0429535 257017.0625
136.06633 175014.90625
136.0758362 3156669.25
137.0790558 134242.890625
145.6823578 87991.3671875
147.1123047 463786.875
151.5023193 90470.3046875
151.8369598 74532.4296875
153.8673706 78113.09375
158.9194489 91389.96875
161.0375366 140272.171875
163.0145111 84513.7265625
171.0589752 122648.09375
171.112854 221867.046875
173.0741272 161601.078125
181.0956573 124643.3125
183.1492767 1167708.125
187.1438751 227936.609375
193.0978241 128668.1875
199.0532227 597729.25
199.1076508 154886.734375
203.074585 108383.828125
211.1439972 267017.9375
215.139267 463393.5
216.0803375 3147466.75
216.0984955 177539.34375
216.1430206 130659.8515625
217.0811768 165970.125
219.3197784 98997.0390625
225.0991669 440696.625
248.1394196 159098.4375
249.1222687 107695.9296875
249.1607056 156862.03125
255.66008 112122.375
258.1452332 622080.8125
264.083374 718203.75
266.0777893 152222.578125
276.1321716 205125.890625
276.1585388 201639.890625
277.1563416 187050.078125
294.1809692 693973.5625
296.1940308 134226.4375
305.1357422 526578.25
312.1912537 545907.6875
328.1668091 172624.375
335.1464844 184773.203125
353.1567688 685643.625
378.2028503 614751.6875
379.2044678 163291.234375
381.750885 136567.140625
389.239563 526548.3125
426.2759399 140952.03125
441.2492065 464398.71875
472.2302246 164538.78125
474.2366943 493761.90625
479.7890015 227943.4375
500.2269592 942441.6875
501.2279663 165887.859375
552.3009033 616288.0625
560.3512573 159482.984375
569.3106689 158556.0625
581.538147 133362.03125
585.3392334 202469.328125
613.31073 185998.0
618.2737427 144072.125
621.3047485 135913.40625
652.3221436 282118.34375
665.3873291 219182.1875
670.3311157 1322876.0
671.3342896 212594.640625
716.3738403 175866.15625
766.4294434 849940.1875
767.4347534 208963.671875
805.3948975 203188.03125
817.4232178 245189.734375
833.3942871 533879.5
834.3947144 173616.453125
914.4840698 971852.625
915.4829102 818717.0625
976.5771484 750744.0
977.5836182 515413.8125
983.3106079 151339.546875
