1301.66422898049 3
91.05511475 38514.0
93.04547882 11796.712890625
93.07072449 6215.630859375
95.04963684 7180.9692382813
98.06070709 7762.251953125
100.0758743 8089.75
100.1128845 46848.421875
101.0715561 71460.359375
102.0554504 39814.3125
103.0547714 86869.953125
104.0531845 6870.603515625
105.565155 5221.7163085938
108.4741364 5094.8012695313
110.0717697 394029.46875
111.074852 8767.2119140625
111.0920105 7470.525390625
112.0872726 9188.1669921875
115.0869141 33766.3046875
116.0708313 27778.783203125
117.1034393 5722.3745117188
120.0811996 1175835.875
121.0845566 94372.65625
126.0555878 5565.73828125
127.0869446 25450.98046875
128.0819855 8897.0537109375
129.0665741 39167.6953125
129.1025696 286716.96875
130.0656891 24392.03515625
130.0866547 174130.90625
130.1060944 10869.6494140625
131.090271 5348.6108398438
131.1180115 10187.548828125
133.0433044 8466.9931640625
136.0758667 125784.8515625
137.0271301 6475.4638671875
137.079422 6311.9360351563
138.0661621 8491.8671875
139.0866852 6566.8461914063
141.0657349 7466.3969726563
141.1023865 13224.2353515625
143.1182556 34131.921875
145.0970001 7015.1235351563
147.1129303 200971.265625
152.0705566 6962.7573242188
153.1022339 8305.5869140625
155.0816803 47726.640625
155.1181183 10577.9189453125
156.0761566 7303.3999023438
157.0975647 21845.94140625
157.133728 29364.099609375
158.092804 34546.01171875
159.0770111 4716.9653320313
159.0923462 31860.48828125
165.102066 8977.7451171875
166.0618591 6070.1064453125
167.0810242 11326.9169921875
169.0976715 8414.607421875
169.1338196 34962.87109375
170.0590668 8597.0537109375
171.1130371 10601.80078125
172.0763245 6878.3579101563
173.092453 31528.087890625
173.1286163 47968.875
175.0869141 25697.314453125
175.1193695 147856.546875
178.052948 8871.484375
181.0596771 6180.9521484375
181.0974579 21960.9921875
181.1338654 5501.8090820313
183.1128998 24061.720703125
185.0916443 10453.0576171875
185.1649933 121372.75
186.1244202 7386.8530273438
187.0884399 6437.25390625
187.1080322 7753.4584960938
187.1442261 12110.7470703125
191.118866 41513.20703125
192.0160217 8028.8364257813
192.9997101 7313.3486328125
196.1450653 11054.66015625
197.1288757 51640.80859375
197.1448669 5748.4497070313
199.108017 24590.611328125
199.1811829 34059.40625
200.1392975 25770.64453125
201.1242218 41461.70703125
204.1338959 41964.79296875
207.1131134 11769.6884765625
209.0927582 10218.771484375
210.026001 10269.4853515625
212.1187744 22258.9609375
213.1241608 8425.0546875
213.1594696 23325.1015625
214.1191559 5765.9306640625
214.1566925 6449.7397460938
215.1395874 30712.052734375
217.0981293 52553.94140625
217.1337891 96349.0546875
219.1146393 7279.9213867188
219.1501465 6619.9145507813
221.1040497 8284.47265625
223.1561279 39114.875
225.1244202 10489.4306640625
226.0210114 6831.9638671875
226.119278 12650.9990234375
227.1018372 45451.84375
228.1347351 12398.927734375
229.1184082 11132.98828125
232.1411896 21089.96484375
233.1644135 8011.4423828125
234.0990906 29960.9609375
234.1221161 8644.9560546875
235.1047363 11760.1875
239.1126862 39226.72265625
240.1152191 7424.8090820313
242.1140289 31436.828125
242.1508026 6191.4111328125
244.1308746 7390.7709960938
244.1662903 8665.060546875
245.0911865 8904.95703125
245.1289215 55655.08984375
246.1296082 5995.2036132813
246.1825867 9885.966796875
247.1095428 7593.1015625
249.1613007 8804.8515625
250.0579681 6473.8608398438
251.150177 42493.73046875
255.1082001 8103.0478515625
256.6164551 7294.20703125
258.1436768 7579.1123046875
260.1137085 25676.07421875
260.1970215 23298.09765625
261.1566772 21234.38671875
262.1185608 22307.072265625
263.1402588 21415.00390625
268.1378479 7124.1137695313
268.1664124 7804.0434570313
270.1852417 8425.4990234375
272.1746521 6845.5805664063
274.1204834 8830.3798828125
276.1724548 6916.8759765625
278.1244812 25878.30078125
279.1305542 7942.6928710938
288.2035522 9496.2294921875
294.1813354 67565.265625
296.1356506 79147.53125
299.1726074 9811.828125
304.1656494 6931.77734375
306.1199951 6891.2998046875
308.1681213 6365.9506835938
309.1557007 21897.326171875
311.670166 6399.5590820313
314.1481628 18112.46875
316.6721191 38157.7578125
317.1778259 7990.572265625
317.2189026 27096.482421875
318.1782227 13297.2236328125
321.1600952 11368.876953125
329.1822815 59692.98046875
329.679657 10741.75390625
332.1627197 7969.810546875
338.1853027 7584.0805664063
352.2004395 6489.4301757813
356.1936035 7454.26953125
361.1912842 10952.076171875
365.1582642 25705.703125
373.2247009 10024.1865234375
375.1341858 7214.1733398438
376.1250305 9577.2431640625
382.1827393 7896.578125
391.1918335 8741.4794921875
391.2352905 138387.65625
392.1677856 7789.9067382813
392.2373962 31234.802734375
393.1489563 46803.8046875
409.2216492 13452.05859375
410.1767578 52103.75
412.2660217 8125.8037109375
416.2850952 7432.798828125
417.2458496 7454.43359375
419.2023621 8922.4765625
426.7702942 9900.4365234375
431.262207 29732.43359375
433.2477112 6202.3344726563
455.2350464 5740.5659179688
458.2405396 7908.21484375
460.2557678 27029.87890625
466.2486572 10991.544921875
478.2637634 33456.1640625
479.2698975 8145.1479492188
485.764679 13017.3857421875
486.2346802 12785.4296875
488.2436829 8697.3779296875
494.214325 13951.8671875
495.2658081 22613.728515625
497.2481995 6902.7475585938
504.2457581 7552.7280273438
506.2371521 13102.8466796875
508.2467651 8467.625
511.2438965 8511.3310546875
512.229187 25444.3203125
516.3146362 11687.4521484375
517.2741089 10395.8896484375
523.2612915 28082.806640625
524.2606812 11715.5771484375
529.2520142 33259.55078125
535.2867432 44376.125
539.2337646 10173.09765625
540.2216187 6973.541015625
541.229187 6587.5317382813
542.303833 27008.564453125
545.2529297 9053.173828125
557.2471924 12687.609375
560.3044434 10689.998046875
576.3218994 7435.2934570313
597.2893677 21605.88671875
612.2642212 11181.14453125
614.324646 50403.171875
615.3296509 8424.900390625
627.3821411 5978.5786132813
632.3409424 252420.84375
633.3462524 68357.40625
634.3456421 28825.677734375
650.2945557 8111.2236328125
652.3182373 23576.279296875
657.355957 51609.75
658.3547363 11832.7626953125
666.3129272 7622.2436523438
711.3377075 8815.4130859375
723.3482056 48690.1640625
725.3391724 7679.8486328125
743.4354858 27701.208984375
745.4257813 12446.8095703125
764.371582 6891.3120117188
824.4069214 8919.361328125
862.7867432 6316.8188476563
