1217.64944144657 2
86.09714508 566073.6875
102.0558701 664497.25
128.7033844 148657.8125
129.1031342 535558.75
143.1181488 5378299.0
143.128891 250404.328125
144.1219482 191258.0
158.0923462 168105.109375
171.112793 2048619.75
172.1166382 162522.359375
175.1192474 1154953.125
181.0610809 221971.0625
199.1803131 207265.078125
226.0830536 328510.6875
244.0931549 263916.5
313.1142578 345376.75
328.1984863 293000.125
345.2259216 1343990.5
443.1878052 209943.484375
458.3097229 800348.0625
465.17099 178841.953125
529.3438721 830315.1875
612.7863159 156003.609375
630.3890381 798367.75
631.395813 194642.28125
717.4266357 1193368.75
718.4196777 279336.875
804.4603882 1573898.875
805.4501953 650244.9375
864.8781128 167725.390625
894.3101196 205531.875
918.5031738 1539715.25
919.4954834 637726.5
1030.507202 639198.4375
1031.515991 357915.15625
1047.548706 1870966.25
1048.539185 958149.625
1049.526855 234034.828125
