2341.10752807479 2
175.1196899 5159.5903320313
181.1804657 4271.685546875
182.7399445 3933.0122070313
188.963974 4760.4775390625
197.1291504 10088.6298828125
199.1081543 10578.5537109375
200.1393585 6550.6528320313
201.086441 7909.662109375
201.1244812 5658.19140625
212.1024933 5727.74609375
217.1336517 32763.1328125
218.151001 49980.8515625
226.1184387 22931.923828125
227.1026764 44095.45703125
230.8560028 5265.8422851563
233.1286621 7669.884765625
238.1199188 5489.3784179688
243.1352692 6462.15234375
245.1292725 27470.177734375
261.1231995 27250.193359375
269.1265869 6750.1938476563
274.1557922 11029.03515625
277.119751 6452.4296875
283.1409912 31093.162109375
284.1406555 7620.3266601563
298.1399536 44353.71875
302.1502991 35106.58984375
307.7654114 5695.2392578125
323.1727905 6406.5361328125
329.1809692 7953.7211914063
330.7981262 5717.123046875
333.1883545 7570.044921875
354.2147522 8596.029296875
365.1852417 7662.38671875
368.1630859 9916.84765625
374.1708679 45796.015625
378.1916199 6127.3759765625
382.2096863 24274.703125
385.1863708 6745.9169921875
403.1982422 12038.232421875
413.1846924 12085.5947265625
426.2373047 14084.1572265625
431.192749 45888.734375
432.1976624 12968.345703125
444.245697 224629.078125
445.2497253 40409.24609375
447.9109497 6504.52734375
457.2229919 5500.4350585938
487.2572937 10886.0029296875
497.2311707 6526.6713867188
498.267334 8256.55859375
499.2502136 6495.9653320313
507.2365723 26384.4609375
516.2819214 23134.421875
544.2843018 9346.5712890625
558.2558594 25941.0703125
584.2671509 11439.560546875
607.3135376 28802.916015625
613.2817383 9797.826171875
616.3013916 8507.2197265625
622.2672119 11880.9150390625
642.3273926 6794.51953125
657.3081665 10025.61328125
660.2947998 7648.4038085938
673.3193359 8820.765625
686.3417358 7414.2016601563
687.3343506 8025.205078125
704.3608398 252636.0625
704.472229 12123.60546875
705.3659058 103076.3515625
706.3711548 12915.705078125
727.3623047 7428.7431640625
744.3622437 10172.234375
745.3510742 7824.0087890625
747.328186 11412.02734375
860.4430542 27292.080078125
892.4440918 7985.7348632813
940.4188232 9068.9443359375
999.4348755 12942.1494140625
1055.626221 29802.8515625
1083.437378 9349.2705078125
1084.446045 12552.232421875
1085.571533 96444.15625
1086.568848 68610.625
1087.55249 9715.337890625
1388.703247 11166.146484375
1416.624512 8931.890625
1450.678223 13436.0361328125
1715.860352 23866.544921875
1732.71228 21722.408203125
1733.739258 9772.076171875
