1161.61835577937 2
84.0451355 18563774.0
84.08146667 8757410.0
85.70703888 4118204.0
86.09716034 53951056.0
87.10066223 4448169.0
91.84577179 4103932.75
92.03499603 8219395.5
101.0716934 4963474.0
102.0554199 8201305.5
113.1370316 3940351.75
129.0662079 21169144.0
129.102417 16367124.0
145.0976105 27268056.0
147.1131897 9241099.0
157.1332855 5213372.0
157.8901978 5275808.5
170.1178436 7864688.0
173.0924072 28115142.0
185.0930634 5148467.5
185.1280518 6712032.0
197.1279602 40609396.0
215.139328 134200120.0
216.1413269 17127954.0
225.1230621 19608686.0
232.0639343 4389752.0
243.1342926 9901193.0
268.129303 21395970.0
278.1520996 8354885.5
286.1406555 9824036.0
286.177063 7294008.5
287.1803589 4551936.5
308.159668 30090804.0
326.1712341 51527332.0
327.171875 7313576.0
329.1788635 5419817.0
351.2033386 5717269.0
353.5494995 4633691.0
379.198822 22966204.0
389.2722168 5061405.0
397.209259 5661147.5
417.184845 4173564.25
448.2225952 4854821.5
466.2320862 6693187.0
545.2709961 4896956.5
563.2852173 84591664.0
564.2889404 24341380.0
634.3253174 41003356.0
635.3245239 7050132.5
747.4000854 19404142.0
748.4057617 6196446.5
790.4133301 5511488.0
818.4353638 6147754.0
919.4814453 18066342.0
920.4955444 5905729.5
921.4871826 5519482.5
943.281189 6186087.0
1028.593628 4890894.5
