1342.57617057303 2
94.50769043 296080.0625
101.0716476 2427401.75
120.081192 3669751.5
129.1031189 1176712.625
130.0867615 445163.65625
136.0760651 479102.0625
141.065979 403352.375
142.0612946 550217.625
147.1131287 614153.8125
148.5704193 289432.5625
167.0450287 512379.59375
170.0564575 331681.9375
184.0714569 2136051.75
186.0878906 1202111.375
195.0411072 2213275.5
201.0985718 449013.0625
205.0974121 528194.125
212.0666046 3129436.0
229.0936584 3968194.0
231.4123383 373433.0625
243.1086273 460325.96875
262.1409607 472660.28125
265.0933228 340005.84375
266.0764465 616317.3125
273.8597107 305915.8125
283.1045837 1574938.625
286.1039124 334841.6875
297.1222229 430493.0
300.1312256 1812559.5
313.4056091 329538.625
329.1931763 328996.71875
342.1417847 348732.625
343.209137 1246365.75
349.1715698 2405702.0
354.1358948 369515.6875
355.2108765 358320.90625
394.126709 679188.5
402.1756287 364687.34375
456.1878662 332481.3125
462.256897 1902052.125
463.2599487 485190.53125
495.1660461 419239.0625
514.2764893 338797.9375
518.1321411 319905.875
560.788147 340624.1875
571.2962036 3279237.5
572.2943115 1295936.375
577.2810059 1220614.625
670.3577881 476404.4375
671.3479004 480257.71875
740.3428345 1509485.5
767.4143066 2787153.75
768.4093018 564913.9375
824.4381104 4041810.75
825.4311523 1558907.0
845.4342651 352436.21875
855.3675537 644687.0
895.4869385 604568.125
937.4112549 361587.34375
952.4833374 1356886.125
953.4967651 438968.5625
956.4208984 706593.25
1009.508667 2704593.0
1010.510071 1406987.25
1043.446411 1128871.125
1044.445801 494235.375
1114.463135 402822.5625
