848.352984637514 2
60.05652618 46441.9375
70.02939606 53033.49609375
70.06587219 486646.375
72.08153534 523935.03125
72.57717896 37831.41015625
74.06085968 151640.34375
84.04498291 330726.03125
84.08141327 422338.71875
84.08564758 44938.9609375
86.09705353 564881.125
88.04000854 410199.5
96.92710114 53904.14453125
98.02424622 77196.6953125
100.8654022 37583.8984375
102.0555344 215269.21875
104.0532608 95255.0859375
105.4786606 38667.23046875
110.0718155 85798.1171875
112.0879517 61584.28125
113.0715179 53690.28515625
115.0505219 48639.80078125
115.0864944 59958.703125
120.0810242 810727.9375
121.0845566 48433.2421875
129.1024628 770328.125
130.0648956 52985.19921875
130.0865173 62176.61328125
131.0818787 67314.8984375
133.061142 588650.0
141.1021271 60488.9453125
143.1186371 50145.7421875
147.1128845 178227.125
155.0821991 56447.6953125
157.0967255 53061.75
158.0924377 168877.953125
159.0915222 181305.15625
172.7440033 38838.88671875
173.0919952 99820.15625
175.118927 682475.8125
180.9329987 38061.2109375
191.1179352 932501.4375
192.120575 88790.4375
201.0884399 51054.25390625
209.0555878 60509.71484375
210.2831879 39289.4453125
212.0203857 54415.78515625
213.6439209 40806.26953125
214.0205994 42995.3671875
216.0991058 84850.1796875
219.1130066 272289.03125
226.082962 47382.359375
227.066452 153635.15625
244.0930481 88723.453125
251.1429749 74108.234375
273.1202698 69121.4921875
278.6817627 39704.4609375
290.1455078 280675.125
308.1038513 66955.5859375
333.1881409 58494.8984375
358.1598206 65379.78515625
367.1407166 56409.69921875
383.3262329 42886.421875
404.2271423 91723.96875
419.1870422 239880.921875
465.2486572 68974.03125
501.2772217 609417.1875
502.2765808 80784.9453125
588.2386475 53602.12890625
605.2683105 339044.8125
