1366.68885133383 2
102.0560989 134061.484375
104.0531235 117692.65625
110.0720596 149887.484375
121.4900818 92575.6171875
127.0868988 163956.984375
129.1026001 179589.921875
130.0862732 395820.90625
133.0433807 213188.015625
136.0761414 377645.09375
141.102951 110460.5234375
142.1227875 697673.8125
147.1127625 442157.5
152.1072998 103187.71875
155.0816498 230008.25
169.09758 222706.109375
171.0755615 107413.4140625
175.0894165 105176.140625
187.1441956 1208335.375
197.1291809 607092.75
201.1229858 117640.40625
202.0825653 481917.28125
203.0851898 440981.5
213.0877686 336231.65625
215.1394196 494417.0625
217.1338043 603040.8125
228.098114 111455.171875
228.1355438 199632.078125
229.1186371 183703.03125
235.1186371 401484.09375
245.1307983 210386.4375
274.1397705 151252.0625
284.1618347 131926.640625
302.1503601 97083.6796875
310.1459351 100577.9921875
310.1765747 644027.5625
324.1188049 143696.609375
324.6822815 111093.7265625
326.1704712 688066.875
354.1671143 137174.515625
374.170929 422118.0
386.1530457 155317.75
409.2111816 113968.0703125
422.6824646 115641.390625
423.2595215 470547.0
454.2046204 123874.7421875
461.2381592 142703.765625
472.2201843 385411.9375
472.7206421 158036.296875
489.2355347 117515.203125
504.7559204 223410.171875
629.2581177 115530.3671875
635.3399658 1927548.875
636.3425903 578569.0625
738.6487427 112239.5859375
746.3642578 214260.484375
764.3728027 184793.140625
911.439209 627973.5
912.4495239 157661.515625
925.4158936 122322.953125
953.5853882 115993.2578125
1008.49823 156545.140625
1056.498413 139587.109375
1065.524902 164487.28125
1129.550293 129420.84375
1152.546021 396129.9375
1153.54834 135678.828125
1355.614624 116324.109375
