2605.23765655396 4
183.0762024 9094.544921875
183.149292 17375.37109375
185.1652222 60805.3671875
186.0879364 11441.662109375
187.0878448 9407.4541015625
187.108551 6447.3237304688
189.0700836 6759.798828125
190.0863495 8952.455078125
197.1283722 13034.017578125
198.086853 13809.4033203125
199.1077423 11517.3134765625
199.1802979 9183.3662109375
200.1389465 8648.724609375
201.1232452 53747.421875
212.1025085 18074.611328125
213.1594696 13619.7431640625
215.1393433 32026.97265625
216.0973511 9725.681640625
216.1152344 9059.8916015625
216.1335907 13190.7783203125
217.0816193 10207.248046875
225.0990295 8860.57421875
226.1186829 81194.921875
226.1560822 7706.314453125
227.1021118 33305.32421875
227.1218109 9003.294921875
228.1343689 12919.7666015625
229.1173096 8846.5771484375
229.9656982 6785.158203125
230.1154938 14116.2373046875
233.1654358 17504.4296875
234.1248474 8682.990234375
235.1081085 237387.859375
236.1109772 45087.35546875
239.1132202 8474.44140625
240.0991058 11568.8974609375
240.1327515 7162.1142578125
242.1493683 7748.2124023438
243.133667 11340.3056640625
244.1085815 17148.6484375
246.1260834 18002.765625
254.1489716 16809.330078125
256.0910645 10573.48046875
257.1248169 6611.1284179688
258.1447449 9332.720703125
261.1298218 7567.3266601563
261.1589355 32419.3125
263.1029968 154909.109375
264.1052246 32534.23828125
269.1265259 6997.2045898438
271.1811523 6535.6181640625
274.1233215 12684.140625
275.2064209 8474.0185546875
283.1423035 16275.576171875
284.1259766 17778.876953125
287.1355286 17538.255859375
288.2052307 10394.91015625
294.1799927 14783.4951171875
299.1374817 9404.4453125
312.1194458 12161.927734375
313.1522827 18126.935546875
315.1425171 12350.8505859375
316.1521301 13269.259765625
323.1346741 13121.1552734375
329.1837158 11544.8203125
330.1831055 7572.2685546875
331.1672974 8244.2138671875
336.1560974 11506.3544921875
340.1618042 35166.7578125
345.163208 11167.7041015625
358.1716614 16243.396484375
362.1721802 42760.07421875
362.2404175 11669.134765625
369.1777954 8631.787109375
370.1834717 9990.4931640625
381.2138977 32337.7890625
384.2024841 75413.84375
385.2060242 14097.927734375
389.2514648 17097.66796875
398.2053833 13333.9462890625
401.1815491 9076.9765625
412.1977539 54759.2265625
426.2373657 10732.271484375
441.2073975 17265.640625
449.2702942 58629.0078125
467.2390137 11881.5947265625
469.2415771 11344.1611328125
476.2880859 8741.8505859375
484.215271 12131.0634765625
502.2329712 8065.1669921875
506.2789001 9377.328125
515.2451172 15710.087890625
521.2376099 9406.97265625
522.2702026 10374.2890625
536.7755127 55872.59375
537.2706909 10421.9970703125
540.2794189 45304.8828125
541.270874 14518.4970703125
543.2376099 40035.14453125
553.2999268 13883.73828125
554.3077393 9311.28125
558.2918091 13782.970703125
572.2679443 12963.2841796875
573.9332886 17149.9453125
575.3322144 50938.55859375
576.3341064 10501.77734375
585.2858276 9903.8466796875
591.2984009 10538.9453125
600.2641602 37519.84375
601.2975464 61212.51171875
609.3075562 15784.0048828125
611.3154297 11344.5283203125
612.8671265 17797.83203125
629.8525391 12337.9677734375
641.8682251 13114.662109375
642.3653564 20402.056640625
642.8405762 14057.6611328125
643.8651733 13681.5498046875
650.8500366 19483.57421875
651.3405762 54916.8671875
651.8534546 52047.4140625
652.3210449 44207.328125
653.3191528 10992.1123046875
654.8006592 12488.9951171875
655.3035889 15816.6064453125
668.3301392 53949.2265625
669.3261108 17230.392578125
675.3724365 60918.61328125
676.3695068 9342.9384765625
680.3344727 20023.740234375
685.3439941 16492.591796875
688.4123535 11588.765625
700.4492188 14375.5224609375
713.3474731 16597.0234375
732.3890381 64442.61328125
733.3914795 31526.62109375
734.3912964 17538.62109375
737.3613281 34806.2890625
748.3535767 11648.4267578125
755.3684692 64772.2421875
756.3656616 13677.9560546875
773.3815308 38703.828125
776.3529663 58779.94140625
781.4080811 14407.5888671875
782.4144287 10933.2080078125
788.4240723 61132.5390625
789.4190674 11606.4482421875
811.8755493 40417.67578125
812.3753662 20204.08984375
815.5148315 86041.875
816.5237427 72921.7265625
817.5172729 17750.767578125
828.3695679 41796.69921875
829.3706665 25924.171875
848.4483643 20169.916015625
849.4468994 11958.4716796875
860.3981934 105764.734375
860.8959351 68300.5625
861.3961792 61676.546875
861.8978271 45498.2265625
868.4423828 72884.5390625
869.4353027 56593.1484375
875.4059448 16452.001953125
890.4741821 38057.78515625
892.4210815 80166.171875
893.4274902 51105.02734375
894.4257813 15799.2021484375
900.4093018 11311.0439453125
919.4729614 51122.30078125
920.467041 12450.123046875
921.4803467 12788.6416015625
931.4519653 31472.275390625
939.4788208 98365.4609375
940.4806519 84208.1328125
941.4852295 37034.74609375
943.5712891 17079.06640625
947.494812 31888.041015625
962.4866333 137624.484375
963.4956055 39229.80078125
964.4915161 11259.416015625
1007.442078 69366.65625
1008.46991 41433.109375
1009.454163 12682.916015625
1033.5177 13645.0673828125
1034.497437 92960.921875
1035.497437 41968.30859375
1038.554443 40613.19140625
1039.554565 19429.728515625
1044.64209 11838.294921875
1045.622314 15625.96875
1073.518677 36274.921875
1074.528564 15170.1513671875
1090.543701 87969.5
1091.550293 36711.40625
1120.534302 19171.794921875
1159.557251 15369.392578125
1160.5448 16207.4443359375
1177.549561 126272.328125
1178.574463 64571.3046875
1179.556885 35975.4921875
1308.603271 68225.0546875
1309.605713 19427.439453125
1310.616211 31869.546875
1494.661499 13267.974609375
