1478.6598553481 3
102.0555267 42935.13671875
110.0718384 34793.38671875
129.0658569 7193.3090820313
129.1022797 92889.421875
130.0863953 27846.908203125
140.0706024 64016.546875
147.1129913 27673.36328125
147.6338196 6949.404296875
159.0761261 11630.4853515625
168.0659027 33234.15625
175.0721588 10973.5693359375
175.1192017 11936.83203125
185.0922241 13431.4775390625
199.0717316 11886.5703125
201.1244507 8644.0087890625
203.1026764 139987.046875
204.1060944 9934.5576171875
213.0868835 12266.8837890625
217.0818634 15235.673828125
231.0972137 78426.015625
240.1342468 10039.7861328125
241.0814972 13481.076171875
245.0778809 8097.4077148438
248.1612244 9144.2470703125
258.1445007 7841.1625976563
281.5834351 7823.599609375
302.1377869 9136.8037109375
394.713623 7230.0986328125
400.2325134 15924.8837890625
401.3555298 7678.4638671875
438.8750305 8299.7109375
450.2375183 11310.2626953125
492.2724304 27838.83984375
493.2456055 8653.6318359375
502.7555237 14625.3603515625
503.256897 10797.427734375
542.3052368 13570.865234375
543.2869873 12295.7529296875
613.3353882 8569.681640625
615.7839966 14498.8251953125
616.2750854 9498.310546875
624.7883911 9956.451171875
625.2911377 26895.796875
643.3121948 16324.814453125
659.3797607 15588.0087890625
684.3853149 11960.458984375
755.4103394 26841.298828125
756.4091797 10966.1328125
788.4212036 14277.9921875
789.4273682 9560.2314453125
816.0501099 7743.55078125
917.4622192 9249.7841796875
940.3818359 7371.8515625
1004.489319 11128.4755859375
