1889.937324 2
136.0757904 7791.1806640625
157.1708527 6859.2153320313
158.0932007 8722.9765625
175.1190033 22481.095703125
185.1645355 70586.875
204.2772369 8572.966796875
204.6422729 9987.0986328125
208.0977936 8883.1787109375
211.1422577 8157.791015625
213.1599579 122432.2890625
227.1752625 9563.9580078125
242.149826 56507.12890625
255.1453552 14195.275390625
272.1715393 69185.421875
273.9472046 10557.572265625
313.188385 25905.177734375
325.1881409 13902.0322265625
326.243927 14022.2705078125
349.9964905 11401.5185546875
355.236084 13087.6171875
357.1796265 12103.0703125
358.2130432 20611.541015625
410.2362671 15308.216796875
423.2264099 24175.7109375
536.46521 13024.837890625
633.3615112 92236.21875
645.338562 25103.376953125
646.3353271 16368.3876953125
685.3878784 14364.919921875
747.4093018 16952.73046875
792.3980713 21309.4296875
901.4829102 37696.13671875
902.4761353 50103.1640625
906.4399414 49438.140625
927.451416 73073.4609375
928.4523315 47466.62109375
944.4761353 165130.109375
945.5239258 179143.96875
946.5369873 63055.8671875
1035.484253 80043.1171875
1036.491333 16315.216796875
1150.513306 99022.046875
1151.517212 42284.828125
1278.582275 15640.259765625
1279.577637 16744.845703125
1365.612671 109209.3359375
1366.60022 72745.7265625
1436.628906 116790.265625
1437.653076 98992.265625
1438.650635 21363.00390625
1547.684814 14784.5048828125
