1565.79923206019 3
110.0718765 622151.625
115.0866394 44097.765625
119.0494232 36213.03515625
120.0812073 686122.5625
121.0842667 33362.890625
129.1025238 354473.625
129.1101837 44517.546875
130.0858459 233605.8125
136.0760193 528345.75
143.1175537 44329.0625
147.1128693 455918.8125
157.0968781 84756.453125
169.133728 589099.9375
171.113327 44776.53515625
173.1286163 72715.8125
175.1187134 186544.953125
175.7406464 33793.26171875
185.0923309 117984.0234375
185.1274414 34767.84765625
186.1221466 45683.91796875
191.1179047 45930.1796875
197.1283722 271376.78125
199.0710144 52789.625
200.1384888 45097.6484375
201.1241302 351226.9375
215.1386261 107510.0625
216.0970917 60788.703125
223.5463257 42829.140625
226.1551971 233875.578125
227.1022186 58329.04296875
229.1182098 95882.265625
233.1274567 248555.859375
235.1441803 162872.921875
239.1131897 62487.0234375
244.1659088 627486.75
245.1695099 76082.0546875
246.1820221 77892.4609375
257.1415405 54104.80078125
261.0947571 40156.34765625
261.1235657 217472.59375
262.1192322 84370.4375
273.1331787 77132.140625
275.1427917 59188.79296875
284.1030884 60121.59765625
285.1347046 101382.765625
297.3414917 45559.6015625
301.1306763 361674.0625
326.1713257 59766.50390625
331.1981201 478433.53125
345.1551208 67707.4140625
345.6962585 110668.625
347.2245483 50528.13671875
348.1558838 80854.953125
352.2003479 43784.2578125
360.1949463 190710.96875
363.166748 74693.1875
368.7139587 45395.328125
374.6932068 46919.43359375
381.2034302 51970.6640625
392.2417297 75820.3671875
402.7348938 315026.46875
412.1627197 103787.28125
414.2660522 51340.08984375
430.1738892 226471.34375
430.2657776 88479.796875
447.2243958 73038.3359375
448.1972961 101420.96875
453.2236328 64592.80078125
461.2693787 72292.6171875
462.2359924 64916.5859375
501.2469788 63622.46484375
529.243103 193548.875
541.2763672 96930.0234375
545.2892456 55715.4453125
577.2466431 71720.21875
587.3549805 333227.0625
588.3496704 79577.1640625
591.315979 57068.4453125
593.3330688 242170.140625
594.3219604 81708.6015625
608.340271 532098.6875
609.3485718 75468.9921875
623.3295898 87983.46875
648.3145142 64937.65234375
651.3198242 378706.46875
676.3077393 199547.984375
684.4146118 81988.484375
686.4226685 176256.734375
690.3840942 371313.96875
691.3912354 87587.421875
707.4088135 355433.0625
724.8614502 57248.171875
736.4169922 107098.9140625
737.4249878 81280.1171875
759.3497314 67051.84375
764.4015503 108199.2890625
777.416687 223992.609375
783.4724731 232785.40625
797.491333 64250.05859375
804.4678955 351257.03125
961.7116699 60201.078125
