1501.79335776172 2
120.081398 428051.34375
133.0432281 131710.28125
136.076004 216084.515625
143.1181335 139657.203125
149.8149567 97207.7578125
155.0817261 117005.0390625
157.1343079 143029.0
159.0922546 239386.34375
165.7081604 100055.703125
172.1076965 134405.609375
173.1128387 97627.5625
173.1284943 172774.09375
175.1192474 487072.78125
178.4651642 93543.09375
186.1252136 117067.21875
197.0913391 104773.125
200.1035767 231670.625
201.124115 376195.90625
214.1186829 585835.0625
226.0821075 147542.40625
231.295929 98317.3671875
240.1339111 191612.96875
243.1091919 1021568.3125
250.8849945 123399.4140625
252.0972137 109303.9609375
272.1756287 142664.828125
294.4666748 109963.0625
297.1204529 174900.125
297.152832 93097.6640625
300.1711121 150163.1875
314.146637 895359.9375
324.167511 137412.515625
325.1525879 206964.78125
326.1479187 111981.46875
342.1403809 186127.015625
342.1769104 893380.875
351.1671143 206478.75
368.1921692 352443.3125
387.1985168 183874.625
396.1878052 193026.78125
404.2260742 238418.9375
413.2137756 631967.125
427.2275085 135843.796875
461.2446594 152539.46875
481.2723999 123597.8359375
560.3139038 171939.78125
564.2536621 550833.625
623.2376099 124532.7578125
677.3427734 1064540.75
678.340271 510652.875
790.4228516 1037750.5625
791.4210205 233506.984375
794.4050293 354317.40625
795.4024658 144154.046875
907.4928589 178609.15625
908.4985962 133415.75
959.0319214 109453.8515625
976.5006104 3024383.25
977.506958 1570382.125
978.5082397 347241.1875
1015.510864 168106.53125
1016.512329 171433.5
1089.589478 1255548.0
1090.574219 602685.375
1091.58252 359022.46875
1160.612549 608320.0625
1161.615967 518018.28125
1162.631104 183136.4375
1182.612305 111679.2578125
1290.668701 125527.03125
