1983.03257396666 3
143.1175995 171840.390625
143.2083282 53175.03125
147.1125793 117444.28125
155.0814667 102053.7578125
155.1177368 59394.94140625
158.0926971 62160.27734375
171.6355133 59193.83984375
173.1295013 62715.9609375
175.1181335 160505.015625
178.0653839 83615.8125
183.1498871 62443.44140625
199.0724487 61114.58203125
199.1811218 256487.6875
200.1392517 74420.1484375
202.1552887 61017.98828125
227.1757813 60341.96484375
228.1333923 60218.421875
274.1221008 77277.4375
281.1266785 85676.859375
285.5238953 100390.1171875
327.2120361 82558.1640625
335.1500244 654372.9375
336.1503601 83969.4609375
354.4294128 88378.1484375
360.1556702 68343.84375
373.1902771 161978.5625
399.7113037 110756.6015625
412.4957886 75908.9453125
442.2494202 80007.21875
445.1914978 84618.4375
456.2542114 121260.21875
456.7589722 66675.1015625
499.2980347 154473.8125
500.2990417 142610.9375
544.2218018 136408.421875
561.2449341 3584863.25
562.2477417 1053056.625
563.2457886 163231.15625
659.2510376 86262.578125
676.2731323 465892.125
682.364624 107268.5625
723.3817139 80351.2421875
728.4091187 109327.78125
781.4350586 214986.65625
782.4074707 103873.2265625
789.3535767 523695.78125
790.3521118 142080.390625
798.4094849 1331478.375
799.4205322 602346.8125
800.432251 164086.3125
883.5004272 995832.625
884.5045776 321094.71875
911.494812 1024344.25
912.5036621 608090.875
940.4524536 151902.265625
941.4689941 138350.109375
959.4512329 899368.625
960.4584961 381790.21875
968.5161743 100896.8984375
996.5829468 123520.3046875
1053.56665 142473.578125
1081.589844 864730.3125
1082.60083 605624.6875
1083.607666 128108.1796875
1094.55542 103820.6796875
1124.571655 287771.09375
1228.054321 116776.9765625
