1880.94551235072 2
130.0860596 9198.8525390625
131.1185303 6681.037109375
132.0175018 4366.5961914063
136.0756378 54059.07421875
139.0498199 5642.2431640625
143.1179962 9353.04296875
147.1126404 37959.828125
155.0817871 33022.46875
155.1171417 6715.3588867188
159.0913239 9503.6904296875
165.0544739 5515.263671875
169.0967865 12979.6201171875
169.1343231 4994.2827148438
171.0755463 9103.6396484375
173.0919037 28251.44921875
173.1285095 14031.1669921875
175.0711975 5356.4931640625
175.1184235 14732.8623046875
181.0605774 5684.974609375
183.0763702 42892.0703125
183.1122131 10068.6044921875
183.1494446 17281.767578125
185.0552216 5496.5751953125
185.0916748 5490.4624023438
185.1285553 7957.3515625
185.1656342 9431.7802734375
186.563858 5204.6137695313
197.1277161 7480.0205078125
199.0712891 10231.0361328125
199.1811066 25352.423828125
201.0873566 14044.8154296875
201.1239166 48484.71875
203.0658264 32104.494140625
211.1444855 15556.89453125
212.1029663 7636.0048828125
213.0867615 13527.4716796875
213.1604004 14332.9287109375
215.1394196 37365.8828125
216.0977173 11292.0458984375
217.0815887 10772.9169921875
226.1191711 17324.580078125
227.1027069 9723.18359375
227.1752472 15806.8369140625
228.1725006 5270.1870117188
229.117981 13572.0263671875
235.1450653 9281.869140625
238.1192322 6590.9453125
241.1559906 8682.7509765625
242.1495361 6216.2934570313
243.1342926 34614.421875
246.1810303 14145.3154296875
249.1570282 6182.4731445313
256.0952454 8640.130859375
262.1194153 6583.9135742188
263.1396484 9927.9697265625
266.114624 6947.5146484375
268.1652527 7632.5751953125
269.1235657 6598.6616210938
269.1490784 15004.9736328125
270.1087036 39319.50390625
270.1446228 13735.462890625
272.1620178 6942.865234375
274.1031494 14146.3837890625
279.1349487 9702.2392578125
284.1235352 10469.787109375
284.1573486 7663.8774414063
292.1306458 5601.2602539063
298.1400452 8720.0146484375
300.1583252 8856.9013671875
300.1925049 6315.9790039063
302.169281 8197.1923828125
303.0999756 9060.9228515625
312.1574402 9247.4521484375
312.1914673 6914.4501953125
314.1708984 10168.6591796875
316.1508789 35355.17578125
320.9616394 6383.0815429688
321.1200867 15817.755859375
322.1763 17091.8515625
322.9134521 6180.0625
326.1743469 8334.0009765625
339.1316833 31367.7109375
345.1525574 7355.6533203125
359.1948242 12734.8232421875
359.2682495 8001.927734375
363.16745 7541.1240234375
367.1263428 55712.42578125
376.2253723 24886.205078125
385.1350098 136859.671875
386.1404724 15745.447265625
387.1888733 14897.4892578125
390.2437744 7747.0971679688
403.1468506 90767.7109375
404.1476135 7031.1752929688
408.2732544 9573.041015625
427.1869202 11669.8330078125
435.2634277 36582.33984375
436.2661133 7991.4091796875
446.3002014 43814.63671875
447.3008118 9316.888671875
452.2120667 9568.8095703125
457.2653503 13462.2861328125
470.2285767 48299.63671875
471.213562 40628.41796875
488.2394104 46556.05078125
489.2380676 14389.58203125
498.216217 54875.515625
499.221344 7858.7202148438
516.2323608 75670.6875
517.2337036 12585.052734375
547.3477783 38272.86328125
574.3009644 12073.0146484375
583.3074341 8001.4116210938
584.3007813 9741.74609375
593.2206421 12271.9951171875
601.2128296 8160.697265625
601.3181152 9371.890625
611.3075562 29119.55078125
629.3228149 16826.822265625
638.3392334 12278.4833984375
661.2922974 9363.7802734375
667.3005371 9874.908203125
689.2993164 7779.513671875
693.3291626 10076.97265625
694.4187622 11067.6455078125
706.3071289 25653.12109375
715.4052734 9975.9189453125
809.4619141 10988.1142578125
858.367981 11097.9853515625
923.4839478 17018.0078125
952.4968262 11356.5654296875
1038.51123 39703.1875
1039.505737 15000.1357421875
1040.526978 13751.556640625
1061.593262 10563.9453125
1103.56665 9854.498046875
1139.557129 109785.2734375
1140.562622 57404.1328125
1220.650146 9678.20703125
1252.641235 116316.1015625
1253.64209 83738.609375
1254.645996 30515.2578125
1271.730835 25787.623046875
1272.73645 15207.3037109375
1277.588501 11546.5576171875
1342.734009 10350.54296875
1365.731445 71480.4609375
1366.736572 75095.0625
1367.720093 14745.6357421875
1456.717407 11513.671875
