943.52168852727 2
66.55480194 10967.625
70.02957153 31437.38671875
70.0660553 165703.984375
72.08163452 205250.0625
73.08507538 16910.189453125
74.06111908 20697.005859375
84.04515076 85168.203125
84.08158875 151808.890625
86.09716797 432880.21875
87.0561142 164131.6875
88.03995514 111948.1953125
94.82571411 16428.048828125
95.17441559 13168.2724609375
101.0718918 57021.44921875
102.0554733 136706.390625
110.0718994 67295.296875
115.0870667 55239.38671875
117.2362595 12350.3125
120.0811844 32269.0859375
127.0504684 23882.5859375
129.065506 26935.8828125
129.1025543 210262.015625
130.0865479 67952.3515625
130.0965576 12891.76953125
133.0434723 12532.5576171875
136.076004 69909.5390625
147.1131287 72838.3359375
157.0609589 56473.4765625
157.1339111 14157.6533203125
158.093338 20331.634765625
167.0936432 21863.458984375
171.0761871 52341.734375
172.0721893 69249.984375
173.1286621 15590.943359375
175.1194611 82788.546875
181.0610809 61586.54296875
183.1138153 26380.59765625
185.0554352 48328.8515625
185.1647949 49651.9296875
186.0874786 69476.0078125
186.1241302 51957.078125
197.1287842 22899.26171875
199.0717773 98959.015625
204.1344147 166500.765625
205.1375275 14528.1318359375
213.1602325 23810.36328125
214.1202698 17539.259765625
215.1399689 18590.40234375
216.0980377 259312.96875
226.0830688 121478.6640625
228.1336212 19807.61328125
240.1337891 58950.078125
244.0930176 222167.375
285.1558228 161244.953125
303.2025452 87440.0234375
312.1556702 14785.7568359375
338.7848816 13297.185546875
352.1870422 28200.609375
357.1772766 29659.392578125
358.1784668 15444.4521484375
384.224884 24111.244140625
400.2167358 15113.8017578125
417.2449646 56547.40234375
488.2835693 130369.6484375
489.2861023 28810.228515625
489.8875122 15784.5185546875
531.289978 23195.40625
587.3491821 154537.125
588.3534546 52075.9453125
700.4326782 62928.62890625
701.4354858 15600.2685546875
