1168.60179796541 2
83.06105804 162967.25
84.04512024 644609.5
84.08162689 765629.375
85.08504486 45433.05078125
86.09216309 55724.04296875
86.09719849 1674781.75
87.05619812 32444.505859375
87.10035706 45012.1875
91.05488586 51863.41015625
101.0717316 271447.90625
102.055687 268138.46875
103.0543823 40856.5234375
107.0494919 125175.5
108.8329391 26151.998046875
110.0717621 61018.890625
115.0872726 43506.5546875
119.0492172 39685.5859375
120.0811462 950675.0625
121.0843124 76443.1953125
122.8331985 29533.69921875
125.5997772 37643.31640625
127.0505981 210721.3125
129.0661316 54830.58203125
129.1025543 899107.25
130.0865479 500299.1875
136.0662537 62327.52734375
136.075943 969398.75
137.0792542 38127.83203125
141.1024628 59932.1640625
143.082428 30530.341796875
144.0771942 30874.171875
147.1132202 784666.5625
148.1163177 41902.98046875
153.0662537 73852.5859375
155.118454 34244.2265625
157.097702 55282.9609375
157.1337738 136973.703125
158.0931854 41481.19140625
172.0718536 277627.65625
173.1286621 56687.3515625
175.1191559 290425.28125
180.1125793 45295.57421875
183.1129761 58768.12109375
183.1486511 42661.5546875
185.12854 46522.2734375
187.144043 122730.6328125
188.4290009 27835.525390625
199.0722351 43310.94140625
199.1807251 62133.95703125
200.1396942 154883.875
201.1235809 65847.703125
202.0872803 233118.4375
205.0998688 39246.015625
208.10849 76431.8984375
209.092453 42128.94921875
211.1446838 38048.4296875
215.1398163 36884.56640625
216.0974579 51180.921875
218.1500854 820257.3125
219.113327 113784.265625
219.1527405 71314.6640625
226.0833588 46257.95703125
226.1197205 51832.609375
227.1759949 70735.421875
229.1177063 52141.23828125
233.1650696 169221.578125
244.0948181 36079.21484375
246.1235352 392027.59375
247.1078796 1138234.5
247.1454163 58174.5234375
248.1105194 140921.40625
256.0940857 37575.203125
261.1593323 177577.734375
264.134552 358596.25
274.1182556 156211.796875
275.1024475 408895.5
276.1056213 50685.671875
280.1296997 53660.6875
284.088501 51908.38671875
294.1798096 42338.52734375
301.1138916 122379.0625
303.2146606 41413.234375
331.2337952 354618.4375
332.1988831 45579.86328125
332.2380066 38704.20703125
337.1506653 174373.890625
343.1621399 43334.8046875
355.1607971 139330.59375
356.1660461 48189.5078125
358.1755981 40536.91796875
359.2191467 38349.3125
360.2280579 54969.3203125
376.1855469 42817.48046875
383.1584778 121612.53125
388.2092896 54880.44921875
401.1443481 199955.34375
404.2608032 48270.3671875
418.1693115 39730.703125
434.2784119 47778.29296875
445.1816711 72798.3515625
446.1676636 58499.91796875
478.3023071 456359.5625
479.3040771 164420.21875
519.2883301 74792.7890625
528.7824707 36738.734375
546.2317505 64415.953125
559.7289429 75095.8515625
574.2271118 373829.96875
575.2166748 408642.34375
575.7985229 121213.4375
576.2133179 130503.6015625
577.3694458 188583.1875
578.3788452 54129.44921875
611.2470093 38594.07421875
629.2496338 50956.828125
634.3829346 39623.23828125
648.3224487 58031.94921875
653.3666992 59450.48828125
657.2525024 42112.43359375
673.2958374 296610.71875
674.2871094 59237.52734375
706.4099731 53705.7265625
707.411499 38989.05859375
820.3557129 257585.78125
821.3639526 176957.5625
860.4414063 117300.8671875
877.4710693 116530.5390625
878.4708252 171748.1875
933.4495239 41997.72265625
934.4517212 47060.703125
1119.465698 48091.5234375
