1589.83602881848 2
110.0715637 11284.6630859375
112.0870209 7679.7973632813
115.0511856 6980.3676757813
115.0865631 14714.6083984375
115.6452179 6291.0537109375
120.0804825 64252.7578125
120.7061996 5992.3798828125
122.0300674 6710.0810546875
127.0862961 68229.875
127.0938339 5617.9833984375
129.065567 23296.66796875
129.1025238 93491.9375
130.0859222 42359.37109375
130.1056366 8240.853515625
130.9978027 6831.3393554688
133.6553497 6716.9760742188
136.0757599 75222.0390625
141.1015778 14716.169921875
143.1171265 11031.8203125
147.1124573 71056.3125
155.0811462 20971.091796875
157.0602417 12920.845703125
157.0966644 42155.5546875
157.1340942 10543.4765625
158.0921478 14420.2451171875
159.0915833 12608.4970703125
167.0809021 42683.02734375
171.0757446 10093.203125
171.1128693 23220.2421875
173.128067 14545.1162109375
175.0700684 9305.3486328125
175.0896759 47520.7890625
175.1188812 85491.34375
181.0978699 9543.91796875
183.0754395 7541.8666992188
183.1124115 16323.033203125
183.1495056 12531.125
184.1078491 11102.1298828125
185.0922699 19554.45703125
185.1640625 14667.27734375
186.7967377 7550.1235351563
187.087265 7960.2119140625
195.076004 8659.638671875
197.1287842 8730.455078125
199.0725098 8732.3876953125
199.1071472 40123.21484375
199.1437683 14791.9453125
200.1030579 157511.296875
200.1391144 22153.798828125
201.0863037 10084.888671875
201.1060486 21190.998046875
201.123291 100143.75
203.0664673 43032.8125
203.0848846 81095.390625
203.1013336 10564.7578125
212.1031342 48572.44140625
213.0859528 12545.6328125
213.1601563 18447.48828125
217.1353455 18734.572265625
224.1034698 9383.2060546875
226.0822296 8581.234375
226.1192017 17943.921875
227.1032867 14646.1494140625
228.1343079 52951.77734375
229.0999908 23695.60546875
233.1293488 18816.779296875
238.1194153 15499.177734375
242.1508484 10180.0341796875
244.0932922 16637.107421875
254.1495667 13319.529296875
255.1461029 16617.962890625
258.1454163 20361.955078125
259.1394958 16941.056640625
260.1063843 202803.859375
260.1965027 46574.61328125
264.1404114 10116.82421875
271.141449 86532.203125
274.0995483 12894.75390625
276.1343994 24657.443359375
286.1216125 14152.798828125
288.102356 13202.880859375
299.1717224 78163.9765625
303.1477661 47809.62890625
309.1558228 20638.94921875
325.1888123 13231.671875
326.1812744 20011.03125
330.1769104 9963.419921875
331.1446228 76084.546875
332.1503906 12568.939453125
341.144989 41842.05859375
357.1618652 10943.7509765625
357.2512207 15805.2314453125
360.193512 13716.5791015625
361.2446594 15217.41796875
366.1796265 11950.4931640625
371.1488647 21128.41796875
372.359314 10757.078125
374.1877747 22897.37890625
385.1914978 16868.123046875
386.1845093 11815.037109375
399.1930237 13171.830078125
402.1821899 47135.0234375
414.1819153 13264.4609375
434.2375488 21437.759765625
442.1755066 23843.189453125
456.2239685 12078.2119140625
459.2111511 16833.314453125
470.2163086 18303.19140625
470.2822266 11148.6455078125
489.2689819 72619.2734375
490.2859192 22900.052734375
498.2712402 12788.6474609375
513.2236328 14261.21875
530.2385864 43174.6953125
535.3225098 24234.509765625
547.321106 283749.4375
548.326416 62906.17578125
587.2073364 18140.697265625
594.2684326 11922.6513671875
605.3154907 22656.287109375
629.3105469 43385.6953125
650.8527832 12919.8193359375
662.3426514 76529.0
663.3859253 12420.1884765625
718.4006348 47875.640625
723.8761597 16397.478515625
724.4140625 14182.74609375
754.4060059 13939.4921875
763.3956299 162449.109375
764.397583 50957.64453125
772.890686 13379.666015625
776.4653931 23254.525390625
794.9174194 16243.4169921875
831.4788818 52853.55078125
832.4901733 17404.8515625
862.4624023 292769.1875
863.4657593 128594.65625
930.5401001 22136.7109375
961.5328369 520123.71875
962.5338135 234696.609375
963.539917 26695.341796875
1019.552246 17628.189453125
1046.57019 15620.525390625
1060.598999 305010.375
1061.605347 134056.140625
1062.624756 20771.822265625
1102.60791 71293.0234375
1103.595337 22217.271484375
1170.645264 15716.572265625
1171.639771 71211.578125
1172.664917 15034.9638671875
1188.657227 153410.859375
1189.659424 108370.0859375
1190.656616 19134.4375
1203.640137 43817.1328125
1259.699219 138769.234375
1260.702881 66283.203125
1261.698242 14312.103515625
1387.774292 32278.267578125
1388.767578 15135.0888671875
1418.835083 15276.0966796875
