1908.9830346575 2
133.042923 22980.69140625
136.0755768 18678.80859375
147.1127777 17478.486328125
155.0812378 15073.87890625
173.1289978 91129.7109375
173.140564 8720.6708984375
175.1185303 48746.56640625
183.1124725 10771.0107421875
187.1086884 10079.65625
201.1231995 55340.8515625
204.1347961 65983.15625
240.1349182 15970.416015625
258.1443787 23588.427734375
287.1182251 53138.078125
312.5227051 14138.5986328125
315.1130676 135568.015625
327.1667175 21156.640625
330.1662292 106969.0
364.1669006 123285.578125
365.1691284 15664.1103515625
372.1333008 21383.755859375
385.866272 13446.3876953125
390.1437988 26488.193359375
421.1866455 81149.421875
427.2355957 14837.2890625
500.2304688 65866.65625
518.2401123 649209.9375
519.241394 165821.203125
520.2404785 20403.931640625
564.3062744 13547.3515625
565.3058472 21217.1953125
617.3121338 64184.1328125
790.4214478 16580.556640625
820.8664551 14059.251953125
850.4478149 45324.11328125
912.4359741 15646.5751953125
935.5620728 19929.79296875
949.498291 24111.525390625
954.4620361 43673.56640625
954.9959106 108256.4921875
955.4898682 416130.65625
956.00354 26796.7265625
956.4888306 147721.5625
963.5357056 16212.5654296875
1007.552734 271072.75
1008.547485 114457.65625
1009.568176 15019.4541015625
1064.580444 60060.81640625
1135.620239 17435.455078125
1136.642212 22785.66015625
1163.652344 60119.04296875
1164.660767 43134.81640625
1264.693237 100588.25
1265.678345 60178.34765625
1292.684204 367387.28125
1293.690186 295490.96875
1294.689209 83120.9140625
1304.547607 16487.091796875
1363.755127 154200.078125
1364.766113 98993.96875
1365.784424 55498.796875
1391.758545 218583.25
1392.768066 166840.96875
1393.760864 63572.65625
1466.732056 51214.69921875
1545.829834 41924.87109375
