814.441888296926 2
57.22431183 7212.0439453125
60.04534531 40550.16796875
60.05656052 42883.2265625
60.71268463 7496.0234375
64.12093353 7396.6708984375
67.46259308 7957.3203125
69.48819733 8025.4599609375
70.06601715 166327.984375
72.08169556 49610.64453125
74.06067657 12296.7734375
78.35074615 8814.537109375
79.36838531 7874.8916015625
84.0451355 38988.734375
84.08150482 246541.078125
84.92372894 7894.7568359375
85.08480835 10111.7099609375
86.09720612 380789.6875
86.10240173 13040.513671875
87.10061646 37166.78125
88.03986359 10171.482421875
93.84631348 8118.142578125
101.0715561 12176.5849609375
101.1081161 13649.1904296875
102.0553513 12752.923828125
110.0718689 87988.1015625
111.0752106 9045.3349609375
112.0874252 46291.93359375
115.0869446 11394.5361328125
129.06604 11607.171875
129.1025543 308801.34375
130.0866089 179003.9375
130.1064453 10270.1083984375
136.0765381 31338.009765625
147.0768127 11680.9462890625
147.1129761 194202.859375
148.116394 17706.408203125
157.1089935 33993.93359375
170.214325 9045.2783203125
173.1293945 17488.96484375
175.1193237 44334.73828125
198.6281281 60639.68359375
201.1235657 14692.765625
242.1866455 14590.814453125
250.4072723 8012.75390625
253.177597 13778.7509765625
254.162262 9774.2021484375
260.1970215 143997.140625
261.2008362 10699.384765625
272.1721497 9194.982421875
281.6637878 31885.931640625
284.1590271 13916.830078125
290.6697998 35123.515625
294.1154175 9321.0615234375
304.9737854 8287.4521484375
316.6791077 9157.380859375
330.6522827 33032.46875
343.2019043 38106.37890625
343.5359497 13011.1572265625
349.2069092 12370.919921875
349.3249512 9716.73046875
349.5378418 12903.5869140625
355.2085571 8158.0234375
369.1884155 39701.56640625
385.1948853 10349.873046875
394.2462158 10660.31640625
396.2504883 8746.25390625
412.256012 56074.02734375
413.2589111 57110.9140625
440.2226868 17571.990234375
466.2803345 18416.263671875
483.2678223 19264.564453125
488.1789856 9452.1689453125
538.2299805 11897.443359375
555.2523804 257667.78125
556.2555542 57777.12109375
668.3357544 15509.787109375
