1616.77729946761 3
113.0703583 3957.4052734375
115.0866013 4607.953125
116.0166931 4820.3676757813
116.0707169 8177.3637695313
117.1023712 4146.9321289063
120.0740509 4105.3828125
120.0812607 86514.0234375
127.0860214 5532.3486328125
129.0657349 7839.7709960938
129.0940399 5413.8764648438
129.1025391 127401.2109375
130.0866547 49164.87890625
130.094635 6627.0502929688
130.1057739 6065.697265625
131.4666748 4046.5275878906
133.0428925 27823.654296875
136.0761719 51860.07421875
138.0656738 3745.2077636719
141.065918 5138.1254882813
143.0807953 4481.7416992188
143.1179504 7301.1474609375
145.0975494 4468.3745117188
147.1040955 3341.0346679688
147.1127319 49810.0078125
151.2654266 3803.91015625
155.0810547 31050.029296875
155.0919342 4706.0302734375
155.1178589 9122.001953125
157.1337585 11516.1953125
158.1012573 54919.80078125
159.0773773 8303.9111328125
159.0913391 13197.9482421875
163.0863495 30905.150390625
167.0812683 5951.3408203125
169.0603943 11142.642578125
169.1332397 6680.3090820313
170.091568 4058.9360351563
171.0766144 4099.7353515625
171.1127319 10189.8525390625
172.0721436 6233.2783203125
173.0924225 9297.994140625
173.1285095 12402.8994140625
175.1190186 78232.390625
176.1224365 4873.2861328125
178.0643005 33791.12109375
178.0772095 4157.5249023438
181.0606079 11193.884765625
181.0974884 5935.31640625
182.1291809 7964.4516601563
183.1128387 11946.57421875
183.1494293 12860.228515625
185.1286926 6130.7055664063
185.1643677 8937.369140625
187.0713959 11232.87890625
191.0811615 13058.6533203125
194.0492859 4340.6455078125
196.0070496 4331.8198242188
196.1441193 6586.3198242188
197.1287689 11793.1943359375
198.0870056 6528.107421875
199.0709839 9474.6767578125
199.107666 5961.9033203125
199.1809845 5382.4321289063
200.1393127 10068.021484375
201.1233368 28623.765625
201.1404419 4974.5092773438
201.1601257 5102.7124023438
202.0833588 5225.8793945313
203.121521 85615.0390625
204.1231842 7632.9462890625
209.0924835 5392.8754882813
209.1408081 6009.8427734375
211.1083374 6739.0083007813
212.1019745 7027.2788085938
213.0869598 9861.0830078125
215.1396179 7114.6279296875
217.0819244 4597.6196289063
225.099823 6165.5517578125
226.1186066 10812.15234375
228.1343079 38287.28515625
231.1158905 23685.4296875
233.1300964 4812.4741210938
233.1657715 10747.53125
234.1452942 52280.85546875
234.1648865 5009.4165039063
237.135437 7860.5283203125
240.0971375 5313.0556640625
240.1708069 11351.4365234375
242.1868744 6426.0224609375
252.0371399 6158.2592773438
258.1098022 6184.1962890625
258.1430664 5414.1245117188
259.1437073 6238.1083984375
260.1060791 6039.4653320313
260.197876 12521.609375
267.1089172 21905.912109375
276.0669556 4886.7299804688
286.1145325 7259.6669921875
289.0970459 57782.4921875
294.1807251 11454.2958984375
296.1992188 5561.0883789063
304.1644287 6286.9497070313
335.1368103 20750.435546875
347.1048889 6703.5043945313
348.1672974 9276.3388671875
359.1731262 6952.4194335938
365.1929321 11136.8896484375
365.5301208 5316.146484375
366.1801758 9214.6826171875
383.1940002 8476.16796875
402.1812439 8753.890625
404.2504272 27901.451171875
422.1933594 6905.4345703125
426.2472839 7765.095703125
445.2321167 7125.3198242188
458.2458801 5226.291015625
460.2910156 9822.2958984375
466.2425537 59628.51953125
467.2390747 7142.4350585938
476.2208252 8001.0639648438
477.2122192 21583.29296875
494.2309265 5794.8686523438
523.281189 9877.7568359375
529.7840576 8164.2705078125
530.2813721 22145.99609375
530.7796631 8679.578125
533.2902222 33225.65234375
534.2918701 7336.6000976563
538.3016968 6045.4995117188
578.2745972 6965.9033203125
580.2801514 22822.30859375
580.7741699 10247.7109375
581.2695923 12465.087890625
594.326355 30736.359375
630.1672974 7105.201171875
631.2796021 6190.5888671875
647.3378296 11382.2509765625
659.3261108 7802.291015625
673.4071655 6883.4873046875
676.3615112 49494.4609375
677.3618164 23063.185546875
678.319397 100180.203125
679.3262939 9399.357421875
684.8366089 7251.1044921875
685.3323975 13284.7763671875
691.3450928 8210.1220703125
708.373291 33861.0078125
709.3745117 8931.9697265625
724.3835449 6394.0673828125
758.3778076 10281.1650390625
758.8983154 7823.8647460938
776.3817749 31416.6328125
777.3847046 7545.5498046875
779.3862915 10006.0791015625
780.3584595 28074.578125
791.4017944 73829.03125
792.4025269 32327.603515625
793.3994141 7695.7958984375
821.4666138 9815.505859375
834.3885498 7099.9838867188
852.3596802 12127.9482421875
889.4609375 10561.408203125
893.4429932 28317.57421875
902.4520264 7146.9453125
904.4768677 9811.146484375
905.4842529 21393.884765625
1022.475098 29352.578125
1159.546265 24629.025390625
1160.551636 10740.5537109375
