2012.04000489935 2
141.1016846 6846.1806640625
147.1127625 8550.3515625
155.0808411 5967.9106445313
158.1000061 8097.26171875
159.0920563 5670.0317382813
173.0552216 6309.962890625
173.1281433 5900.0439453125
174.0602264 4259.3896484375
175.1179962 5855.0322265625
180.1160583 4022.2404785156
183.1495514 10413.3779296875
187.1439056 6372.7846679688
201.1227417 8462.451171875
203.1216431 63523.42578125
209.9597015 5224.45703125
211.1440277 28268.25
212.1004791 4523.5034179688
213.1595306 7346.7509765625
215.1393433 5003.080078125
226.1197052 8316.0625
227.1023865 7041.0322265625
229.1190033 10487.765625
231.1161957 31126.21875
240.0972443 4443.1791992188
240.132843 5005.5571289063
251.1013794 5404.1025390625
254.1489716 5593.052734375
256.0924072 12752.318359375
274.1034241 22228.548828125
275.08078 6919.4609375
276.1677246 8376.513671875
286.1392822 11698.8310546875
294.1811829 68899.1796875
295.1831665 12157.71484375
300.1557312 32462.4609375
302.1517944 6502.9091796875
333.188385 25794.291015625
341.1446838 5631.3461914063
358.2151184 8344.1884765625
369.1781006 21611.62109375
376.2224426 7691.203125
387.187439 38067.4765625
388.1888428 7239.734375
399.2260132 25813.556640625
405.2111511 10238.451171875
407.2664185 7841.341796875
408.2069397 6981.9619140625
410.2415161 8016.513671875
417.1819458 30266.94140625
418.1811523 5672.908203125
422.1558533 7152.0053710938
486.2553101 10895.8544921875
502.2712097 8104.6899414063
504.3186951 153845.046875
505.322998 50628.0859375
506.3196411 6857.873046875
530.2667847 28576.8828125
545.2693481 10386.583984375
603.3874512 8168.0971679688
610.3342285 7108.1489257813
646.3117676 7733.6376953125
690.4178467 10339.1484375
691.4185181 8841.306640625
723.4024658 11530.1845703125
732.487793 6884.8935546875
739.3198242 6562.5737304688
782.3695068 10115.3232421875
890.5292358 10776.7890625
955.355896 7043.3002929688
961.4872437 9352.279296875
962.487854 9919.607421875
982.5900879 23247.287109375
983.6000366 10994.6845703125
1005.536316 24678.0390625
1006.50769 8903.6337890625
1053.618286 12134.5419921875
1054.627441 9551.15234375
1074.571899 7636.9453125
1216.619385 9448.9560546875
1249.568237 7965.072265625
1288.603271 8153.4809570313
1292.651489 7585.8525390625
1383.686157 18904.681640625
1384.710571 8162.7084960938
1413.743652 10186.6865234375
1525.713989 11723.65234375
1606.825073 9426.99609375
1927.191895 8136.7866210938
2071.915283 9272.8330078125
