1373.72610313196 2
101.0713501 355674.15625
102.055542 45516.7890625
102.0749664 40109.58984375
104.0531769 81270.7890625
110.0718842 52546.30078125
120.0810623 201742.84375
129.0657196 49366.83984375
129.1026154 147898.734375
130.0662384 38083.984375
130.0865936 37625.0078125
136.0756989 282276.9375
141.1031799 31755.583984375
147.1133118 55221.046875
155.0813293 51781.9296875
156.0516968 34348.16015625
157.0975342 48905.18359375
159.0920868 85806.6171875
175.1193237 329765.46875
183.2282867 40065.21875
185.1655884 39392.21484375
215.0853424 148947.359375
215.1393127 40858.3359375
225.3263397 34815.89453125
230.1122131 62559.5
231.1147461 54232.875
232.1128998 37646.83984375
240.0969543 55069.109375
242.1492767 43598.38671875
243.1335297 42835.93359375
279.1322021 62677.91015625
286.1211853 51584.51171875
329.1834106 42112.84765625
343.1441345 78461.015625
344.6758423 41067.0
361.1552429 157991.40625
474.2399597 60801.734375
520.6901855 35347.90625
626.9660034 39146.1171875
688.3430176 633840.125
689.343689 183376.765625
690.3533936 55400.375
733.3654175 60402.14453125
738.7027588 54081.88671875
783.4180298 42198.296875
801.4358521 254900.859375
802.4259033 161612.421875
846.4506226 44684.16796875
900.5006104 294753.5625
901.4961548 144673.671875
1013.57019 142619.234375
1014.570984 68978.5078125
