1642.82260840311 3
115.0865555 37354.1171875
116.0703964 11896.4638671875
120.0729828 15427.8798828125
120.0811157 349148.34375
121.0842972 15573.8115234375
127.0870285 28677.732421875
129.0659332 11133.533203125
129.1022949 62429.37109375
130.0856628 14468.0751953125
136.0757751 146247.640625
140.0706787 18638.935546875
142.0860596 24015.99609375
147.1123047 39272.953125
157.0970001 12875.091796875
157.1339417 11136.974609375
158.0924377 14999.7998046875
165.102478 15531.5380859375
175.0866547 11692.0751953125
175.118927 101975.953125
176.8864136 11342.8369140625
183.1134491 15801.51953125
183.1494751 21841.67578125
185.0911255 12444.939453125
185.1642914 23752.05859375
187.0924072 19936.52734375
187.1078186 389336.375
187.1449432 17447.09375
188.1111298 30990.5703125
197.1270905 16322.3271484375
198.1233826 26651.5078125
203.1024017 71530.671875
215.1030884 37237.25
215.1352081 11725.9423828125
218.1494446 14026.236328125
223.1078949 60913.23828125
226.1184082 249997.484375
227.1011658 17012.185546875
227.1216278 16156.8515625
228.1334991 18408.189453125
230.0786743 19753.34375
231.0977631 124087.9921875
233.1641693 13766.048828125
235.1063385 20349.408203125
238.9698792 15638.76953125
242.0545959 13403.72265625
247.1079865 15014.6982421875
251.102478 17014.375
259.1029358 14240.541015625
261.1583862 16341.3427734375
283.1472168 16015.404296875
303.1775208 22187.1953125
307.1438599 39148.5703125
343.1621399 68105.625
344.1810913 27409.556640625
373.1875916 64827.50390625
374.1886597 19640.40234375
414.2111206 22013.212890625
423.2247314 28169.53515625
424.2265015 21464.01953125
431.2370911 88257.6171875
456.2349854 16252.9658203125
458.2662354 18604.81640625
490.2301636 17215.923828125
531.265564 18758.453125
544.258728 17345.1796875
558.2913208 18998.5859375
569.2883911 31105.419921875
578.3041992 172231.984375
579.3039551 75712.78125
603.2791748 22558.673828125
631.3552856 20252.9765625
645.2808228 25039.275390625
681.3287354 22872.271484375
741.3666382 121676.9921875
751.9351807 20210.259765625
765.3868408 75770.8671875
766.3825073 26074.458984375
793.4257813 28870.6171875
807.9573364 23345.40234375
828.3985596 366325.90625
829.4035645 151868.546875
841.3966064 27083.28125
878.4589844 69098.1875
879.4726563 73647.0546875
927.4655151 64452.03125
1030.164551 18210.232421875
1074.527588 30763.126953125
