1163.56031436633 2
84.0450058 418118.09375
84.08150482 505889.625
86.09711456 1728624.875
88.21403503 57320.671875
91.05503845 324417.65625
101.0715027 251675.90625
103.0548172 60499.76171875
110.0716171 548517.6875
119.0494461 92319.203125
120.081192 822689.5625
121.0843811 86895.484375
124.6700211 57981.41015625
129.1024933 400575.875
130.0865784 403513.09375
136.0758362 2309387.75
137.0790863 96010.921875
143.1179504 85443.875
147.1129608 420159.6875
155.081604 451352.1875
156.0765686 87867.8359375
157.0969696 115548.5625
171.1132507 118250.296875
173.1287537 240248.421875
175.1196136 63315.82421875
178.0862732 115210.6328125
179.460083 56043.80078125
181.0964203 63720.71875
181.9372101 58871.25390625
183.1139374 80337.1171875
185.0923767 99600.3203125
199.1079865 120623.625
199.1803741 265465.5
201.1238556 279007.75
212.102356 97836.4375
213.6204071 54690.33203125
223.1079254 549234.375
226.0830841 58955.26171875
226.1187744 329988.28125
227.1017914 75705.3515625
227.1217957 80146.5546875
233.0918579 128127.9140625
233.1640015 76212.234375
240.1709442 69033.75
244.1297607 82341.5
248.1608582 61099.82421875
251.1031036 1249411.75
252.1053467 83912.875
258.1446838 97957.703125
268.1669006 66814.3046875
276.155426 77137.3671875
279.0957947 69476.140625
301.1142578 72908.9765625
327.2019348 75125.296875
341.1457825 271193.96875
343.6808777 63001.84375
345.2156067 503322.40625
397.2095337 136201.265625
429.6168823 64511.328125
446.2591858 68167.75
459.2566833 268039.21875
520.805603 69231.078125
543.3146362 701864.0
544.3180542 106258.4296875
594.281189 63463.43359375
600.2704468 84329.9765625
642.3886108 124376.1484375
668.3320313 87086.7421875
685.3498535 759174.625
686.3549194 323043.28125
691.3383789 380655.8125
721.5353394 88802.3125
