1129.48398798214 2
79.74571228 27121.072265625
84.04522705 134215.921875
84.08151245 193909.609375
86.09727478 134842.828125
87.05604553 28892.26171875
88.04006195 37736.5546875
94.28910828 23388.564453125
101.0716705 93835.8203125
102.0561142 47381.15234375
104.0534744 717677.9375
110.071785 60231.921875
120.0809326 200222.109375
123.7699432 27843.974609375
125.1521454 23552.77734375
129.1025391 325764.6875
130.0868225 110494.859375
133.0432587 41800.58203125
136.0758667 203350.484375
141.0654755 47168.55859375
147.1131134 162620.125
149.0747833 46063.79296875
158.092926 95019.703125
159.0765686 350887.3125
175.1194763 309210.28125
182.0625153 24368.125
187.0712585 223731.125
190.0986176 60563.28125
190.1464386 26453.56640625
215.1398163 94821.5234375
216.135849 46722.36328125
217.0826569 48358.140625
218.0799866 27578.76953125
234.1457214 283063.09375
235.1072998 56208.140625
243.081665 30309.27734375
243.1356201 30181.744140625
243.7728271 28170.03515625
260.1064758 144819.1875
262.1545715 25518.9921875
263.1033936 39380.2109375
305.1614685 200304.171875
320.1234131 104582.6484375
322.1439209 24960.9453125
345.1780701 43745.875
414.5144348 25319.17578125
432.2073669 34878.515625
435.2722473 28174.3984375
450.2223816 184098.765625
450.2729492 28102.1171875
521.2599487 140949.9375
522.2531128 27780.45703125
546.3037109 45935.15234375
564.3146362 740484.75
565.3163452 418306.78125
566.3158569 55673.5625
684.3206787 222788.0
685.3191528 85103.25
795.3529053 150684.8125
812.3771973 97667.453125
852.2858276 33942.83984375
933.3952637 32741.083984375
935.5587769 28443.80078125
