1454.68597361807 3
101.071579 44427.8828125
103.0549011 75036.578125
109.2161331 18087.36328125
110.0716705 505731.40625
112.0873871 105177.9140625
113.071701 19428.74609375
115.0872574 42097.6875
116.0709991 33714.6640625
117.0661926 211698.84375
118.7815857 17610.6875
119.049202 20199.5390625
120.0811539 957035.9375
121.0845184 85594.8203125
127.0503082 25949.255859375
129.1023865 117774.625
130.0868683 21239.873046875
136.075882 604380.3125
137.0798492 31249.767578125
141.0659485 75366.1796875
143.1181488 113459.6875
145.06073 135864.75
146.0612946 17535.734375
147.1132355 78648.7265625
155.0819092 25513.5
157.097229 40516.80078125
157.109024 36237.59765625
158.0934601 44402.59375
159.0764008 28886.970703125
162.1034241 64775.36328125
166.0613251 278040.3125
173.0929565 18024.892578125
173.1281433 43897.64453125
175.1192932 226318.8125
177.1027679 111600.328125
181.0975037 23879.451171875
185.0916138 41682.7109375
185.1653595 33816.44140625
187.1075592 40652.01953125
193.0974884 21502.78125
197.1287842 23731.248046875
199.1808167 307699.84375
200.1842499 23022.28125
201.1232758 84445.421875
202.1187897 23385.2109375
207.1244202 197988.046875
215.1400299 20815.359375
217.1340485 129187.9609375
219.1136627 32291.3203125
221.128479 354128.53125
222.1320801 29961.978515625
227.1755524 124482.0703125
235.1194153 907897.5625
236.1209869 81318.1015625
242.1503448 34040.45703125
245.1286163 143476.59375
246.1303253 23293.2734375
249.1235962 36506.18359375
252.1456604 19646.51953125
256.1297302 23439.791015625
259.1316223 76813.2265625
262.1561584 21299.169921875
272.1721191 23928.486328125
273.1344604 118649.265625
279.1338196 335071.1875
280.1368713 28411.001953125
283.144989 100974.515625
287.1506042 190287.875
288.1533203 28733.033203125
293.6413879 24691.142578125
301.1279907 127167.46875
302.1331177 29739.375
304.1766663 117749.8671875
322.1525269 42161.87890625
322.1880493 29071.666015625
331.1595459 36917.0859375
332.1673279 24091.220703125
340.1816406 219724.046875
340.6840515 112115.421875
346.1729126 20305.103515625
351.174469 27262.482421875
361.1602478 35250.82421875
363.1980286 32024.28515625
379.1710205 83361.1796875
384.2009583 137722.390625
385.2550354 44026.98828125
397.1715088 43257.93359375
398.1807556 145442.40625
399.1888123 23073.822265625
401.2310791 209631.71875
402.2331848 37779.5078125
418.2078857 110982.7109375
419.2381897 24104.591796875
421.2552795 91865.0234375
423.1987305 27877.732421875
424.1992188 21439.2890625
429.2381287 20312.916015625
430.1878662 39906.3046875
434.2365112 95631.9921875
435.2353516 193587.71875
471.2325439 26376.310546875
472.2871094 122236.2890625
473.29245 30624.19140625
477.7709351 37052.21484375
481.2183838 26452.830078125
488.3222046 22281.51953125
492.2941589 38265.97265625
499.3032837 25138.021484375
514.2421875 33796.3984375
516.2941895 87813.0234375
524.2247925 33062.66796875
536.2844849 76514.5703125
537.2823486 22026.359375
542.2348022 36794.58984375
545.2449341 31260.79296875
571.3516846 45154.69921875
572.357605 36871.59765625
582.3032227 521042.28125
583.3051758 224951.453125
584.3132324 21067.310546875
593.3053589 31182.33203125
597.2994995 190917.21875
598.3002319 35251.16015625
603.3486328 28590.76171875
614.2682495 23767.93359375
633.3303833 83782.8125
634.3428345 23792.232421875
671.2952271 23164.98046875
679.3557129 777001.6875
680.3638306 297993.53125
681.3618164 37464.03125
686.3829956 38710.46484375
720.362793 199506.5
721.3695068 85915.75
727.4120483 32958.8125
744.3676758 407948.9375
745.369873 117040.3203125
766.3851318 90285.5078125
767.3925781 25442.701171875
857.4422607 22961.712890625
867.4337158 22299.126953125
913.4530029 128045.3671875
914.449585 92923.140625
1043.679199 27817.998046875
1076.516724 234971.296875
1077.524414 125498.34375
