1024.42508439518 2
72.08178711 2418.1794433594
73.16888428 635.4186401367
73.18379974 601.8004760742
74.03977966 687.2027587891
74.06096649 5881.0439453125
84.04519653 8814.6181640625
84.08168793 15973.3779296875
86.09214783 1399.7930908203
86.09722137 33539.88671875
86.49064636 925.1674804688
87.0560379 1811.99609375
87.10047913 1853.0346679688
88.04000854 4709.9252929688
101.0716629 3319.5476074219
102.0556335 6930.1958007813
110.0718384 15389.65625
112.0875473 3355.7856445313
113.0713654 1385.0782470703
115.0870667 1275.3634033203
116.0712891 1549.4146728516
123.011322 837.6047363281
124.827507 700.7832641602
126.0560684 830.4449462891
127.0870438 15874.25390625
129.0659943 1591.0219726563
129.1026459 20740.626953125
130.0867157 5072.3271484375
130.096756 829.7145996094
136.0761414 7779.6826171875
137.0800934 942.8681030273
138.0446777 1325.3952636719
138.0552673 35677.8984375
138.0657043 1556.5642089844
139.0585938 1478.9517822266
141.0657196 1715.7585449219
141.5255432 793.2901611328
143.0815887 966.7345581055
143.1179047 1026.4913330078
145.0611725 1294.2352294922
147.1130524 11755.48046875
153.0666046 816.2505493164
155.0818329 9097.005859375
157.0612488 1587.8153076172
157.1344604 1697.0810546875
158.0927734 4584.0346679688
159.0766907 4573.9780273438
161.0927277 861.8674926758
167.0930328 1033.1578369141
168.0774994 999.1134643555
169.0603333 1035.7801513672
169.1333923 1173.3414306641
171.0761261 1171.7091064453
171.1130829 1855.5096435547
173.0931702 1146.7169189453
175.0711823 1162.9913330078
175.1193542 23637.716796875
181.0973816 1196.2722167969
184.1085205 740.4349365234
185.0558319 1492.4227294922
185.1290894 3266.7600097656
187.0724182 1271.9741210938
189.0877075 1289.5228271484
195.0880127 2992.5642089844
195.1132965 987.0250854492
198.1244659 3207.7580566406
202.0534973 8286.2802734375
202.0823059 1308.2901611328
210.0798187 91324.0234375
211.0844727 6407.6469726563
212.1040955 1794.837890625
213.0867157 1007.1486206055
216.0983582 806.548034668
217.0812836 994.1080322266
219.0800171 6041.8989257813
222.1272736 817.6895141602
225.100708 920.7698364258
226.1003571 2562.1291503906
226.1190338 7819.8491210938
238.1193695 938.9197387695
240.0966187 1147.9461669922
240.1351013 2746.6328125
243.1266174 2211.7937011719
244.1313019 1116.8919677734
244.1670837 1178.3356933594
256.0927734 1210.6394042969
256.1304626 850.0670166016
258.1454773 9355.1181640625
268.0965271 1065.5484619141
268.1281738 1114.8588867188
271.1754456 1489.3254394531
272.1714172 3121.94921875
274.1025391 1011.0612792969
275.1237488 1067.6188964844
276.1557312 6560.0219726563
277.0871887 1411.2858886719
283.1592102 1810.671875
284.1217651 997.9956665039
314.1369324 3490.2028808594
321.1559143 1262.2785644531
322.1554565 824.5374755859
332.1448975 972.2421875
338.1812439 1206.0128173828
339.2060852 896.8890991211
359.2055969 1094.2233886719
380.1569214 1237.04296875
383.2011108 937.7055053711
391.1845703 1425.5057373047
407.7425232 1075.9019775391
408.2421265 993.552734375
409.2211914 4823.7119140625
433.6919861 808.0418701172
445.1950378 1052.8461914063
466.2370911 3240.0905761719
466.7454834 1351.8818359375
468.2454834 2710.5993652344
469.2512512 1292.2364501953
470.2743225 5478.4716796875
480.717926 3960.1525878906
481.2158508 1270.2797851563
495.1822205 1303.0137939453
496.2535095 5437.2861328125
497.25177 1073.3265380859
501.2781677 1304.1705322266
503.259552 1652.9343261719
504.2566528 1202.1071777344
511.269165 1740.26171875
512.2600098 4296.8544921875
513.3190918 60815.109375
514.2597046 3152.8049316406
549.2529297 4086.0686035156
583.2808228 3517.212890625
584.2866211 3073.9299316406
620.2873535 1749.3530273438
632.3033447 1435.5109863281
677.3110352 7520.607421875
678.3071289 1541.9694824219
685.2850342 920.8343505859
698.3071899 3028.6372070313
703.3314209 1569.8513183594
788.3375244 5017.2202148438
789.3572998 1155.3985595703
806.3552246 5756.802734375
807.3502808 3176.5029296875
816.2792358 1384.6988525391
816.4223633 30325.001953125
817.4261475 10696.7890625
