1357.620124 2
103.2114639 15864.287109375
104.1199188 19280.50390625
121.6157379 15221.45703125
144.0313568 19171.9140625
164.4652557 19815.328125
175.1192474 114336.71875
189.087738 42399.21484375
213.1596069 25511.671875
217.0828094 76171.796875
220.8510284 18782.1015625
260.1071777 21201.37109375
262.6551514 19145.9296875
271.1777344 19029.103515625
273.0661926 22686.154296875
287.4709473 17570.927734375
373.2201843 22490.935546875
391.1463318 19564.4765625
467.3486938 40662.8828125
578.3302002 21125.78515625
635.3372192 192915.15625
636.3340454 41745.71875
661.3141479 69873.984375
662.3196411 27343.005859375
678.3417969 671861.6875
679.3435669 310473.9375
680.350708 90937.5546875
796.0839844 22816.083984375
866.4291382 23641.25390625
1141.544922 30928.185546875
1256.476807 25201.361328125
