2082.03617411712 2
147.1123657 15797.78515625
169.4909821 7066.6625976563
173.1285095 13475.869140625
175.1180115 13692.6591796875
183.1128845 12948.2646484375
199.071106 8286.2109375
199.1806946 16072.412109375
201.1233521 42102.4921875
202.1257019 7473.0336914063
203.0662079 15881.4619140625
217.1367035 13506.0439453125
219.0796967 6806.615234375
227.1031189 14430.859375
227.1762238 36537.1484375
235.1074066 8629.58203125
245.129715 10378.5869140625
247.0744629 52179.97265625
254.1503601 7646.833984375
257.1252441 9952.115234375
286.1380005 8863.34765625
289.0964966 15416.46484375
290.1466675 9153.6279296875
296.1968079 19025.341796875
298.1408997 50377.99609375
314.133606 11576.166015625
314.2073975 37296.3203125
315.1387939 9457.3896484375
315.2052307 15588.689453125
316.0966797 91427.4140625
316.1505127 59468.296875
324.0999451 12712.3125
334.1059875 89776.53125
335.1107178 10895.8525390625
360.1578064 18299.73046875
370.2084961 9208.3759765625
374.241272 20427.380859375
384.1547241 8683.5634765625
394.301239 9450.54296875
401.1868896 35002.5078125
402.1692505 20434.5625
403.1413269 12395.6611328125
411.2259521 12919.32421875
419.1969604 11254.9716796875
429.1808472 62969.70703125
429.2358398 85990.546875
430.1789551 9765.6953125
447.1914368 48000.7734375
467.261261 10209.6083984375
480.194458 21650.19921875
483.2840576 8929.5068359375
485.2775269 13236.060546875
502.2951965 20421.2421875
515.257019 39294.15625
516.2263184 14648.03125
518.2268066 20088.73046875
532.2823486 37347.765625
542.2574463 26560.232421875
560.2761841 51022.88671875
567.2888794 11037.041015625
568.2814941 12819.0615234375
662.3276367 76809.375
663.3355103 33272.90234375
727.434082 17526.021484375
825.3973999 49130.2734375
856.3990479 10055.705078125
926.4377441 35613.66796875
1040.496948 54617.234375
1041.499634 18010.92578125
1059.508301 13606.9755859375
1153.580444 44843.8828125
1154.609619 14379.5517578125
1264.559937 16287.421875
1338.644287 71011.3046875
1339.659302 55979.671875
1354.65979 13638.740234375
1392.660156 14676.9296875
1409.680786 109409.421875
1410.706299 67888.828125
1411.681763 16575.326171875
1522.768311 52523.125
1523.766113 15877.392578125
1538.723999 13788.5791015625
1766.885132 12701.07421875
