3209.74215344688 3
226.0820313 10229.123046875
228.1350403 5398.154296875
238.1194458 24369.416015625
240.1345825 98551.609375
241.1383972 9537.2734375
243.1098175 10130.93359375
244.0938721 38213.50390625
244.1654205 7956.9311523438
247.8457947 4344.91015625
248.1603699 10043.064453125
252.1371155 5159.6689453125
256.1304626 35118.69140625
266.1517029 6165.7802734375
268.1666565 33424.328125
269.0883179 7506.8427734375
286.1193542 27376.513671875
294.1818542 5967.013671875
296.1615601 26897.5234375
296.1948853 16283.138671875
299.1365051 6225.5078125
309.1913452 8177.0073242188
311.1739502 12785.1787109375
311.2090454 58023.43359375
313.186554 7429.2602539063
314.2103882 6497.0029296875
325.1887512 7419.0063476563
327.203064 69714.484375
335.1730042 8662.8828125
337.186554 55484.12109375
338.1868896 14394.47265625
339.2033997 143335.921875
339.240448 10532.259765625
340.209137 25562.8671875
341.2187805 7487.5893554688
353.1853027 21386.28125
355.1984253 51181.46875
356.2018127 5283.634765625
357.1751404 11132.427734375
358.1369629 33924.0703125
358.1781921 5856.4897460938
364.1537476 8167.6806640625
367.09021 30291.953125
369.0572205 6284.2661132813
370.1741333 8396.021484375
380.230957 23268.80078125
384.1155701 48460.7421875
393.252655 8172.1484375
401.1417847 150320.96875
408.2246704 94175.625
409.2261963 8360.20703125
410.2360535 17959.8203125
410.2840881 9512.1611328125
412.2176208 6743.763671875
423.7420349 5806.3989257813
436.2635803 6506.5825195313
438.2731628 103958.3359375
439.2781372 28152.513671875
453.2516785 7794.42578125
474.2711487 8912.7607421875
479.2623596 11136.3857421875
489.2853394 24899.75
497.2117615 9422.638671875
497.3096008 7793.7348632813
502.2674561 23831.537109375
507.3043213 116455.7109375
508.2932739 38103.6796875
509.309082 46918.46875
514.2258911 63565.13671875
524.2871094 12366.7783203125
525.3074951 7408.7377929688
526.3046875 7749.9072265625
533.3112183 7338.5830078125
537.343811 43342.15234375
541.2510986 7728.2041015625
547.3475952 13006.154296875
550.340271 8231.6591796875
551.3328247 9868.2861328125
562.2969971 45940.16015625
578.329895 65687.8359375
579.3381958 25641.388671875
585.2675171 6789.0385742188
606.3640747 111811.21875
607.362915 35116.46875
608.3748779 43925.8203125
609.3804932 7871.6245117188
610.3031616 30039.7265625
612.2890625 25158.705078125
614.3579102 6601.2856445313
623.3534546 9136.23046875
638.2972412 67481.921875
639.2946167 10127.505859375
639.3918457 8204.439453125
649.4083862 11118.9228515625
660.4366455 7622.2836914063
677.4000854 122471.78125
678.40625 37898.06640625
681.3397827 94690.609375
682.3550415 31930.763671875
691.3235474 25814.916015625
698.3026733 13000.267578125
699.4155884 366914.75
700.4205933 113053.265625
701.4274902 13058.9716796875
705.4302368 25403.275390625
706.4345093 10807.365234375
709.3330078 204007.078125
710.3376465 67843.59375
711.3448486 33325.48046875
718.3406982 45371.58984375
719.3503418 8567.568359375
748.3508911 8830.5078125
765.4174805 50827.17578125
765.9214478 42808.03515625
776.4676514 130988.171875
777.470459 64618.14453125
779.4324951 30324.455078125
779.9324341 8526.744140625
806.3955688 9292.2568359375
808.4033813 46676.16796875
809.4019775 9361.474609375
812.4994507 277985.25
813.5087891 108783.8515625
814.505188 27994.697265625
860.5595093 14051.57421875
877.4609985 65014.64453125
878.4647217 31902.939453125
879.4571533 11995.498046875
880.4168091 11776.052734375
887.4417114 10609.994140625
888.4596558 12774.2626953125
905.4540405 138450.0625
906.4586792 80397.5390625
907.4656982 32979.0625
927.5231934 74205.09375
928.5419312 45765.48828125
931.5853882 11978.765625
976.5106201 8243.7041015625
1004.511963 10759.6513671875
1005.538879 13496.6513671875
1011.521118 10006.6953125
1027.555542 10154.5126953125
1028.578857 121620.421875
1029.574585 43723.77734375
1042.574463 7676.5263671875
1059.63916 12192.4560546875
1071.582153 8580.1708984375
1092.680786 27543.115234375
1093.68103 14320.673828125
1128.637817 13154.740234375
1129.645752 9279.1572265625
1146.595825 8515.9892578125
1147.555054 10198.5029296875
1157.656982 11349.65625
1169.609497 8288.9248046875
1175.64209 180823.109375
1176.652222 90034.6796875
1177.651367 35367.73046875
1188.676636 31094.095703125
1208.646118 7628.6166992188
1209.141968 14021.2392578125
1209.640137 8805.8642578125
1217.654419 88159.7734375
1218.149292 165284.953125
1218.646362 130759.859375
1219.137939 60795.4453125
1259.686646 12270.2275390625
1274.702026 22508.177734375
1275.728149 22717.5625
1310.699463 9956.1181640625
1331.734619 61211.296875
1332.724609 42125.4921875
1346.759155 22868.94140625
1432.774536 31586.45703125
1433.777344 14656.10546875
1443.765625 10114.3154296875
1485.798218 28812.72265625
1512.82312 10075.57421875
1529.834351 310893.71875
1530.835938 228597.6875
1531.848999 108978.984375
1532.85498 13638.5908203125
1540.814575 9866.59765625
1557.847046 186094.9375
1558.853027 76443.1796875
1622.775513 29508.0703125
1623.776611 25809.330078125
1628.890015 46340.98828125
1629.889282 35240.2734375
1680.864868 10567.150390625
1725.958496 181737.171875
1726.959106 216176.40625
1727.96167 98397.1328125
1728.964722 32052.30859375
1796.979858 32197.00390625
1797.998047 25928.359375
1799.004272 11007.2890625
1949.88208 9093.76171875
2138.984375 8582.560546875
2945.444336 10509.5205078125
