1503.79741917354 3
104.053299 67214.53125
106.3045807 10862.1865234375
106.8532944 9981.8837890625
116.0711288 76295.8203125
116.9667969 9896.0908203125
120.0812531 52621.33203125
129.1027069 65876.3828125
130.0496826 13117.8994140625
130.086853 19207.3828125
143.0821075 45963.12109375
143.1183472 12117.517578125
147.113205 69277.1875
157.0606079 13904.501953125
158.0932159 18423.2265625
161.0922699 42190.359375
171.0765991 59769.12890625
171.1488037 16163.2275390625
173.1284485 45061.05859375
175.0711975 15608.9931640625
175.1191864 122835.984375
185.0554962 12513.052734375
185.1650238 125858.3203125
187.1447296 74639.40625
189.0874329 58773.703125
199.180542 51443.24609375
201.1232758 81997.8125
202.1228638 12166.2880859375
203.0666199 68591.078125
213.1599884 66137.234375
215.1386719 96659.1640625
223.1804047 21253.685546875
225.1227112 16617.306640625
227.1757813 41103.421875
229.1184235 120030.6796875
230.1216431 13183.3486328125
240.1352844 21132.744140625
242.15065 12303.271484375
243.1345825 61734.97265625
245.0776062 20569.021484375
258.1453247 117760.5078125
261.0905457 20933.107421875
270.1445007 122622.8125
271.1494141 15026.208984375
271.1781616 21347.64453125
276.1560059 108101.390625
289.1558228 10906.09375
296.197876 18200.83984375
300.1908875 14807.96484375
314.2085876 26369.650390625
328.1859741 17868.177734375
332.1079102 104139.46875
340.1488037 12438.8037109375
342.2009583 77354.046875
356.2173157 17115.859375
376.120636 11056.068359375
381.2519226 11303.873046875
389.2394714 55100.16015625
390.2408752 12149.923828125
401.2872314 24856.140625
415.2200623 18650.6796875
445.1914063 21623.0625
463.1503906 42310.8203125
502.3262329 77508.3828125
514.3683472 48063.48828125
576.2349854 21222.947265625
582.2723999 14321.6630859375
601.4042969 195523.53125
602.4089355 95852.34375
603.4067993 21761.533203125
613.3554077 19262.44140625
631.3666992 82444.359375
632.3702393 21770.6796875
675.2987061 13893.892578125
714.3702393 15065.89453125
714.4876099 210858.015625
715.4845581 86172.96875
716.4870605 23394.76171875
730.4354248 96667.796875
731.4351196 21417.12890625
790.4747925 41859.6171875
813.5619507 83278.6328125
814.5554199 47029.33203125
829.4973755 15636.6025390625
1148.006348 16999.705078125
1328.666748 14479.865234375
