2834.47682200594 3
196.1633759 6313.7197265625
199.1082764 8124.2021484375
199.1808014 77929.28125
201.1224365 8280.9140625
226.1189575 9168.45703125
227.175766 35594.3203125
230.1135864 9181.1357421875
230.9702148 6658.5776367188
244.1669464 7880.8100585938
255.1066589 6915.3833007813
265.2916565 7592.6640625
265.3199158 7310.0844726563
271.1405945 17892.900390625
272.124115 8320.76953125
274.1192932 7900.40625
280.1663818 16900.9375
284.1580811 8209.9033203125
302.1144714 43362.390625
303.1162109 9779.84765625
311.6797791 7651.71875
312.1793823 19974.787109375
313.1504822 9682.81640625
315.2073669 8618.0439453125
377.2713318 7830.705078125
415.1949158 13241.962890625
419.193634 14746.5400390625
456.1607056 9294.5751953125
528.2558594 34432.90625
566.2270508 10128.41796875
601.2705078 12595.1171875
629.3450928 9249.0224609375
691.3224487 13082.8359375
762.3527222 58619.6171875
839.4226685 12838.306640625
875.4437866 66334.328125
876.4440308 12497.662109375
882.4348145 38238.90234375
944.529541 34026.0625
945.5455933 79736.0078125
946.5581055 163114.53125
947.5322266 9602.765625
974.5167847 16031.3681640625
1030.859253 10669.0302734375
1102.566406 15481.478515625
1160.336914 10869.6552734375
1361.591187 18692.796875
1362.598267 15516.03515625
1431.689453 34243.3984375
1432.703491 37905.05859375
1461.723022 17657.275390625
1462.723267 15317.537109375
1518.740967 70809.3984375
1519.727905 80761.9375
1520.71875 30647.51171875
1617.799438 52308.3359375
1618.770752 30386.060546875
1780.834717 34627.1171875
1781.849365 41339.82421875
1782.837891 29234.587890625
1893.96106 32852.57421875
1894.969116 33309.296875
