2560.24801598312 4
181.0587311 35160.25
183.1123199 40358.5
185.0918884 67312.5703125
185.1286316 46570.90625
185.1650085 406742.375
186.1667938 32402.30078125
193.0975494 47218.984375
198.0881042 44830.4296875
200.1396637 56078.14453125
201.1245422 45783.36328125
201.1425781 32305.251953125
210.1242676 34144.46875
213.1593475 187749.390625
214.9355774 35410.0546875
216.0977173 196172.15625
218.1503754 74302.1171875
220.3603516 40830.08203125
221.0930939 51488.7421875
226.0812836 43504.53515625
228.1329956 55527.7578125
231.8358307 36928.56640625
240.1340942 81500.609375
244.0926666 298165.8125
246.1559601 63682.19140625
249.1587219 44110.15234375
254.1506958 61246.71875
256.1287231 35423.8046875
268.1003113 33159.88671875
268.1291504 38498.2109375
280.1401062 46268.14453125
284.1622925 35455.1328125
285.122467 42336.859375
285.1581421 43033.87890625
295.1047668 60085.09375
298.1426086 42274.95703125
299.1707153 48689.18359375
302.1138306 40861.8671875
313.1142578 67860.421875
317.2199707 72843.8125
318.2215881 42307.625
342.2157593 66431.875
343.1621704 85011.2578125
344.1660461 76098.8046875
345.1625366 42112.72265625
359.2399597 318076.78125
404.250061 39957.27734375
456.2442322 176325.671875
458.3080139 297086.5625
463.2321167 53830.1953125
527.3222656 49339.53125
552.187561 41903.7265625
555.3198242 60495.85546875
559.3569336 618861.6875
560.3602295 174220.828125
591.3088989 72933.0703125
591.8032227 92872.546875
607.3015747 47265.0703125
616.3811646 57520.72265625
630.3944092 488152.6875
631.3995361 209854.046875
705.3395386 153532.375
713.4298706 87229.078125
717.4290161 60744.2265625
731.4421997 352482.09375
732.442749 140484.796875
817.4290161 52240.359375
832.487793 303324.21875
833.4938965 73090.8828125
834.5048218 55525.3828125
837.4058838 54730.47265625
838.4365845 49582.30078125
846.4700317 152249.34375
865.3831787 51046.4609375
925.4631958 324337.15625
954.4840698 88559.8671875
955.5010986 59312.98828125
990.5527344 51205.22265625
1004.513611 63317.4921875
1078.536987 51166.71875
1095.474609 56071.0
1131.166626 47289.12890625
1162.593018 91784.015625
1280.638672 72056.90625
1541.549316 55715.0078125
