1280.58412741436 2
91.0548172 94545.859375
94.22154999 30878.7734375
101.0713043 91966.53125
102.0552826 63230.30859375
103.0542526 55325.7734375
110.0718155 81974.7890625
119.0498505 40338.5625
120.0810547 354683.4375
129.1026001 436931.5625
130.0653534 507210.9375
130.0865479 69085.671875
132.0809021 232024.0625
133.0430298 67086.421875
136.0758209 1285432.5
137.0794373 150200.109375
141.1017609 44539.21484375
147.113205 196744.390625
156.0809174 203664.0
157.0979462 179909.0
158.0931702 66680.4296875
159.0917816 1597855.625
160.0963593 128647.2578125
170.059967 341842.59375
173.1292725 74918.9140625
173.747818 40514.80859375
175.1192169 584117.25
181.0975494 227766.0
183.0918427 54951.1796875
183.1130219 38034.6484375
183.1493225 94502.6171875
185.1656799 41711.23046875
187.0711212 57382.2734375
187.0866394 140324.859375
199.0729675 42916.5078125
199.1811218 39992.19140625
201.1236725 69720.53125
204.1141357 272173.96875
204.1317749 40437.9609375
205.1004944 79270.4296875
211.1454926 68114.5859375
212.102478 42076.75390625
213.0887146 63910.71484375
216.0989075 42462.83203125
217.1376953 59793.3046875
218.1504669 55781.2578125
219.1493073 171607.5625
228.1149445 61432.8671875
239.0814362 147832.109375
242.1497955 46453.89453125
245.1305542 62912.40625
247.0895233 67425.8046875
265.1187134 47142.625
274.1179504 46197.8984375
280.1091003 53784.64453125
284.161377 40894.6875
292.1300964 63494.015625
293.114502 52461.63671875
301.1863098 54711.66015625
302.0970154 171178.671875
303.2084045 40725.48046875
308.1054993 44873.48828125
319.1216431 173127.265625
343.1401978 175300.359375
347.1169434 167101.46875
396.2240601 48355.29296875
442.7142334 43090.46875
443.3314819 45294.17578125
444.2202148 78378.8203125
461.2480469 411088.28125
467.2993774 46194.828125
484.3230591 152332.4375
574.3307495 356447.90625
661.362915 596995.0
662.359314 231337.609375
745.4334106 83375.8984375
746.4291382 53705.01171875
831.4125977 84392.3125
832.4168091 59331.90234375
847.4418945 258605.890625
848.4432983 82360.8828125
861.4557495 56769.38671875
916.447998 52626.328125
917.4488525 81679.546875
934.4725342 823816.5
935.4694214 425039.53125
936.4758911 61586.94140625
989.4925537 244329.484375
990.4988403 176383.921875
991.5004883 46350.015625
1049.511841 60775.0234375
1050.534058 67696.625
1094.503174 327930.625
1095.505615 175111.875
1096.492554 61402.46484375
