1006.48846938037 2
70.065979 258194.53125
72.08157349 255358.03125
74.06091309 70858.546875
84.04518127 198231.75
84.08152771 744290.625
86.09720612 977123.375
87.05595398 47350.609375
87.07836914 39646.234375
87.10057068 56277.484375
101.0713959 55700.87109375
102.0551453 51970.890625
104.0535202 901577.5625
110.0718155 380987.84375
120.0810394 252762.34375
126.0561447 42864.2109375
129.1025696 608501.375
130.0861969 169286.921875
136.0764618 395465.25
143.1193695 39076.8828125
147.1131897 228580.875
157.1334686 157713.5
171.0767822 54276.9375
173.1287537 65044.8828125
174.0587463 212416.6875
175.1195984 161901.78125
181.5213013 40182.83984375
189.088089 39535.671875
193.0971222 54154.16796875
201.0704651 154219.625
201.1231995 49495.66796875
219.0804596 250526.46875
226.1173096 44732.1875
228.0705719 42499.4453125
228.1356049 70710.5390625
230.1508484 77885.59375
233.1629944 37503.87890625
240.098175 51725.92578125
247.0751648 273026.75
248.1608887 221786.15625
260.1968384 62207.03125
292.0987549 42285.1796875
302.0995483 92263.0625
392.500885 48625.984375
432.5452576 45831.56640625
438.4753113 42041.703125
574.3557129 63022.5859375
760.4242554 51290.81640625
875.440918 53048.26953125
