1079.5754633228 2
84.04515076 70408.4296875
84.08151245 122321.1171875
84.56685638 6740.2294921875
85.08485413 7164.4990234375
86.09716797 193038.4375
87.05601501 13475.9404296875
87.1007309 8415.7998046875
91.05491638 26139.96484375
92.01695251 6021.4702148438
100.0763931 31503.197265625
100.913681 5671.2309570313
101.0715408 215796.65625
102.0557327 23321.3671875
110.071846 41811.06640625
113.0719299 5921.10546875
115.0219574 15045.060546875
115.0871506 34346.0078125
116.017067 13031.84375
120.0812454 34811.77734375
127.0870972 35240.5390625
129.0664368 10043.552734375
129.1025391 141218.5
130.0864563 44933.1328125
136.0758972 337622.03125
137.0800171 20387.724609375
143.081604 6920.9487304688
145.0973511 1038821.75
146.10112 78130.25
147.113266 103283.265625
155.0814667 36014.59765625
155.1175537 9418.7197265625
157.1342316 25362.5234375
158.0927124 32318.537109375
160.042923 36813.23828125
167.5023499 6147.15625
169.0983887 7284.0908203125
173.0923309 656776.25
173.1283264 163621.765625
173.1423492 8433.4072265625
174.0957489 52217.4765625
174.1323395 34308.2265625
175.0535889 10967.3291015625
175.1191711 44631.96484375
178.0536957 14255.171875
181.0614166 15032.4912109375
185.1285706 25825.1796875
186.0869904 71974.2109375
187.1441193 8594.216796875
199.0713043 25063.896484375
199.1082764 41727.98046875
201.1238708 44490.97265625
202.1277008 6678.8569335938
203.0487976 24094.087890625
207.112915 152913.921875
208.1156006 9528.4423828125
214.1189117 70921.4140625
222.1229095 7620.49609375
223.1086121 7813.9580078125
226.1195221 49740.55859375
226.1554413 7362.9692382813
235.1079865 89287.1953125
235.1437378 54917.73828125
236.1467133 7349.1176757813
237.1245117 8578.9208984375
240.1350861 53839.61328125
242.1157227 10015.9677734375
243.1341553 14184.7041015625
244.0917969 7520.3540039063
244.1294708 176253.546875
245.1320648 15088.6572265625
252.0365295 31014.359375
256.1647949 5736.1088867188
257.1222534 10149.5126953125
258.1448975 104410.8671875
259.1496277 8720.919921875
261.1243286 6930.1333007813
263.1393127 41378.11328125
266.151062 10089.5625
270.1810303 8245.259765625
271.1765137 11646.5859375
272.0695801 6788.4169921875
276.1557312 100664.9609375
277.1592102 9053.9384765625
285.1560974 133057.859375
289.1546021 7109.0234375
290.0812378 6792.8779296875
299.1713562 69055.2265625
300.1750183 9201.990234375
306.1471863 10816.01953125
307.1470337 9253.888671875
309.0943298 8099.73046875
312.8677979 5841.6557617188
313.1506653 7668.6279296875
353.2189941 21695.818359375
356.1930847 8099.7084960938
377.1810303 49251.2578125
378.1856995 12002.84765625
385.1562805 11413.3486328125
389.2404785 76113.125
398.2384949 11294.736328125
403.1598511 10299.1962890625
420.1836548 14415.0830078125
420.231842 7781.0302734375
428.2129211 14222.80078125
439.6458435 6800.1889648438
448.2196655 95249.9140625
449.2223206 36274.5234375
460.277832 58018.9453125
461.2784424 13498.341796875
474.2364197 14177.2119140625
491.2641907 9197.8134765625
492.259491 10181.01171875
502.2297363 32030.263671875
503.2339478 7199.3916015625
518.2684326 14014.166015625
519.2578735 76729.1953125
520.2617188 31439.701171875
527.2817383 8785.5107421875
550.7855225 7411.0244140625
557.2918701 25157.951171875
574.3215942 132826.3125
575.3201294 40299.2109375
587.3155518 13168.326171875
605.3014526 39244.6796875
606.2996216 10104.791015625
632.3392944 8296.3984375
634.3370972 8027.9516601563
673.3907471 131843.125
674.3934937 75122.8125
675.3922119 7964.9453125
676.3375244 31754.111328125
677.3391113 11174.7470703125
836.4500732 86841.0234375
837.4579468 53802.96484375
838.4510498 8940.349609375
876.451355 24115.150390625
877.4436646 12242.3603515625
907.4921265 110643.2265625
908.4934692 61347.76953125
978.520874 9193.7470703125
