2060.96614496718 2
150.313858 1959.6354980469
165.5274811 2030.982421875
175.1190033 4748.2622070313
178.365921 2074.3420410156
184.1694336 3082.0451660156
185.4720154 1744.8442382813
200.1035309 2206.6127929688
240.1342621 3294.5615234375
243.4101257 2067.7414550781
257.1245117 2508.3056640625
258.1078186 3829.1625976563
369.2268982 2707.2145996094
390.2111511 3029.4421386719
439.7342834 2569.4694824219
459.2106934 2391.9145507813
470.3082581 5320.1352539063
471.313385 11152.595703125
482.3112488 5343.1547851563
483.3100281 5244.5283203125
720.3419189 4380.1762695313
750.5301514 9146.6611328125
849.3872681 4209.7729492188
977.4567261 5712.6831054688
986.4976807 4231.3642578125
1013.488892 9253.20703125
1029.527344 66326.5703125
1030.526855 86790.875
1030.981445 8361.71875
1031.517822 42018.9296875
1105.515015 9953.3828125
1218.590332 5107.658203125
1347.624023 5290.7377929688
1445.15564 3329.3474121094
1476.696411 9326.36328125
1477.691406 4931.470703125
1605.76416 4368.1831054688
