1781.92203629873 3
124.9728165 32330.841796875
129.1020966 223905.03125
130.0861969 81896.5703125
136.0749817 83336.9609375
139.0781403 33753.73046875
143.1172943 267663.4375
147.1125793 126343.75
155.0815125 42021.80078125
155.1181641 50730.66796875
156.0747375 39551.4609375
159.0915527 50162.77734375
175.1197205 50622.55078125
183.112381 56679.015625
183.1479645 56755.60546875
185.0919342 47351.31640625
197.1278839 75323.3984375
199.2740784 48833.3984375
200.138382 95407.3828125
201.1220856 60998.56640625
211.1437683 60970.5078125
212.2858887 42243.5
215.1396027 70714.109375
224.1017914 56677.4609375
230.1143799 49388.78515625
231.0969543 42296.90625
234.1456451 189265.515625
242.1139374 253483.25
244.1656647 130583.734375
246.0908508 58138.40625
247.0448608 40727.72265625
247.0706177 49698.03515625
268.1285706 53502.0859375
287.1501465 106044.1640625
304.1767578 96979.9921875
313.1519165 112044.28125
316.6798401 114859.078125
321.1775208 425820.6875
338.5729065 50356.890625
434.2609863 101864.140625
441.2363892 83137.2109375
441.7376709 87412.9296875
535.31073 109988.2109375
547.2631226 1069311.5
548.2670898 295136.03125
549.2704468 71785.0859375
591.2632446 88094.609375
591.7719727 77705.015625
636.3569336 111676.0703125
660.3465576 731180.5
661.3449707 326672.5625
693.378418 783506.875
694.3811646 299231.25
746.4049683 104712.71875
763.3911743 206458.546875
764.40979 1032817.8125
765.421936 399638.28125
775.2385254 64256.31640625
775.3901978 92908.328125
784.4003906 102083.078125
785.3970947 70711.390625
791.388916 555580.6875
792.3898315 112432.3359375
877.4468384 128233.3984375
878.4429932 91087.9453125
881.4560547 76070.7734375
888.4022827 97983.53125
905.4292603 1625943.0
906.4317017 868261.375
907.4365234 250557.390625
991.5316772 98358.5390625
1137.032715 82096.2421875
1677.13855 83903.765625
