1517.87623972216 2
110.0715637 63039.3671875
115.086998 69045.5546875
120.0814133 110757.140625
129.0664825 25025.5703125
129.1025391 188421.359375
130.0657959 22982.9609375
130.0865479 32751.06640625
130.1057129 23756.7265625
132.0805206 16560.755859375
136.0759277 252291.40625
141.1021423 20329.0078125
142.1222687 20199.68359375
143.1181793 92978.0859375
146.0636292 88729.890625
147.1130219 104299.28125
155.1183014 83102.53125
157.0974884 24077.208984375
158.092392 17576.162109375
159.0774231 20085.013671875
159.0925446 67942.71875
169.0965881 25507.677734375
169.1334229 38452.125
171.0762177 17647.4296875
171.1133575 76856.15625
173.0559235 116527.5234375
173.1286774 34702.109375
174.0585632 248374.203125
175.0616608 33740.390625
175.118866 239885.4375
176.0542603 20588.330078125
181.0965729 27423.115234375
183.1121063 24124.865234375
183.1497803 23045.052734375
185.0919189 27696.958984375
185.1656342 32785.6640625
186.0878601 17306.818359375
186.1234131 22399.361328125
187.1443634 495000.84375
188.1484528 29491.552734375
197.1286774 93849.96875
198.0880432 17686.5546875
198.1243896 17477.720703125
199.1816254 21946.927734375
200.1393127 19552.53515625
201.1238861 60171.4453125
203.1216736 91792.1640625
212.1031494 57045.55078125
213.0874329 157422.34375
213.1596069 21899.65625
214.0907745 21744.376953125
214.118576 27566.224609375
215.1394196 411491.25
223.1076508 19503.291015625
226.1177979 109674.875
228.1350098 29546.796875
231.1162567 61544.48046875
240.0967102 19912.896484375
240.1345673 87062.90625
244.1657104 67543.5546875
246.1817932 67320.734375
258.1445007 93144.71875
259.1485901 17052.5703125
263.1442566 18508.24609375
278.1525879 22602.048828125
280.166626 30417.177734375
285.1564941 78374.4140625
286.1398926 104293.7421875
287.13974 21981.154296875
288.0996399 30235.998046875
289.0840149 328359.5
290.0877991 107908.6015625
291.0828857 37709.83203125
298.177002 65243.57421875
301.1877747 65840.125
304.1297607 29888.919921875
310.2122498 34058.24609375
311.1732178 16627.607421875
313.1531067 35871.80859375
314.1181946 34077.90234375
316.1888428 19639.072265625
326.171875 61047.54296875
327.1713562 36547.08984375
328.2243958 28011.431640625
331.141449 19795.490234375
341.1813965 17061.501953125
341.2182007 17850.361328125
346.10672 793464.4375
347.1101074 263652.0
348.1044006 142308.890625
349.1081543 18804.2734375
356.2290039 17665.3359375
371.1367798 69680.7890625
372.7414246 21026.767578125
393.2502747 35724.515625
397.2086487 24313.828125
399.2170715 19107.875
411.2585449 65879.921875
412.2592773 22237.31640625
413.1848145 27047.21484375
418.2279358 65846.4453125
426.241272 19439.953125
429.2704773 19376.3203125
431.1956177 96582.171875
432.1990967 74521.96875
433.1952515 32012.580078125
442.2086182 35580.91015625
454.2674561 18631.0
459.1915588 187504.0625
460.1924133 77872.0234375
461.1910095 30083.0859375
461.2835083 30977.6328125
470.2027893 55159.91796875
470.265625 26209.25390625
478.7800293 56820.21875
479.2795105 34374.71484375
515.3201294 118224.234375
516.3204956 31248.470703125
531.3164673 27679.62890625
560.3533325 31831.447265625
561.3465576 22413.86328125
626.3486938 25159.841796875
631.3876953 63497.890625
632.3719482 62045.20703125
668.2973022 19738.57421875
700.4124756 27259.830078125
713.4215698 154734.09375
714.4197388 59802.27734375
719.3896484 68072.8125
720.4014893 28833.279296875
744.4732056 182113.140625
745.47229 182260.0625
746.4678345 67389.015625
773.4046631 58135.06640625
774.4147339 20725.240234375
803.4445801 22342.669921875
824.4753418 21513.498046875
846.4456177 27140.388671875
859.4957886 21085.1953125
875.4844971 117131.4921875
876.477417 30110.91796875
886.491333 22560.501953125
899.4962769 34878.37890625
900.4992065 24357.748046875
901.4888916 21587.169921875
938.5151367 90641.765625
939.5255127 73611.8359375
940.5344849 36255.90234375
956.3744507 18862.404296875
956.5535278 417229.625
957.555603 762589.25
958.5567017 351999.46875
959.5516968 94027.8984375
963.4766846 64768.59375
975.5024414 37400.23046875
976.5244751 162722.34375
977.5127563 71108.1484375
992.5127563 21679.341796875
1049.534058 87318.328125
1055.609497 91875.9453125
1056.623291 223170.234375
1057.627319 147961.15625
1088.594238 24251.775390625
1089.599121 66134.828125
1190.643677 28152.958984375
1304.744019 25412.623046875
1557.802979 20829.81640625
