949.528797733068 2
69.07067871 54352.54296875
69.29974365 28337.154296875
70.06601715 457067.40625
72.08161926 336189.03125
74.06089783 71134.8984375
84.04522705 154903.6875
84.08162689 178187.984375
86.09713745 2511868.0
87.05635834 31390.12890625
87.10057068 138193.40625
88.04000092 34702.5859375
89.07163239 1277970.625
101.0713959 73253.1015625
102.0556259 52866.05859375
104.0534286 165413.1875
110.0718613 43369.8125
113.071312 38029.0390625
115.0869827 565200.5625
116.0163574 29064.05078125
116.0712891 37512.01171875
116.0904007 41743.84375
120.0811157 776711.0
121.0848541 50136.6796875
126.0556412 46187.9609375
127.0508041 61100.3359375
129.0656128 40129.50390625
129.1025696 186383.328125
129.1965942 28731.904296875
130.0866089 44764.28515625
133.0430603 227597.828125
136.0757904 130421.171875
141.0661774 207392.203125
141.1024933 41177.83203125
143.1184235 133459.328125
147.1128082 182898.953125
157.1340637 154052.75
158.0926819 137241.421875
159.1134491 34473.3828125
169.0975037 36849.19140625
170.0263519 39783.51171875
171.113327 37000.859375
173.1287231 133688.625
175.1046753 51848.70703125
175.1191711 769051.25
183.1128998 64518.04296875
185.1296692 47583.50390625
185.1649628 114155.234375
186.1240692 59547.6171875
187.1438751 310271.0
191.1186523 166317.6875
197.1287384 46832.48828125
198.022171 39876.8046875
198.0867462 398347.375
199.1807861 176478.203125
200.2171173 30001.240234375
201.1235046 512036.25
202.1257629 43502.90625
203.1227112 61205.1953125
204.0805664 260687.359375
213.1600189 70911.25
215.0484924 375563.46875
215.1394958 46612.48828125
216.0511932 30990.03515625
218.0595245 162445.8125
219.1123505 136238.65625
227.1017151 106497.65625
227.1752777 47763.55859375
228.1346588 49719.8671875
229.1191254 60680.09375
231.1161957 133469.90625
232.0757446 239798.0
233.1647186 121728.875
245.186264 112079.7265625
246.1270752 143185.28125
260.1976929 52206.87890625
284.1975098 213064.65625
289.097168 273435.1875
298.1401062 50830.33984375
305.1594543 268687.8125
322.1871033 112810.9453125
331.1437378 184543.3125
358.1456909 37757.9765625
418.2479553 41382.0703125
421.1880493 56003.17578125
435.271637 301030.3125
436.2727661 68952.265625
534.2709961 62791.1953125
535.2763062 39620.6484375
548.3565063 460822.6875
549.3574829 151050.078125
617.3379517 37835.203125
634.8885498 36327.53125
661.4417114 110471.4140625
662.437439 47211.65234375
718.4614258 788566.375
719.461853 441035.65625
871.8916016 40462.20703125
931.3460083 35674.953125
