1950.03575606025 2
136.0756683 70883.84375
140.10495 5430.6616210938
147.1129303 13945.375
167.0819244 5717.0395507813
175.118988 56729.22265625
181.0617981 7343.9399414063
183.1494141 89167.78125
199.1091614 14620.6689453125
211.1433411 62538.25390625
212.1039581 8587.0927734375
215.1392212 57859.43359375
217.1345367 13673.20703125
226.0828857 16585.611328125
227.1032867 48357.7578125
233.0925293 19435.3046875
243.1338501 147027.046875
244.0927429 38350.640625
244.1370697 8961.9326171875
245.1283264 9958.125
250.1188507 96986.1796875
261.0880127 6683.1704101563
261.1220093 14445.673828125
278.1123047 18598.763671875
288.2026978 13584.2470703125
340.1871033 10679.1171875
344.1981812 12121.9990234375
357.1768799 223584.59375
358.1401672 13328.705078125
358.1793823 13693.9326171875
361.1788635 12432.3466796875
366.1851807 9201.6474609375
375.1673584 14572.0107421875
389.1468201 13225.3203125
401.2875977 12892.578125
417.1417236 15170.6630859375
418.1278076 12857.755859375
437.2432556 14516.24609375
442.2390442 10427.7861328125
471.2301331 12297.07421875
475.2224731 17613.39453125
487.1817322 10873.857421875
492.2460022 85170.3203125
493.2480774 14433.69921875
495.2209473 14376.91796875
497.787323 150585.296875
498.2931824 86919.765625
498.7904358 16239.966796875
500.3580322 47775.3203125
520.2439575 56436.8046875
572.2695923 12436.3115234375
589.2984009 20607.5625
601.2727661 11030.783203125
601.9564819 9153.2158203125
606.3325806 14767.3212890625
611.335083 30640.16796875
617.2912598 59168.15625
776.4364624 14487.451171875
820.4499512 13353.7353515625
840.4915161 12884.876953125
842.4980469 10176.43359375
845.0377808 10050.4072265625
897.5189819 16777.6953125
898.5274048 19138.283203125
907.4985962 11611.716796875
931.4850464 11852.0908203125
932.4990234 13811.9423828125
957.4819946 15688.6552734375
975.4758301 245950.328125
976.4784546 164134.515625
977.5229492 31366.41015625
994.5686646 382403.625
995.5709229 183564.21875
996.5809937 64488.08984375
1046.545776 11702.1142578125
1105.592529 13506.2802734375
1123.606812 15406.849609375
1148.453735 19953.380859375
1203.657349 20059.201171875
1211.594604 36058.234375
1212.608765 11945.5693359375
1220.665039 610107.625
1221.666748 425486.5
1222.671387 133381.71875
1223.679443 20821.951171875
1333.730103 24297.73046875
1334.754639 37682.5234375
1339.646851 44336.83984375
1430.462524 13558.34765625
1430.803955 319091.03125
1431.803833 276670.8125
1432.804321 93815.328125
