833.444416977542 2
64.14137268 103287.1953125
65.77019501 99824.625
69.07066345 125490.984375
69.26583099 110727.5234375
70.06604004 281565.75
72.08162689 462135.90625
75.25559998 112027.5
84.04531097 124299.9453125
84.08152008 668540.9375
86.09715271 7704114.0
86.10245514 264868.875
87.10031128 170047.1875
100.5751572 104873.546875
102.0559998 178299.203125
104.0533981 148504.46875
104.1992493 115482.59375
120.0811844 733739.125
125.2572632 124473.6015625
129.1025543 725250.9375
130.0865936 508749.6875
136.0762634 214564.046875
147.1131439 809463.6875
157.1336517 3450803.75
158.1377258 172230.078125
158.6143188 118972.0
172.115921 153566.984375
173.1284332 130313.046875
175.1193695 160836.34375
185.1289978 584763.4375
187.1446838 471745.0625
199.1807251 272794.40625
215.1392975 527401.8125
233.0948944 148211.6875
243.133728 1084915.0
258.1455383 770262.1875
261.0910034 236395.40625
276.1560364 515077.125
353.1357422 121141.65625
374.1789856 167587.5625
407.1958313 797536.0
433.5800171 131049.6796875
518.2303467 218923.875
536.2401123 616200.0
649.3215332 527021.3125
