1712.8009902491 3
118.0652924 3165.3544921875
120.0804138 4021.3227539063
120.7828598 3162.345703125
126.1703186 3639.7573242188
129.0654297 3693.6730957031
129.0937653 7661.9301757813
129.1025696 131588.921875
130.0865479 37681.859375
136.0754852 21527.681640625
141.0654144 4014.6931152344
141.1016998 4334.18359375
143.0815887 4531.7451171875
143.1182404 47319.36328125
147.1030273 5380.9301757813
147.112915 86804.4609375
148.1159363 10069.93359375
154.1564941 4156.0932617188
158.0921936 8136.59765625
167.0811462 5357.3295898438
167.0935669 5029.0024414063
169.0969543 9626.5673828125
169.1334991 4741.2631835938
171.0765076 9244.8544921875
171.1118469 5922.1254882813
173.0916595 11249.580078125
173.1287384 9606.6279296875
175.1190491 23796.939453125
182.3233032 4687.2993164063
183.1496887 39575.8828125
183.1622162 3375.0217285156
184.1079407 4936.4580078125
184.1521301 10101.1015625
185.1647186 9278.00390625
186.1237793 13437.103515625
186.1670532 5183.4985351563
187.1444702 6414.1938476563
195.0878296 27749.107421875
197.1284943 5994.8237304688
201.1239014 7540.1508789063
209.0917511 25901.65625
211.1439362 31841.001953125
212.1459961 7472.1127929688
214.1194458 21747.68359375
215.1392517 6615.8696289063
216.0422516 153725.546875
216.1353149 4294.7104492188
217.0446014 7916.568359375
226.1185455 13502.396484375
226.1553802 11656.8828125
227.1025391 7883.7373046875
228.1343384 10911.7373046875
230.1491547 10128.34765625
234.1446686 11409.0302734375
241.0822601 4411.1625976563
242.1137543 10946.0791015625
243.1450958 7131.2573242188
244.1659241 48568.91796875
248.1606445 45993.671875
248.1819305 4569.6416015625
249.1651306 5237.5502929688
258.1450195 6110.6469726563
260.1977234 12439.2255859375
261.0624695 6786.3354492188
261.2010803 12019.4375
271.1412964 5838.4721679688
276.6277771 5928.3173828125
282.9796448 4814.4306640625
300.163269 5092.1606445313
310.1142883 8263.55078125
310.1699219 6513.8022460938
310.2099609 5393.3642578125
319.1703186 11991.123046875
319.2026062 20678.3359375
319.6767578 22388.548828125
321.1775513 22031.125
323.1736755 5785.5942382813
333.1721191 20526.37890625
341.1440125 6025.5341796875
345.2142029 8511.09765625
352.2083435 7217.9716796875
357.2498169 127042.8515625
358.1782532 9214.919921875
358.2531128 222253.796875
359.2561646 39832.1953125
361.1747437 5656.2060546875
380.2042542 7012.1606445313
406.213623 6113.646484375
420.2462158 22747.638671875
422.2250977 36712.44140625
434.2112732 8392.228515625
436.2321167 7818.4370117188
446.2724915 9647.3232421875
452.2215881 7337.48828125
454.6903992 12327.529296875
455.1864319 10258.998046875
463.2018738 21119.015625
464.7427673 24439.427734375
465.7414551 6767.146484375
471.2579041 6208.666015625
480.2243652 10985.017578125
495.2330627 12519.6435546875
507.2788086 76156.5390625
508.2781982 29551.427734375
511.3269348 7288.5556640625
519.786377 9374.78125
520.2894287 7316.0639648438
529.3391113 10592.9443359375
547.2312622 8885.392578125
552.2541504 6877.9213867188
563.298645 7913.5180664063
567.2817383 12115.6455078125
570.2559204 11527.6279296875
570.4077148 72040.4921875
571.3234863 7890.6088867188
571.4067383 38868.87109375
572.3372803 47009.5078125
585.286377 55254.03515625
586.2939453 12527.3017578125
590.293457 6223.2944335938
615.7666016 7571.3212890625
620.3640747 26726.669921875
637.3374634 12109.7666015625
647.3322144 10370.876953125
659.3669434 9341.3544921875
665.3307495 48048.69921875
666.3400269 12270.7822265625
672.3666382 75962.34375
673.3734131 28400.19140625
677.383667 90518.8984375
678.3860474 32284.0546875
704.3220825 8130.16015625
723.2510376 9971.28515625
755.835083 7790.498046875
770.4151611 10214.30859375
781.465271 6659.9775390625
785.4500122 39806.80859375
788.4058228 41207.87109375
789.4214478 22430.5234375
805.4475708 10007.9140625
827.4227905 41821.5234375
828.4234619 13197.380859375
900.4785767 58978.171875
901.4857788 24627.91015625
908.3708496 35192.2421875
909.369873 8203.2998046875
928.4697266 68723.3046875
929.4829712 30776.33984375
1020.449341 8584.013671875
1393.456177 8071.216796875
1402.037842 7461.802734375
