1777.89716539759 2
129.1024475 25161.6484375
130.0857544 13727.6943359375
132.0772247 12329.92578125
136.0751495 22220.890625
157.0966187 20638.625
169.1332092 108439.8984375
175.119339 183299.46875
181.0602875 88517.1875
183.1130371 59675.09765625
186.3803711 12565.1416015625
197.1285095 119554.5546875
198.0871429 25729.693359375
199.0712738 139130.015625
200.1394958 274071.0
200.2644958 14570.9814453125
201.1233215 22487.787109375
216.098053 807378.0625
217.1009674 67424.359375
225.0992584 14425.3994140625
226.081955 80352.203125
228.1343231 142158.8125
243.1086731 83632.0703125
280.7321777 14363.2783203125
288.2036133 21054.181640625
295.1038513 22497.197265625
296.1960449 22392.796875
302.1447449 17489.705078125
312.1282654 19427.388671875
313.1150208 120858.984375
327.2026062 39565.95703125
330.1409607 701798.0625
331.1441345 93174.328125
339.1671753 27771.173828125
359.2416992 174544.046875
381.1802673 26518.359375
384.1893616 26421.01171875
386.2019043 21135.642578125
398.2022095 63979.47265625
399.1909485 20370.703125
415.228363 188808.859375
416.2304382 25431.873046875
425.2116394 21991.75390625
429.2124939 27485.60546875
443.2237549 173308.40625
444.2266846 26885.916015625
457.2542114 64570.53125
476.7707825 17054.47265625
488.2799377 22353.71484375
491.2330627 19388.76171875
497.2742004 72978.171875
525.2687988 27523.73828125
526.2709961 19128.6171875
544.286499 86127.0546875
545.2880249 23592.005859375
559.3200073 65228.30078125
646.3571777 155539.03125
647.3599854 32707.814453125
730.3659668 74435.703125
755.0369873 22650.353515625
759.4416504 79728.453125
794.5669556 23102.990234375
846.4680786 119747.765625
847.4790039 66897.1171875
889.4807129 27366.34375
890.473999 28353.794921875
930.4865112 76847.015625
931.4978027 25740.849609375
933.5038452 116969.6171875
934.5113525 95195.2890625
1020.531799 428030.5
1021.529236 198657.375
1022.533813 36233.4375
1063.496216 22632.86328125
1095.456665 20527.6484375
1135.559326 284962.09375
1136.564575 183839.90625
1137.570923 64978.66796875
1218.597168 105708.2265625
1226.506714 32582.970703125
1236.605713 782905.0625
1237.6073 562546.625
1238.606323 214204.921875
1239.608154 29380.169921875
1257.64624 21856.009765625
1305.671143 22201.734375
1317.656982 60291.54296875
1318.667603 34078.80859375
1335.676514 736822.125
1336.678345 539180.6875
1337.681763 208119.25
1338.678955 31909.2109375
1448.753296 67466.921875
1449.75415 67850.296875
1536.712891 24537.03515625
1562.794556 77702.9765625
1563.806396 38688.48828125
