2322.11193212159 2
162.002655 8282.0341796875
167.0811462 10835.7373046875
175.1196136 168626.953125
187.1441498 19569.439453125
195.0762634 23273.23828125
198.123642 12406.51171875
199.1074066 19518.216796875
202.0884705 10437.0615234375
209.0922394 11045.923828125
211.1451721 14281.5
212.1033325 76068.59375
213.0873413 19323.45703125
215.1397552 16443.998046875
221.1300354 12284.478515625
226.1192932 81116.1484375
227.1041412 13743.416015625
228.1339111 11656.0078125
230.1142883 57548.05859375
233.12883 266404.09375
234.1310883 18085.75
237.1242218 10756.453125
240.0982666 146655.390625
241.0813141 29271.76171875
242.1527405 14961.142578125
247.1085968 24442.42578125
258.1091309 120521.96875
261.1239929 207079.890625
262.1228943 17570.69140625
265.1186523 29187.40234375
283.1410522 30606.150390625
292.1308289 15485.4736328125
300.1564941 19030.42578125
301.15802 11543.439453125
303.1647034 13157.087890625
318.146698 53664.88671875
326.1718445 14174.0478515625
330.1401672 16188.775390625
334.1781006 24250.986328125
338.1365662 84458.59375
339.1375122 18552.892578125
344.161438 733309.25
345.1654663 132887.40625
347.1690063 70726.40625
355.1599731 41296.46484375
362.1717224 367847.15625
363.1757507 63737.86328125
371.1948853 25937.619140625
379.2037659 16370.703125
398.1227417 16676.400390625
398.2453308 15388.55078125
402.2146301 28493.921875
429.2494812 26622.31640625
430.2061768 17383.947265625
431.2214661 13418.4150390625
443.2258606 21445.802734375
447.2600708 22905.994140625
455.1950378 56987.82421875
457.2469482 86468.4375
458.25354 18683.884765625
460.2526245 543889.25
461.2565002 111734.84375
473.2088928 57364.26171875
474.2116394 25215.732421875
475.2581177 67058.515625
490.2292175 15190.4365234375
500.2153931 26891.00390625
501.2080994 23206.029296875
513.2533569 20480.576171875
558.2385254 14363.908203125
568.2822876 16696.236328125
575.2770386 90626.9609375
583.2564697 79563.828125
584.244812 83075.171875
601.2620239 28382.515625
602.2531128 65041.078125
648.2975464 13107.26953125
669.3230591 14785.361328125
686.3613892 17791.3359375
688.362793 26829.11328125
689.3433838 20264.634765625
696.3447876 20933.6171875
697.3227539 19837.298828125
704.3596802 18444.1171875
714.3458862 26798.125
759.4008179 411158.625
760.4030151 140064.5625
761.4041138 28479.0078125
765.9333496 14497.951171875
790.3031616 16841.173828125
795.8862305 70743.7421875
796.3858032 66769.390625
832.3614502 25615.3828125
874.4318237 77966.5390625
875.428772 31711.970703125
1060.490601 91107.1171875
1061.532349 46156.78125
1153.040771 20070.296875
1161.558716 127259.0703125
1162.568359 63635.16796875
1207.631836 18621.732421875
1245.665283 17686.951171875
1308.624512 60467.21484375
1309.629028 57739.734375
1365.646851 176908.640625
1366.651367 164944.84375
1367.671997 64252.54296875
1416.653076 23518.19921875
1417.656006 70290.3359375
1476.681152 19196.880859375
1477.669067 25360.099609375
1493.729614 29555.490234375
1494.688354 25572.890625
1516.679688 21493.888671875
1572.768188 112249.484375
1573.749023 82175.9140625
1574.743896 60314.65625
1575.74707 25740.70703125
1590.760254 1162457.375
1591.760986 1129025.0
1592.757813 409601.25
1593.737915 99717.8046875
1703.856934 105669.03125
1704.851074 118542.734375
1705.814087 49599.859375
1804.896729 73144.484375
1805.916138 103005.40625
2065.01001 57875.83203125
2066.007568 81696.3203125
2067.019775 23275.98046875
