2066.97460366075 3
143.117691 11109.1865234375
144.0656128 10743.7490234375
144.0801697 7522.0454101563
146.0227203 5494.4306640625
149.0707397 17076.986328125
154.04953 35022.78515625
157.0604706 9737.248046875
158.0930023 17610.88671875
159.0790253 11369.0986328125
159.0917053 122780.1796875
160.0953064 7356.8798828125
170.0588684 9273.056640625
170.0940552 6269.3618164063
171.0760193 51604.90625
171.1132202 7261.765625
172.0713959 17914.337890625
175.1192474 166530.578125
179.0484161 40143.5390625
181.0976715 6807.8676757813
183.11203 7761.5693359375
183.1487427 17855.841796875
185.0911865 6769.1967773438
187.070816 7691.9404296875
187.1438599 12738.9423828125
189.0870972 165794.59375
193.0959778 7699.845703125
199.1071014 14206.537109375
200.1395874 9800.3955078125
201.1228638 8988.869140625
203.1211548 7712.6674804688
209.323822 6714.263671875
211.1439819 17098.2109375
212.1022339 8788.001953125
214.1197968 8171.51953125
215.1404572 11646.8857421875
216.0999451 7926.24609375
217.0820007 140063.859375
222.8903961 7304.66015625
223.1559753 8622.4599609375
224.1159363 7761.623046875
225.1000519 6997.9916992188
226.1180115 32366.4140625
227.1019897 18893.1953125
227.1758575 11698.912109375
228.1360474 7781.498046875
233.1282043 14704.052734375
235.08461 8132.9140625
240.0966187 8667.09765625
241.0815277 10061.0966796875
246.1296234 6985.099609375
246.1563721 8225.3701171875
249.1614075 8948.390625
250.0849609 17401.759765625
251.1495209 10295.82421875
252.1083984 33332.76171875
261.1240234 15143.8232421875
262.1517639 13963.67578125
270.1246033 15356.7607421875
274.1200867 7938.3349609375
274.1886292 10555.6552734375
285.1347351 9350.5888671875
288.2029114 13696.58203125
290.1331177 47972.87109375
295.9656982 7809.62890625
297.1577454 8561.23828125
298.1180725 18447.720703125
299.172699 7649.19921875
300.1694946 8971.8759765625
308.1702271 10835.431640625
311.1177063 72999.40625
312.1219482 8278.1533203125
326.1733093 9150.1923828125
327.2038879 7715.6323242188
328.1157837 8714.7392578125
330.1393738 11854.6787109375
333.1964111 9402.501953125
339.138092 9516.9794921875
339.2025452 10314.9228515625
346.1239624 36138.984375
349.124939 9408.2236328125
359.240509 18825.048828125
367.1367493 38185.40625
410.178894 50383.86328125
427.2127686 8203.38671875
438.1752014 52771.1171875
447.2557373 13227.9013671875
448.2723999 12081.1240234375
480.2280579 12787.3876953125
488.28479 10451.57421875
504.2789307 12521.5283203125
504.7882996 10258.8447265625
506.2345886 11232.982421875
516.2243652 36004.671875
523.2646484 38730.25390625
531.2959595 8814.5634765625
535.2869263 9578.9541015625
551.2521973 27738.841796875
559.3214111 144079.03125
560.3227539 16213.3984375
601.7938843 14579.4033203125
611.3157959 9872.5126953125
624.2524414 15663.65234375
629.3005371 13008.29296875
646.3306885 209853.375
647.333252 75594.703125
662.3345947 31892.302734375
663.3651733 9482.994140625
672.3096924 175362.046875
673.3153687 53067.56640625
674.3449707 36019.46875
675.3496094 12590.84765625
677.3398438 9934.0224609375
686.6095581 8644.3369140625
688.3728638 33861.3203125
688.8776245 41155.54296875
689.3362427 320213.03125
689.8737183 10882.923828125
690.3436279 111334.1953125
707.2941895 11626.673828125
718.340271 50768.73828125
719.3450317 31758.25390625
731.3892822 12549.328125
735.2780762 13497.365234375
737.3409424 13793.2958984375
739.4816895 68135.96875
740.3638916 12750.396484375
740.4876709 33742.90625
749.3938599 11335.5556640625
753.2976074 10763.625
761.4028931 34389.91015625
762.3930664 13843.3291015625
775.4029541 78751.921875
776.3954468 18518.576171875
777.3933105 34152.93359375
778.3884277 15933.3779296875
831.4056396 33826.0859375
832.4281006 30805.23046875
843.4656372 14442.8505859375
845.4549561 10573.7353515625
861.4388428 15194.8076171875
862.4900513 12936.349609375
866.3950806 10131.55859375
876.5430908 14030.9013671875
877.560791 10618.19140625
888.4309692 60056.4296875
889.4614258 15532.1513671875
890.4594116 40335.93359375
917.4716797 12395.619140625
917.9547119 13321.4404296875
918.4554443 82456.4140625
919.4794312 85256.1015625
942.5150146 12018.2841796875
967.5342407 11331.2998046875
968.5038452 14803.4833984375
985.5318604 422918.6875
986.5336304 216224.203125
987.512207 149334.703125
988.4963989 69285.375
1006.55835 57600.28125
1007.561646 27956.591796875
1023.516785 9976.9755859375
1058.53479 52389.20703125
1059.524414 33549.41796875
1064.555542 10322.0458984375
1065.521606 60520.71484375
1066.524048 52968.4375
1098.615723 61409.49609375
1099.634521 34037.78515625
1264.638428 11481.3212890625
