870.467892780234 2
70.06613159 64144.578125
72.08175659 293028.03125
73.30630493 11716.2578125
84.0816803 71020.03125
89.74861908 11270.27734375
98.98477936 25354.462890625
110.0719604 107296.5078125
117.1029358 100603.3828125
129.1027679 76548.1015625
130.0866241 15318.14453125
144.4921722 14637.140625
147.1130066 49924.421875
172.1189423 13487.3671875
175.1200104 53223.57421875
207.0886841 14815.05078125
211.1074066 49064.11328125
227.1045227 13433.958984375
228.1356812 31453.677734375
235.1084137 14888.24609375
260.3843689 14750.232421875
298.1401062 18155.498046875
306.1558533 27049.0078125
322.1763 30290.08984375
322.6747742 17661.7734375
350.2138062 14706.044921875
414.7138367 17855.970703125
417.2471313 17932.64453125
437.2137756 72466.96875
497.231842 15871.1064453125
643.3382568 68896.578125
644.3474731 23717.2109375
