908.446695608138 2
63.36849976 97528.5234375
70.06607819 184712.3125
72.08146667 138836.4375
74.06056213 152664.3125
84.04522705 209349.15625
84.08150482 145003.3125
86.09715271 3068172.75
102.0557251 265310.34375
103.6232452 117800.6328125
112.7772064 113039.25
115.0867767 126378.25
119.0677567 115170.3046875
120.0810394 149329.0
136.0759583 2828911.5
151.5817261 112194.46875
157.1338348 2974389.0
158.0921783 199573.1875
173.1293793 143697.578125
175.118866 1028657.4375
185.1286163 791634.6875
239.2112732 104889.046875
249.1597748 181925.296875
265.1191711 729763.75
278.7074585 143109.71875
293.1122742 230316.859375
344.1546021 134661.234375
364.1507263 163698.671875
432.2203674 1789024.125
543.2519531 136794.921875
561.2637939 909026.75
562.2706909 227251.421875
724.3239746 1203374.25
725.3257446 249379.0
