1286.71793016116 2
101.0714493 4998.2333984375
102.0555344 7785.8637695313
110.071785 21036.958984375
112.0591278 3205.4926757813
113.0722885 3946.7932128906
115.0217743 5895.1728515625
115.0872345 4923.3520507813
116.0708771 3654.134765625
120.0812836 6263.2827148438
128.0823669 7766.1279296875
129.0662079 4168.7241210938
129.1026764 40286.5390625
130.0870819 3687.0285644531
136.0760956 13663.04296875
136.8537903 3819.0241699219
139.0872803 4124.751953125
142.0323029 7733.6162109375
143.0809326 4174.1181640625
147.1131287 20085.3359375
155.0818329 3593.0788574219
158.0929413 14683.142578125
160.0430298 19611.32421875
169.0975189 3995.8125
175.1191864 75225.34375
176.0189209 4294.7456054688
176.1226196 5439.76171875
178.0531616 55111.58203125
179.0569458 3357.8891601563
183.1128082 5055.240234375
185.0915833 3773.3701171875
215.1138916 4361.8374023438
228.1346893 6851.4208984375
239.1503754 19684.802734375
240.1790466 3266.6179199219
243.1093445 13039.85546875
251.052063 5470.4677734375
258.1452026 6328.2197265625
275.3981934 3625.6520996094
303.2147827 20591.21484375
356.1110229 3585.326171875
356.1925354 6157.767578125
387.1849365 3574.3210449219
467.344696 4332.375
487.2893372 3496.3269042969
515.987854 3952.7470703125
539.2705688 6525.5444335938
550.2730713 4564.0727539063
601.3408203 5357.623046875
626.3550415 7856.6557617188
627.3423462 7289.1704101563
635.3532104 7389.5068359375
635.8461304 12788.8134765625
636.3457031 4632.0893554688
642.3474731 18142.134765625
643.394104 83998.2421875
643.8638916 105473.8515625
644.3654175 204316.03125
644.8657227 20506.73828125
645.3427124 37360.4453125
686.3596802 3657.8349609375
696.3579102 7523.9013671875
825.4003906 23547.373046875
826.3994141 6630.2875976563
984.5140381 5222.8374023438
1031.553223 4094.2641601563
