1082.53719430324 2
80.73152924 8048.548828125
80.74867249 8344.3779296875
84.0451889 21489.90625
84.08144379 42415.09375
86.09711456 325271.15625
87.1006012 10746.333984375
88.26230621 7948.1962890625
92.03539276 15076.865234375
95.91542053 9002.43359375
102.0558395 12009.1884765625
104.0533371 141517.4375
110.0718765 10584.1044921875
116.070816 17852.173828125
120.0811157 358778.8125
121.0849915 15675.7216796875
129.1023712 53098.140625
130.0659637 13515.123046875
130.0865173 19722.556640625
132.0805359 14868.3095703125
136.0760651 88635.28125
143.1185303 20904.640625
147.1128693 52194.984375
158.092514 9758.8271484375
159.0915833 79153.3359375
166.0860443 36835.24609375
172.1156158 134766.078125
175.1193695 50809.93359375
198.08815 16018.80859375
199.1803589 11863.5380859375
201.1234894 15909.8134765625
217.1371613 240155.328125
218.1405029 15193.607421875
233.1646576 14380.994140625
242.2183838 10218.318359375
245.1312866 15253.9521484375
255.1429749 12500.291015625
261.1600037 17746.24609375
277.1712646 11314.3720703125
283.1436768 21620.138671875
285.1191101 20428.306640625
288.2034912 12752.0478515625
294.1810303 67766.4765625
311.1389465 34433.421875
335.140625 19536.021484375
362.1736755 15948.72265625
380.1596375 48335.69921875
398.1710205 43335.2734375
439.2521057 9787.8095703125
441.2507629 11559.990234375
450.2590637 11249.0439453125
517.2722778 15877.13671875
528.2843628 20555.001953125
537.3197021 10197.4580078125
597.3184204 16830.765625
634.7146606 13330.2734375
691.3475342 16645.390625
710.3933105 15880.7880859375
838.4111938 37328.671875
839.4139404 15340.0947265625
