1799.92863001496 2
127.0501633 9796.3720703125
129.0654297 8866.89453125
129.1020966 13504.1181640625
130.0860138 10071.373046875
136.0753784 44077.5625
143.1178894 5372.318359375
145.0602417 6460.2172851563
147.1125641 17377.099609375
148.7699585 6092.650390625
166.6405182 5861.025390625
175.1195374 10036.013671875
197.1279144 7602.7680664063
198.0875244 61058.4375
204.4538116 6803.181640625
216.0977936 35457.8359375
219.1486053 8837.55078125
221.0913086 10093.2509765625
225.0099792 6601.060546875
235.1440125 18736.396484375
255.1090851 10090.1904296875
255.8804474 7361.9965820313
263.1383667 12257.44140625
274.6416931 7573.767578125
279.0177002 7012.8432617188
287.1350708 62577.46484375
320.1599426 19090.5546875
352.6965332 8399.6162109375
360.1985779 14471.197265625
378.1799316 11009.5810546875
396.1524353 8767.5
413.181427 59318.84765625
414.1851807 11120.2978515625
428.2867126 12399.3818359375
543.3517456 33320.8671875
574.329834 13353.78125
614.2563477 19761.94140625
713.3336182 34675.8828125
714.3275757 13069.2314453125
788.4727783 10880.107421875
803.3988037 18335.607421875
845.4892578 15118.1806640625
899.4763794 47634.3984375
900.4830933 34692.59765625
902.5059204 70388.90625
903.5100098 33936.97265625
946.0932617 10506.4658203125
1065.567993 96609.171875
1066.572388 35548.91796875
1116.525879 10777.0380859375
1178.661865 13400.181640625
1195.327515 9913.673828125
1255.680298 39510.453125
1256.642822 41374.44921875
1265.684814 12601.0322265625
1409.725342 18822.298828125
1460.636475 12862.7255859375
1480.714844 13723.9814453125
