1738.88424610548 2
120.0806808 444485.78125
120.0878067 44171.91015625
129.1022491 265813.5
130.0865021 45524.56640625
136.0759277 50573.578125
140.0705872 116653.4375
147.1127319 122968.734375
153.0663757 75831.640625
157.1331024 102499.546875
158.0962372 51850.50390625
160.0966644 45168.75
169.4876862 50216.95703125
173.128479 115331.34375
175.1187286 57874.19140625
183.1128693 60292.0546875
185.0916748 121459.8515625
185.1282349 286025.125
194.0919037 61754.05078125
195.0774841 86095.65625
199.1069794 66957.2890625
201.1235504 92969.4140625
203.1179199 463691.96875
212.1031342 362650.65625
213.087616 264447.96875
213.1596222 147736.09375
217.0821228 251068.578125
221.1286469 83516.9921875
226.1193237 107027.3046875
227.1036987 276984.15625
230.1141815 121217.3515625
232.1403503 77116.8671875
244.0923309 97787.9453125
244.1284027 56363.3203125
247.1428528 59121.4609375
249.1241608 277642.09375
251.1217957 493228.125
254.1502686 481902.6875
254.2841187 61421.47265625
260.1062317 103152.8515625
261.1548767 114470.8359375
266.0762634 56492.734375
272.1607056 438806.5
279.1160889 270997.15625
282.1817932 58527.67578125
284.1242676 416798.53125
294.1809082 90752.390625
295.1421509 60440.84375
297.1564331 83255.875
314.1357422 56462.921875
332.1950378 143603.171875
335.4064636 72188.625
339.2419128 112725.1796875
342.1410828 66312.90625
343.1437988 121345.078125
348.1939697 290652.5
349.1877441 86577.984375
353.1471863 158511.265625
353.2174072 72287.65625
359.1727905 120555.3359375
360.6149902 66421.9375
367.2359619 165620.28125
371.1569824 102292.9375
377.1848145 74806.5859375
378.1835938 235249.515625
381.2130127 165728.09375
401.1682129 68865.921875
405.7516479 78831.1171875
407.1768494 92411.9765625
411.1583252 105607.1484375
431.2647705 142318.953125
442.2355347 78184.71875
452.2513123 311610.96875
470.227417 113557.78125
474.2460022 116873.6640625
509.2271729 113033.2578125
513.2720947 149413.765625
524.2562866 105749.453125
530.2094727 97660.4140625
541.2662354 308830.15625
565.3363037 136881.328125
575.3155518 362195.375
602.2996826 144685.359375
664.3972778 95155.8125
673.3168335 137393.015625
715.3856812 360262.125
784.3840332 122471.109375
792.4450684 96497.46875
801.4099121 1254411.5
802.4158325 488862.21875
814.4541626 160348.890625
872.4411011 495389.21875
873.4501343 278813.90625
874.4655151 91971.3203125
901.4869995 1092977.0
902.4882813 319990.0625
907.4977417 253486.03125
978.5146484 255108.421875
985.5283203 385248.03125
986.5422974 126322.7578125
1000.555481 577961.4375
1001.557251 148971.984375
1079.573364 123410.9140625
1084.601685 159933.28125
1085.613403 133828.6875
1128.615356 517661.34375
1129.612915 274704.875
1194.598389 316364.125
1231.670898 113146.3359375
1257.658447 738095.25
1258.666992 373831.40625
1295.660889 116791.6328125
1332.720947 106243.578125
1356.717651 566326.25
1357.724365 373309.375
1485.359619 86610.7265625
1643.929565 85456.28125
1653.992676 90568.65625
