2277.02916782515 2
157.0962524 3050.7145996094
158.0946808 2672.5729980469
159.0919037 28101.37109375
170.0591888 5487.0600585938
175.1183167 3865.69140625
187.0709381 3166.9069824219
199.0695801 2855.4370117188
200.1019592 3909.8581542969
201.1231537 3344.3063964844
227.0824585 3531.5827636719
228.1360168 3217.8740234375
235.1434174 3815.2966308594
240.0982666 3119.5708007813
244.0911102 6511.2626953125
258.1096497 4424.9174804688
258.145752 17726.953125
263.1408691 4129.3642578125
276.1559143 6120.8334960938
281.9028931 3221.6015625
283.1036682 6377.2768554688
288.2033386 3939.3217773438
301.1147461 5705.4716796875
311.1327209 3547.7448730469
324.0977478 4499.9833984375
328.1261597 3688.943359375
329.1470642 3871.1313476563
342.1083069 14645.4169921875
343.1122131 4318.3520507813
354.1417847 5405.7875976563
359.1359253 19891.40625
360.1380005 4382.7412109375
367.1451721 3600.2111816406
372.1513977 6814.841796875
375.1644592 4562.0971679688
385.1481628 3959.3413085938
407.1970825 17568.052734375
412.1450806 4817.8056640625
413.1455383 6609.3896484375
430.1697998 3850.8083496094
444.1803589 3799.7822265625
456.2090149 5090.0444335938
470.1656799 4569.7163085938
474.217865 4710.0737304688
484.278595 20631.99609375
485.281189 8942.744140625
508.2469788 22627.408203125
509.2512817 4129.0888671875
513.2158813 4885.78515625
541.2144165 3975.6467285156
609.2940063 21755.177734375
610.2893066 6401.7709960938
669.2684937 5985.2236328125
672.3540649 4772.9970703125
687.269165 5450.2495117188
756.3610229 39025.828125
757.3648682 14875.205078125
844.4754639 4648.6655273438
850.3372803 5071.451171875
876.3927612 5202.115234375
912.4505005 18309.12890625
913.4522095 8077.6762695313
949.4066162 5425.5947265625
1013.505432 7019.21875
1100.531494 26292.01953125
1101.535645 6388.3876953125
1137.12146 4919.9584960938
1229.583496 23632.353515625
1230.580811 17556.9140625
1231.574219 4842.8994140625
1266.612671 4922.318359375
1319.41333 4898.8022460938
1328.643799 33658.19921875
1329.639771 27518.26171875
1330.651123 6516.671875
1427.700439 17435.359375
1428.714966 15862.7197265625
1429.693237 7854.8920898438
1590.765503 19588.150390625
1591.758911 5705.0180664063
1719.817871 6903.8188476563
1720.830566 7498.0493164063
