1276.62765069509 2
101.071373 82925.1796875
102.0559845 73044.4609375
110.0718384 1009730.6875
111.0750656 54724.8671875
114.0917511 86084.0390625
116.0714264 195251.046875
120.0813675 102389.5234375
129.1025696 194702.5
130.0864563 91122.0
136.0761871 65413.8984375
143.0814819 120170.2109375
147.1131439 328998.375
159.1130066 2075778.375
166.0615387 63219.3359375
175.1195679 92547.0625
187.1080475 1320133.0
191.1173553 59798.43359375
201.1244507 112725.8203125
210.0252686 58910.3515625
215.1398621 98608.5
219.1130981 55968.0078125
229.1190033 68900.2421875
241.1561279 59191.4609375
243.1340485 124603.421875
246.1812744 218686.140625
251.1202393 59646.0546875
284.1252747 71376.0
302.098877 83685.0390625
302.1321716 139295.328125
316.1529846 73764.0859375
351.307312 62812.07421875
361.2089539 94390.1640625
428.2636108 97515.8125
431.1394958 81232.9140625
445.190979 82658.2890625
456.2495117 81737.6171875
476.2363892 118246.953125
547.2715454 185982.421875
676.3128052 97309.8984375
779.4522095 59873.0
789.3947754 108403.828125
845.3596802 58176.7109375
898.482605 67359.2421875
904.4226074 110080.921875
980.5263062 436123.21875
981.5197754 287467.875
982.5088501 68326.2265625
991.4573975 404690.28125
992.4510498 245222.96875
1090.525635 107228.4921875
