1626.81470028072 2
118.1563721 6797.8989257813
120.0805969 7970.037109375
124.0382538 7737.1625976563
129.0935669 7931.3930664063
129.1025848 85639.7734375
129.1098328 9140.4326171875
130.0860443 54379.42578125
133.0435333 6853.158203125
136.0755463 8124.8203125
145.0088196 9401.58984375
147.1132507 84446.1015625
175.1186371 49652.625
177.78508 7912.6987304688
185.0917206 10699.5517578125
200.1398926 12040.7587890625
208.9937286 9268.8974609375
225.1603394 9971.5068359375
231.0991058 12866.5283203125
256.1300049 23167.66015625
260.1971436 76776.515625
312.1685791 14640.7646484375
339.1293945 10973.24609375
371.2309265 25630.263671875
385.2183533 13768.9912109375
387.1703796 24893.6796875
390.188385 22443.212890625
553.2728271 119493.5703125
554.2668457 13796.373046875
554.7512817 14229.37890625
619.7962646 56168.66015625
654.3170776 12879.7578125
657.3411865 20968.466796875
664.3027954 12891.5810546875
680.3430176 20508.26953125
682.3148804 123301.1953125
683.3259277 28444.150390625
741.0238647 14596.0244140625
770.3948364 25077.474609375
772.4193115 69365.90625
805.4070435 19916.716796875
805.9060669 15940.4658203125
812.4393311 22243.873046875
813.4190063 51725.93359375
813.9128418 150008.78125
814.4182129 365088.40625
814.9213257 56253.82421875
815.4269409 167938.71875
910.411438 26550.61328125
911.4066162 21039.69921875
984.4949341 18146.44921875
1011.465454 19166.333984375
1125.501099 94095.9609375
1126.509644 53177.9765625
1210.592041 48100.796875
1238.577148 25506.564453125
1339.639893 23988.95703125
1367.631348 73080.6328125
1368.629883 79723.578125
1369.641846 25036.89453125
