1785.91813029907 3
129.0655975 18620.701171875
129.1024933 187668.734375
130.0858917 21367.3125
130.6161652 19346.62890625
136.0759888 313055.5625
141.0655823 24931.3359375
143.1174622 43596.66015625
147.1123505 50093.2421875
148.0759735 21960.662109375
155.1066132 45865.5546875
155.1181183 969173.6875
156.1214294 62643.78125
159.0762177 57059.51171875
167.0809784 22705.33203125
169.0971527 27671.748046875
171.0767212 30673.568359375
171.112793 132910.765625
172.1164551 32704.98828125
175.118866 213978.34375
183.1129303 57108.43359375
185.0912323 21124.912109375
185.1634064 35001.66796875
187.0707092 113531.03125
192.4718781 19992.62109375
194.3799744 21863.8515625
195.0761566 20114.623046875
197.1278381 21967.576171875
203.1215515 877784.5625
204.1243286 33982.5078125
205.0973511 58945.4375
207.0759277 58416.8984375
212.1036224 35958.4609375
215.1395721 27366.70703125
216.0977478 60419.7578125
217.1365814 123474.9609375
223.1080017 38796.3984375
227.1026764 26038.029296875
228.132431 26854.6796875
231.1164093 319186.46875
232.1208191 25614.626953125
250.118576 381746.71875
251.1233673 54641.8671875
256.1291504 23093.291015625
258.1443481 30943.236328125
270.1086426 60030.484375
276.1556091 40784.05078125
278.1145935 30167.107421875
282.7023621 28619.05078125
283.1083374 28941.45703125
284.1243286 188775.859375
285.1257324 29958.2109375
287.1358643 29220.90625
288.118988 47597.453125
288.2019348 22347.26953125
294.8483887 28171.0
296.6954651 33017.1640625
300.1551208 40349.140625
320.1618042 31892.990234375
327.1319885 30848.833984375
351.1683044 28398.955078125
367.1268311 29571.7734375
383.1937256 26155.853515625
428.289032 30849.458984375
437.2440796 47542.4609375
446.2732544 36260.71875
453.2110291 41348.77734375
470.2310486 36003.11328125
472.7614746 31430.490234375
499.2511597 50156.59375
521.2878418 352093.59375
521.789856 239200.59375
526.3009644 66371.5625
543.3264771 896350.125
544.3304443 253161.28125
552.307373 135257.453125
553.3071289 30715.51953125
578.2981567 118711.5234375
592.965271 28251.580078125
595.3098145 64015.91796875
596.3175659 45211.5625
622.3945923 50080.9609375
628.8370361 42280.44921875
629.3291626 32294.734375
629.8373413 33500.37109375
671.4223633 195185.421875
678.3391113 214461.828125
679.3392334 57136.5703125
701.3494263 33679.6015625
721.8659668 58655.19140625
722.3721313 60226.17578125
722.8713379 44759.43359375
758.4547119 511561.65625
759.4591675 156261.796875
760.467041 41449.296875
825.4116821 109947.34375
868.421814 41209.84765625
873.4769287 281137.9375
874.4888306 123034.46875
906.3739014 38074.40234375
912.4466553 360830.78125
913.4467163 161780.28125
914.4483032 55180.64453125
944.5085449 189821.25
945.5110474 44822.87109375
960.0440674 35363.453125
1024.537231 37768.62890625
1041.568726 913711.125
1042.572144 466112.0
1043.578979 176129.375
1139.599731 48444.5078125
1155.608276 113863.6328125
1156.612671 46384.75390625
1307.139038 33968.88671875
1559.461426 39418.54296875
