2104.08859740554 2
147.1126251 11069.298828125
159.0916748 6540.7036132813
169.0970154 5842.3129882813
169.1331024 9247.48828125
171.1121368 5237.7778320313
171.8878937 4958.3950195313
172.1157684 51598.0703125
175.1185303 13816.46484375
183.1123047 7649.9477539063
185.1276093 9276.3544921875
185.1647491 7362.6948242188
187.1450348 9975.123046875
197.1277771 7744.5634765625
201.0695038 6066.609375
201.1231537 32129.33984375
203.1212921 7395.1611328125
213.1597748 9519.9365234375
215.1027374 9228.2060546875
215.1393433 14386.3349609375
217.1373138 221186.0625
218.1403961 10109.9638671875
229.1175537 8192.0712890625
231.0608978 8561.9228515625
231.1155853 11416.9248046875
244.0920715 7280.5014648438
245.1323242 170342.265625
260.1964111 30394.275390625
276.0678101 9572.9736328125
285.1998901 8614.7822265625
286.1403809 17160.1640625
296.1950684 9725.75390625
298.1409302 15738.0576171875
313.1903992 35696.26171875
316.1524658 26416.962890625
327.1288147 7530.8310546875
328.1856995 11890.083984375
330.1291199 77537.2578125
331.1296997 9984.2421875
338.1835938 10693.9560546875
343.200531 8361.025390625
344.1462097 44135.0078125
344.2015991 15552.9990234375
355.1625366 11567.4755859375
360.15802 18130.283203125
372.1069946 7414.294921875
373.1741333 14058.609375
373.2834473 15370.5869140625
401.1673279 8316.0
415.2207947 8610.5732421875
417.1800232 9155.134765625
432.2621765 10946.4072265625
441.1737366 10876.056640625
443.2154541 42669.109375
457.1752014 11827.84765625
457.2337036 9640.8505859375
459.2296753 38175.46875
460.2497559 7745.1997070313
468.2504883 11833.9384765625
474.3257751 49823.0078125
475.1871948 45572.359375
481.2340088 8138.1147460938
500.2289124 10157.6943359375
516.1943359 9549.0927734375
525.1946411 7771.8823242188
528.2509766 11961.8603515625
542.2236938 13233.5810546875
554.2557983 11219.1943359375
574.2520752 58907.63671875
575.2609253 14177.4599609375
588.2723389 10762.865234375
593.2457275 12348.9697265625
602.3881836 101146.53125
603.3922729 10685.431640625
615.2667847 11066.744140625
638.2828369 29620.4296875
644.3127441 9447.5751953125
655.3065186 28132.15234375
656.2894897 9234.326171875
659.3474731 8720.7734375
687.3417358 15701.6025390625
717.4156494 29277.19140625
728.3360596 12084.2890625
786.4472656 36371.28125
787.4506226 32735.98828125
831.4568481 44329.4921875
859.4044189 10003.0078125
894.4894409 9817.70703125
932.5006714 96095.0546875
933.508667 40052.46875
981.3812866 10064.4765625
1034.463745 12097.9990234375
1045.591064 47143.08203125
1046.601318 16769.12109375
1052.513428 34028.92578125
1122.547607 10628.986328125
1140.586426 16119.123046875
1146.634766 133057.9375
1147.64209 48401.3671875
1196.627319 12509.1298828125
1197.632813 12149.91015625
1212.6698 95947.484375
1213.663452 162477.890625
1214.666504 77615.3359375
1215.669067 33359.3515625
1245.709717 33865.97265625
1246.700806 16897.837890625
1326.733032 31789.0078125
1360.738037 32373.67578125
1399.730957 11713.3447265625
1417.763672 113932.609375
1418.753784 101134.484375
1419.745483 33817.19921875
1527.796509 12959.033203125
1528.814819 32825.55078125
1529.801636 31992.642578125
1530.814331 32299.73046875
1612.702759 13432.8115234375
1630.776978 17357.185546875
1760.909302 26351.9375
1778.937134 11367.2314453125
