2123.99574034931 2
146.0926971 4749.95703125
147.1126404 22805.28125
165.0687103 10762.2578125
167.0805664 5118.9565429688
175.1196289 5691.2060546875
188.7166901 4299.6616210938
195.0761108 8620.19140625
201.1225739 5275.03125
212.1028748 11310.6435546875
214.1547089 6295.115234375
216.0984955 8438.1328125
226.0823669 6982.2255859375
227.0661163 7203.3330078125
228.1372833 3915.1979980469
240.0983582 22060.7265625
242.1498413 7146.705078125
244.0927124 44632.09375
246.1808472 51664.828125
246.2021942 4659.0063476563
247.1857758 6508.07421875
253.0660248 4590.4731445313
257.1251526 11845.869140625
258.1443787 4783.9169921875
259.0748291 4453.041015625
276.1017151 24696.5859375
277.7086182 4376.1567382813
327.1303711 10692.806640625
342.2016907 5839.4389648438
361.2086182 31484.408203125
362.2128296 5901.5302734375
368.1586609 21081.48828125
385.1896667 7943.779296875
386.1524353 5913.6791992188
387.1355896 4815.8559570313
391.128418 34592.359375
408.1536865 10575.2275390625
409.4715271 5332.392578125
452.2540588 6570.3041992188
470.26297 8549.677734375
474.2919922 26814.1484375
475.294281 6565.4477539063
487.1383667 5796.80859375
519.1912842 8092.8403320313
566.2241211 8349.0625
587.3759766 21462.19140625
607.7832031 6277.4916992188
647.2456055 7607.8017578125
648.2526245 6348.6875
715.4329834 9968.0751953125
746.3096313 6092.103515625
763.3342896 11657.8759765625
764.3202515 7925.2099609375
844.4721069 6837.5537109375
1007.537354 10672.8037109375
1062.500854 24839.2265625
1108.578735 6883.830078125
1122.562622 6549.5551757813
1170.648682 7873.2856445313
1236.611328 12326.66015625
1237.607422 18956.322265625
1350.704834 11859.185546875
1477.750977 9725.3369140625
1708.365356 7506.517578125
