2282.09026543269 3
157.09729 9763.21484375
157.1337128 20317.0234375
158.0928345 10154.208984375
159.0769806 12993.6962890625
159.0911865 19628.28125
168.0765228 18470.244140625
169.0607605 18951.490234375
169.1334229 9586.25390625
171.1125946 17600.58203125
172.0715637 19475.0
173.1287994 89307.421875
175.1192322 18205.455078125
184.0719299 12132.8486328125
185.1287384 13181.544921875
186.087677 23652.98828125
187.1069031 9559.4931640625
197.1284332 16380.78125
198.0876617 22806.076171875
199.1825104 13707.0595703125
201.1234589 42295.6953125
210.3979645 8985.0517578125
212.1047974 9961.7255859375
214.1548767 16860.3984375
215.1022186 8308.3232421875
215.1388092 22411.607421875
216.0980682 16013.5234375
217.136673 10459.4189453125
222.1224213 9796.7998046875
225.1248627 8814.1103515625
226.153244 11021.896484375
227.1753082 15356.05859375
230.0593872 16122.779296875
232.1115112 19150.1171875
233.1286621 24122.8515625
238.0827179 10254.8203125
240.1345062 27920.955078125
242.1499939 76689.671875
244.0933838 26003.34375
245.1313324 11913.1552734375
247.1078491 18959.64453125
255.1108704 11514.9658203125
257.1609802 68028.3828125
258.1444702 147707.796875
261.1256409 10352.126953125
265.1194153 10131.1357421875
266.1497803 9415.244140625
271.1433716 10366.7255859375
272.1724243 17405.896484375
275.0808716 71699.5703125
275.1457825 10553.9423828125
275.1726074 58619.51953125
284.1930542 10130.392578125
286.1406555 22882.537109375
287.1413574 11856.9384765625
290.1159973 49564.41796875
290.1472778 15370.109375
297.1194763 16593.458984375
298.1044922 53293.81640625
299.1723938 24927.896484375
301.1869812 13762.9248046875
311.1740112 14006.484375
315.0760803 13200.5673828125
315.1322021 75439.578125
316.1694641 14322.7783203125
327.0775757 14440.0546875
329.1855469 15332.0078125
332.1027527 56180.76171875
334.1779175 17247.7265625
337.1169434 10556.978515625
338.1118774 10151.943359375
344.1018372 12637.6416015625
350.1370239 18711.982421875
353.2183228 14470.599609375
388.1642761 13659.4521484375
388.2556763 124065.8046875
389.257843 26369.72265625
398.2420044 13863.6611328125
403.2015686 45600.984375
407.1578979 22213.6953125
415.1615601 50620.62109375
428.2130737 14735.529296875
429.1230164 13637.0
433.1749268 15897.8212890625
460.1810303 16556.48046875
461.168396 44790.859375
472.2775879 43509.91796875
473.2799377 15267.9755859375
474.2341919 40673.734375
492.2459106 15557.8701171875
500.1769104 26292.1640625
501.3399963 110977.359375
516.2854614 18917.23046875
517.2012939 19039.81640625
518.1895142 155674.4375
519.1955566 55420.671875
520.2441406 20765.123046875
532.2160034 13572.173828125
535.2148438 15815.30078125
543.260498 13895.822265625
571.2376709 14096.033203125
591.2952271 15488.998046875
602.2984619 15176.908203125
603.269165 26475.767578125
610.303833 12625.392578125
620.3029785 18462.740234375
628.3239136 16748.701171875
630.2879639 50632.890625
631.2766724 64354.2734375
632.286499 20804.98828125
632.3829956 99871.2421875
633.3815308 17152.021484375
645.3069458 15531.3837890625
648.3060913 51570.3671875
674.3192139 22738.849609375
684.3140869 14357.9375
686.4271851 17366.2109375
691.3426514 14251.6162109375
701.328186 20234.939453125
702.3175659 47675.703125
703.4185791 47780.69921875
704.4257813 13566.279296875
717.3188477 21922.591796875
718.3261108 16168.669921875
719.3399048 49753.9296875
720.3461304 14987.048828125
735.3668213 63007.53125
736.3705444 42866.19921875
760.4507446 26967.65625
761.4738159 15675.6513671875
770.3469849 49868.4765625
771.3396606 15645.80078125
772.3511963 24614.748046875
788.3499756 76210.7109375
789.355835 25492.90234375
790.4525757 112033.7109375
791.4497681 78054.90625
806.366394 19269.01953125
816.4095459 46019.83203125
817.4152222 24325.7109375
848.4536743 55578.8359375
861.491394 41445.86328125
901.4481812 57255.28125
918.510437 53120.33203125
919.4727783 15635.498046875
944.5222168 16875.068359375
975.5379028 79677.25
976.5281372 16857.595703125
977.5289307 19179.7734375
995.5135498 105366.375
996.5269165 68858.3203125
1032.556519 45290.8359375
1033.545776 52219.078125
1089.569336 59807.74609375
1090.575317 50263.93359375
1091.564575 18428.794921875
1094.5802 26252.6328125
1095.574463 19817.48046875
1099.573364 19145.85546875
1165.544556 18395.5703125
1203.615356 22306.18359375
1205.619751 19207.818359375
1262.595703 21695.34375
1347.647217 16588.8125
1363.64502 17570.3515625
2163.571777 17749.421875
