1294.64517335921 2
92.03469086 65339.08984375
95.62828827 30308.689453125
101.0713425 154341.5625
102.0552673 75586.015625
104.0531998 35482.03515625
110.0723038 30562.599609375
110.162941 31990.359375
115.0874176 36149.0859375
119.0493851 32707.248046875
119.0819397 613774.3125
120.0813217 143477.359375
129.1026611 615612.6875
130.0863495 208373.90625
133.0427399 45323.64453125
136.0756531 201985.765625
141.0662994 47166.6328125
143.1177063 125054.0078125
145.0974121 74161.0859375
147.1134491 302155.40625
155.081955 36492.6484375
157.1329193 45297.51171875
159.076767 72760.6875
168.0774994 59662.98046875
169.0972748 76275.8203125
169.1339111 52286.29296875
171.0761871 326900.28125
171.1134796 178164.734375
173.0920563 43808.3125
175.1191406 63291.32421875
180.1022644 445917.5
183.1129608 154544.796875
185.1282654 64196.3984375
185.1644287 36444.4296875
186.124054 71712.9375
197.1286774 36543.63671875
200.1044617 72704.2109375
201.1237793 176791.671875
204.1344452 250199.265625
210.0235596 44771.30859375
212.1035767 46256.45703125
213.0865021 59988.37890625
213.1600342 45465.95703125
226.1184998 123557.2578125
227.0492096 116788.78125
229.1188507 64030.30859375
230.0762329 43858.13671875
233.1318665 52045.484375
234.0908051 138191.625
238.6676941 36624.09765625
240.0974274 73220.8359375
242.1138458 264549.65625
242.1492615 66906.4140625
254.1483612 42798.6328125
257.1245728 65093.5078125
261.125946 192343.6875
261.1549988 117237.296875
262.0853882 310559.6875
271.1405029 132987.375
275.2076416 50692.6796875
282.1820679 41008.3984375
283.1763306 57575.6484375
301.1870117 1032551.4375
301.7678528 34505.4609375
302.1899719 143375.234375
303.1131287 43540.8359375
313.1880493 126016.140625
315.1160889 33430.95703125
324.2023315 41638.72265625
325.1864929 197182.859375
330.1468506 37126.5703125
333.1228638 256804.21875
338.3245544 32415.951171875
341.2202454 42056.71875
386.1436768 43734.8515625
402.1988831 37658.234375
404.1607056 53313.59375
439.2607117 36370.7578125
447.6304016 32809.16796875
453.2480469 45144.3203125
464.2525635 70474.625
465.2477722 53907.9296875
466.255249 33394.8671875
522.300293 162306.296875
548.2659912 44429.26171875
551.2828979 138681.65625
556.3811035 76282.546875
643.4107666 46933.82421875
644.3308105 73654.8203125
647.3532104 44804.1171875
650.3474731 128304.2421875
662.3602905 36669.4140625
691.7999878 41504.98828125
763.4257202 124476.578125
872.4836426 70863.234375
873.4818726 42056.68359375
923.3673096 72498.75
965.4822998 45099.49609375
1028.562378 44634.16015625
1036.456055 44294.75
1096.534424 47995.16015625
1097.545776 50886.75390625
