1334.6596071818 2
101.0715256 189338.828125
101.9170074 72343.328125
102.0554581 119011.7109375
109.4298019 76186.875
120.0810623 1234223.875
121.0847168 92825.6328125
129.1024017 492128.71875
130.086853 159996.09375
136.0760498 593096.3125
145.6931915 75440.5703125
147.1131592 188843.5625
171.0766602 103702.84375
171.1132507 165750.65625
173.1293793 389148.9375
175.1195984 427312.75
181.0972595 136527.625
186.0879211 123786.9609375
191.0811615 88164.65625
199.1074066 106595.015625
200.1409149 90945.3828125
215.1394196 390255.28125
219.1501923 152180.609375
225.123764 99322.140625
233.0927429 82402.90625
233.1647491 785395.8125
235.1432648 110102.6953125
241.0841064 122603.6484375
242.1497345 364883.375
251.1027832 4065021.0
252.1058807 474481.84375
252.1324005 95511.3046875
257.160675 181009.296875
258.1448059 479096.46875
261.1608582 144978.5
270.1451111 119544.078125
275.1712952 406693.0625
277.1192017 93572.828125
279.0671387 122014.515625
279.0979614 3331028.25
280.1000977 407904.90625
315.6702271 89367.0234375
320.1607056 147939.890625
362.1691589 98102.703125
378.1668701 781794.1875
379.1665955 154743.671875
384.1871948 329569.40625
390.2014465 273120.59375
407.6898499 95348.625
443.7331238 155627.921875
456.2218933 164112.34375
471.2123108 84686.390625
473.2471619 1737018.375
474.2486877 191732.484375
492.7187805 93473.234375
498.8018494 81317.3984375
503.2851257 111946.078125
588.269043 103383.546875
612.2960205 373778.03125
617.3250732 116105.609375
688.3602295 163916.109375
789.3972168 180254.34375
814.3652954 389540.3125
815.3694458 153217.09375
829.5739136 105036.9140625
879.4188843 169053.125
879.9163818 111644.3828125
886.4675903 1039682.875
887.4556885 499388.71875
957.4932861 501934.125
958.5 137145.21875
1057.255493 89390.53125
