973.56660815329 2
70.06602478 569715.4375
72.08168793 327245.25
74.06071472 59488.40625
75.05619812 141711.609375
84.04520416 132953.625
84.08140564 254137.9375
86.09724426 1208634.125
101.0718002 78082.7109375
110.0720444 379555.96875
116.0298386 61571.73828125
120.0812225 251410.984375
129.0662231 88989.390625
129.1028442 446541.03125
130.0868683 98440.125
136.0155792 65142.3046875
147.1132813 239919.140625
154.0511322 77487.1328125
159.1129303 1288494.0
159.1248322 86507.046875
169.0610962 232473.875
171.0759583 76505.359375
175.1189423 114536.3125
185.1652985 212589.25
186.0884857 136584.65625
187.1079865 626178.25
189.086853 128366.9609375
204.1344147 113035.0234375
215.1386566 110720.0625
219.2098999 71132.96875
221.1186523 103185.921875
235.2370605 59636.33984375
246.1817932 105224.328125
248.1602783 115981.390625
249.6647797 72025.328125
254.1503906 80927.109375
300.1912231 96913.8125
305.182251 135478.078125
346.240509 69316.640625
417.2459717 97399.328125
487.2980042 65273.37890625
487.7831116 126708.4609375
488.2838745 78362.71875
559.8787231 69274.2734375
575.2304077 61143.87890625
575.3092041 471631.625
576.3195801 91374.921875
674.3816528 136761.546875
675.3764038 114932.3671875
787.4645386 93653.2578125
788.4533081 67508.984375
