1438.69850792276 2
101.0716019 737517.875
102.0554123 323050.375
108.8192139 129368.03125
115.0869064 287005.46875
120.0810699 1128321.75
129.1024017 982596.5
130.0868378 342572.46875
131.1180573 2897313.5
133.043457 291494.1875
136.0760803 162294.75
141.1024017 226054.640625
143.1177673 223221.6875
147.1129608 586885.5
154.9373322 158673.46875
155.0818024 222390.6875
157.1330414 162359.46875
159.0763092 282742.21875
175.118927 263856.5
187.0719299 200350.40625
191.118988 160992.078125
197.1284943 301773.34375
200.1036682 714410.5625
208.0973511 862836.5
216.0423889 213127.46875
217.0810394 179356.0
225.1235809 1717478.375
227.1026154 261999.5625
230.1131744 186866.859375
232.0766754 148250.171875
242.1499023 4529334.5
243.1536255 324228.09375
248.0702362 172943.09375
256.1686401 142815.890625
258.1437378 205324.046875
261.1549988 539288.375
275.0799561 222950.265625
288.1327209 197698.296875
296.1602478 177436.28125
296.1961975 173167.65625
306.1468201 166417.03125
313.1872253 1892588.5
314.1896667 237858.3125
315.1312866 209285.421875
327.216217 221968.6875
356.1456909 636810.8125
421.1838074 294542.375
455.1626587 159259.8125
457.2339172 184320.84375
458.2281799 203992.625
475.2525024 204475.65625
493.7501526 162268.0625
508.2195129 2064837.25
509.2201538 225507.671875
568.1224365 176357.578125
588.3339233 275038.78125
619.2469482 226575.0625
627.3115845 187820.90625
637.2598267 1106475.125
693.4901123 167463.953125
719.932373 2800928.25
720.4296875 2417887.0
720.9271851 1150195.0
750.3423462 826876.4375
751.3389893 219788.90625
759.3165894 208883.671875
769.3096313 1044436.625
770.2988892 229410.375
787.3056641 797209.375
787.4321899 232473.34375
821.3759766 927022.3125
822.3725586 243549.09375
832.4346924 218536.453125
892.4150391 319040.6875
902.4639282 577670.375
957.8219604 161298.21875
979.4422607 854279.875
980.4536133 285625.65625
981.4468384 167923.171875
985.4007568 286633.0625
1013.405029 532536.625
1112.629883 327725.09375
1126.514893 767292.875
1127.506714 323585.90625
1142.435425 295935.8125
1197.532349 637178.75
1198.550903 698196.5
1199.559692 309039.28125
1264.674438 241686.453125
