1037.44496940864 2
72.08171844 114573.359375
84.04510498 313785.25
84.08161926 830486.5625
85.39653778 76301.6953125
86.09714508 2211343.0
87.05595398 387971.375
87.10054779 110151.5703125
88.04020691 624796.25
90.74945068 75397.0390625
92.03453064 111659.2734375
101.0715637 111472.734375
102.0554962 154553.640625
103.0543365 82363.5
104.0536575 99510.3359375
110.0717163 1106849.125
120.0810013 652310.5625
124.9067459 77782.90625
127.1354599 71338.6171875
129.1026917 919884.375
130.0866852 438653.46875
132.0802002 73831.5859375
136.0759583 805529.9375
141.065979 357024.65625
147.1129456 637090.0625
147.9987183 73654.7890625
158.0919189 576384.25
159.0787811 122386.28125
159.0906067 546029.3125
169.0605164 141029.75
175.1196899 832231.5625
182.080719 99644.9296875
186.087326 126908.7265625
187.1087494 104561.765625
197.128006 89675.3671875
199.1807251 328606.03125
209.1034088 81349.265625
223.1556396 193104.359375
230.0763855 89008.5703125
231.0974884 75893.90625
244.1647339 80977.21875
247.0750275 117070.3828125
251.1503448 166895.453125
258.1437683 77569.5546875
260.1974182 110070.5703125
303.096283 135885.515625
322.1891174 147683.984375
352.694519 93842.421875
427.0907288 92166.1171875
453.7788696 135279.6875
488.315155 145109.078125
493.2066956 108804.109375
508.2658386 379665.09375
529.5414429 108531.4296875
535.2108154 85190.25
601.402832 444353.90625
602.399292 113455.765625
737.3470459 135680.546875
758.9644165 92399.15625
810.5031738 131521.625
852.3552856 295910.15625
864.8378296 107721.2890625
885.1313477 93092.1171875
933.3758545 123170.921875
