1069.62524277974 2
79.06209564 50547.17578125
80.98787689 55619.25
84.0450592 80184.90625
86.09712982 1909451.875
87.05586243 90417.2265625
90.43603516 69250.21875
92.02846527 150163.21875
101.0715561 57717.23828125
115.0508957 116729.765625
115.4612579 57117.83984375
116.0707626 82301.2265625
120.0810623 3158367.5
122.3623886 50873.87109375
125.1073151 105820.3984375
136.0757294 126324.7734375
147.1135101 56358.0234375
150.2786255 47302.84765625
157.0977478 82379.40625
169.097229 67677.390625
173.1286469 575168.25
175.1193237 944867.9375
183.1499786 72771.28125
183.7831573 59278.671875
185.0922241 81413.3828125
191.1195068 70662.8359375
199.1077728 947553.1875
201.1236115 216559.4375
219.1118164 94664.0859375
219.148468 97747.7265625
227.1027679 688446.0
228.135849 88807.7265625
234.1253052 72006.0703125
243.1342163 64799.87890625
255.9506989 52475.57421875
259.0909729 70041.296875
262.1186523 635296.1875
267.1490784 66593.625
271.1751404 99642.890625
288.2041016 107953.5
295.1433716 71298.6484375
318.1266174 74932.6484375
335.1503601 84007.234375
356.1456604 275788.4375
381.1912842 92085.2890625
401.2882385 308254.15625
419.1749268 68673.4140625
426.2484436 78955.7265625
427.36203 71920.421875
435.2581482 999271.25
435.7602539 344380.15625
436.1949463 305113.34375
436.2535095 85662.5234375
514.3707275 572326.375
515.3720703 101904.8828125
546.2426758 77304.0546875
547.2278442 115726.34375
564.2576294 709792.5625
626.1339111 57709.125
643.4146118 1281655.75
644.4161377 549134.0625
645.4229126 83531.2578125
663.3283691 732612.125
703.4108887 132805.078125
754.4487915 224866.734375
772.4553833 1433339.0
773.4559937 551802.0625
774.4579468 111681.2109375
810.3983765 443712.46875
869.5151367 591058.5
870.5129395 460964.75
957.4680176 62834.01953125
