1023.55112206139 2
72.08163452 332223.75
84.04529572 45837.625
84.08139801 208143.84375
86.09711456 789478.5625
87.05599976 31935.26953125
92.02735901 37657.5390625
120.0810089 550338.0625
129.1026764 220038.4375
130.0652924 283949.375
130.0866089 157306.828125
132.08078 269796.875
133.0436401 45846.94140625
135.8398438 43601.0546875
136.0759735 325235.0625
142.0647888 51100.09375
144.5970612 32410.40234375
147.1128845 243597.140625
159.0917053 675322.3125
160.0958557 62260.76953125
168.0813904 33593.84375
170.0599518 648655.875
171.0636902 39376.6171875
173.091095 38720.60546875
175.1194153 154537.171875
184.6481934 32358.62890625
187.0861206 157408.0
191.1179962 283073.9375
198.1287384 52679.6328125
199.1806793 156399.5625
200.1428833 269058.03125
201.1231537 36849.65234375
219.1130371 79439.7265625
227.1540527 43047.09375
234.1453857 40314.6640625
235.144104 52765.20703125
246.1812744 164189.921875
251.1031647 51870.12890625
255.1486969 533709.6875
256.1516113 57532.12109375
263.1384888 43662.93359375
272.1754761 461049.46875
273.1801147 61900.56640625
283.1445313 67445.515625
298.1395569 82482.5546875
316.151123 213932.328125
322.9729004 37057.78125
366.1285095 205451.125
409.2431946 123523.7578125
451.2198486 48859.7578125
465.1974182 44149.33203125
498.3361511 42479.8828125
547.3112793 58108.65625
611.2984619 77559.8671875
694.3773804 73269.515625
724.3838501 279133.75
837.4651489 177344.203125
906.9525757 38762.0390625
