2490.24067239926 3
171.1131744 12083.369140625
173.0919342 27074.306640625
173.1285553 13202.501953125
175.1183777 89747.8984375
181.0727539 12990.748046875
181.0966187 50896.21875
183.1124573 18147.638671875
185.0554962 21910.361328125
185.0922852 15692.6611328125
187.0720673 17374.841796875
187.6970215 9871.7470703125
197.1285553 33089.984375
198.0877228 18711.794921875
199.1086578 12217.9541015625
199.1799927 26187.73046875
200.1397247 50463.76953125
201.1237183 106686.6484375
204.12117 10188.7060546875
210.0878601 19103.4296875
212.1036987 15772.7939453125
215.1385498 28991.005859375
216.0973816 16613.79296875
218.0588226 50861.1796875
226.1188049 16284.21875
227.1013031 10927.802734375
227.1757355 53389.28125
228.134201 22315.783203125
228.5846863 11626.6787109375
229.1181488 86421.6640625
233.1279755 58574.42578125
235.0883026 15953.59375
235.1781158 10004.4951171875
240.1347961 111336.9453125
242.1516113 13163.9619140625
243.1107635 23213.90625
243.13414 77554.2734375
244.1393738 10563.326171875
247.1432495 11142.7373046875
250.1190796 13203.4697265625
253.0933533 154679.8125
258.1448364 22912.232421875
260.1960754 26082.58203125
261.1231689 48348.7578125
262.1510315 23830.66796875
264.0702209 11626.7216796875
264.0970764 12083.4267578125
264.1331482 10931.490234375
267.1079102 16484.84765625
271.1037598 180794.546875
272.1060486 12581.5078125
276.0658875 113308.4296875
276.1531372 15340.490234375
277.0671387 14730.5322265625
280.1117249 21021.73046875
292.1298218 25033.86328125
294.1798096 14223.8798828125
298.1047058 26731.47265625
299.1747131 18082.85546875
299.5431519 11436.287109375
300.0824585 30679.40234375
304.1586914 15846.19921875
309.1564026 23135.013671875
310.113739 62906.23046875
311.1706543 15923.271484375
324.1018982 16887.5625
326.1170349 54984.84765625
327.1665649 54744.703125
334.1741333 15201.1337890625
342.1435242 117477.0234375
343.1607971 87780.8671875
353.1813354 14708.4755859375
357.1792603 18088.458984375
361.1567993 21160.189453125
363.1883545 107293.46875
365.1268005 94504.4140625
369.1759644 15421.2236328125
377.1600037 18586.974609375
389.1480408 24331.03125
390.1671753 65583.1953125
391.0925293 91302.3984375
395.168457 17353.6640625
403.2318726 18158.59375
407.173584 17146.529296875
408.1846924 19005.556640625
411.1872559 31601.91796875
421.1476746 63827.37109375
425.2164001 60462.36328125
428.2212524 15423.2978515625
434.225708 75217.0546875
438.1856995 17079.21875
445.2814636 18286.4375
447.1882629 53256.94921875
456.2107239 61363.53125
457.2132263 20317.958984375
462.1298828 55157.7421875
505.2635193 65103.37109375
506.230072 21944.6015625
508.2533875 15497.0693359375
512.30896 15442.359375
516.2093506 52427.3359375
516.3166504 22685.20703125
534.2231445 50906.0078125
542.2805176 26871.51171875
551.2560425 33065.15234375
554.2376709 17482.689453125
558.3076172 20444.046875
569.2941284 18547.546875
584.3048096 51534.4921875
588.2769165 93923.1640625
589.2858887 52953.359375
602.31427 853038.9375
603.3189087 253059.171875
604.3214111 52713.2734375
619.3187866 28409.361328125
620.3167114 19257.95703125
629.2979736 66101.6640625
630.2913208 28584.3046875
647.3067017 71697.0078125
650.8531494 31860.248046875
652.3717651 26669.1015625
670.3765869 369043.625
671.3792725 138046.03125
697.3979492 16969.869140625
714.4091187 108457.359375
715.4003906 254457.28125
716.4090576 128347.5234375
717.3167725 105171.5078125
718.3284912 63271.6796875
732.3869019 19014.287109375
733.3425293 20630.453125
744.4519653 19185.69921875
760.390564 21613.69140625
816.3903809 114075.328125
817.3986206 54822.57421875
828.4860229 232014.15625
829.4919434 118872.2265625
830.4797363 79818.90625
830.9657593 19877.421875
831.4690552 76605.3828125
846.4349365 65584.734375
847.4379272 17549.076171875
849.4573975 18497.55078125
861.4835205 64943.59375
862.4996948 25480.29296875
871.5002441 72842.2578125
877.4472046 18917.798828125
889.4440918 23490.3359375
941.5679932 30927.0703125
942.5710449 24384.541015625
959.5355835 43772.5546875
960.5126953 23311.28515625
963.4499512 146059.859375
964.460022 106601.8046875
965.463562 25937.24609375
974.4731445 20216.791015625
976.5046997 16752.849609375
1046.574463 87190.6328125
1047.561523 57960.3515625
1056.579956 29721.119140625
1088.561768 52620.96484375
1089.561523 28739.615234375
1103.579956 206347.046875
1104.580688 144494.109375
1105.601074 48589.46875
1113.633545 25022.099609375
1123.484619 202394.25
1124.504761 141311.796875
1125.493408 69807.03125
1159.60022 31431.361328125
1200.657349 61027.80859375
1201.632446 20769.353515625
1202.666504 30030.5703125
1203.642822 22758.71484375
1230.588135 20447.365234375
1270.5625 57334.85546875
1271.558716 29378.44140625
1272.582764 20691.701171875
1274.640747 28016.953125
1299.710571 241636.890625
1300.709351 284494.25
1301.71228 109102.890625
1327.566162 140831.71875
1328.580933 124742.84375
1329.566772 58046.859375
1350.568848 23058.16796875
1351.543945 18831.1640625
1415.704834 17236.302734375
1487.616699 29871.650390625
1488.595947 30001.546875
1549.692627 25377.0234375
1550.683472 60691.00390625
