1302.54079230477 2
91.05475616 12551.4345703125
93.04542542 12420.326171875
101.0715408 71428.984375
102.0556259 45006.8671875
104.0533905 11946.7841796875
108.7770767 9864.38671875
110.0718689 182021.796875
112.0875626 14191.021484375
113.1152267 9245.4384765625
115.0871582 22734.361328125
116.0713272 14242.2978515625
117.0579681 12917.79296875
120.0812454 197397.484375
128.1076813 11459.353515625
129.0663757 12418.9599609375
129.0936737 19677.361328125
129.1025848 272018.5625
129.1115723 20457.734375
130.0653534 189139.40625
130.086792 83519.3125
130.0967102 12261.6298828125
131.0822601 13067.3349609375
132.0809021 80647.8359375
133.0424957 16474.224609375
136.0757446 120665.609375
141.0669098 14720.1650390625
143.1181946 68532.5546875
145.0613708 14304.3642578125
145.0973206 12601.21875
147.1131287 109838.0625
155.0821838 62273.05859375
155.1178741 12750.2138671875
157.0621185 11164.0283203125
157.098053 12009.728515625
158.0929108 25170.158203125
159.0779419 17878.162109375
159.0918732 368192.09375
160.0755615 10648.994140625
160.0955658 20812.34375
167.0822449 16721.927734375
169.0974731 14278.4697265625
169.1337433 18560.103515625
170.0603638 130628.3515625
171.1133118 21245.98828125
173.056488 23034.09765625
173.0917816 11540.9599609375
173.128952 132976.734375
175.1190796 177077.46875
183.113266 19816.505859375
183.1495514 53071.93359375
184.0727997 15026.7822265625
185.0921326 20252.375
185.1646729 13232.390625
186.087616 14908.517578125
187.0713654 20757.3984375
187.0865479 13735.6513671875
187.1080017 45907.87109375
187.1441193 121437.171875
195.0765076 10632.083984375
197.1295624 14242.7109375
201.0875397 12652.5615234375
201.1237946 95952.6015625
202.0853882 104044.4375
211.1443939 44496.71484375
212.067337 19262.9140625
212.1029816 13255.1220703125
214.0990143 17936.9609375
215.0812073 14662.7529296875
215.1390228 43498.5234375
216.0424042 12193.1005859375
221.1293182 17774.3046875
223.1079407 56375.7578125
223.1561127 18026.078125
224.1105652 11647.3046875
225.1023254 10407.4072265625
225.9727478 20573.17578125
229.0945435 14090.673828125
229.1289825 12036.7490234375
231.1242523 22550.755859375
235.1437378 14055.8232421875
238.1197357 39939.06640625
240.134964 15643.947265625
242.1510315 15690.8671875
246.1560516 16349.029296875
251.1506653 16328.818359375
255.1450348 12426.6611328125
258.1454163 13789.70703125
261.1567993 12518.7392578125
266.1143188 20919.265625
272.1714478 11854.642578125
273.1357117 14941.8642578125
274.1282654 16886.7265625
277.1171265 14456.91015625
282.1813965 13980.62109375
284.1254883 14378.4697265625
285.0873413 139309.140625
286.0892639 19583.92578125
302.1134949 41748.89453125
310.1766357 22687.5078125
310.2110291 15181.3837890625
325.1859131 11827.20703125
340.1326599 11117.09765625
340.2017822 11397.9130859375
349.151123 20760.818359375
350.1504822 14436.0458984375
351.2053833 12857.36328125
359.238678 14875.4013671875
360.1983948 17518.880859375
362.2056885 13108.3740234375
372.1309204 15603.90234375
377.1403809 11889.646484375
385.1717529 19790.794921875
390.1431274 259357.453125
391.144928 45211.046875
395.1496887 17293.310546875
396.1480408 11204.6572265625
399.1246033 11950.150390625
403.1563416 13291.47265625
406.3074646 11829.341796875
430.2728882 12387.7734375
454.1764221 75807.8359375
466.7043457 10375.625
472.1787415 14662.361328125
501.3141479 63100.80859375
502.3197632 12187.57421875
503.2290344 25618.494140625
542.2142944 13748.32421875
542.3045044 23875.05078125
564.2910156 14219.994140625
583.2779541 13797.703125
600.2817383 240944.4375
601.2797241 75317.671875
617.3598022 21849.03125
629.296875 15997.640625
629.3745728 55657.8203125
632.3300171 12710.359375
635.3199463 24026.37890625
636.3262329 13818.419921875
639.3140259 12346.958984375
642.2217407 12888.3515625
642.3287964 15949.001953125
642.8306274 14701.1171875
706.3693237 16623.21484375
714.3240967 75243.4765625
742.4281006 53860.5390625
743.4229736 14282.6298828125
766.9146118 12888.3046875
825.355835 18789.322265625
827.5077515 100382.6875
828.4975586 20379.162109375
839.3950195 20503.302734375
856.4543457 41084.578125
857.4414673 13267.8818359375
860.4217529 42005.76171875
871.4916992 54475.8984375
872.4987183 15275.27734375
900.3823853 24598.978515625
901.3817749 20561.5625
928.5065308 13563.548828125
929.5132446 19414.875
939.4937134 23749.6328125
952.3295288 13411.1142578125
953.4123535 53756.62890625
954.4194336 22839.470703125
955.4370117 14801.59375
964.5600586 17478.39453125
989.4595947 15484.8115234375
1000.535339 41508.67578125
1001.422729 16120.7177734375
1002.43512 21766.173828125
1003.458252 16089.5302734375
1101.504272 15294.7587890625
1102.504028 15502.5
1103.549438 18439.458984375
1116.44751 22501.943359375
1117.458618 16512.984375
1129.576538 21326.91015625
1130.570679 44029.3046875
