1385.70963598115 2
98.02432251 29522.970703125
101.0714111 26201.013671875
102.0556793 107259.078125
104.0534134 168145.046875
110.0717621 114219.6484375
112.0871201 78872.0078125
115.0870361 67173.3828125
116.0711899 67539.140625
120.0812607 504711.8125
121.0845947 19629.04296875
124.1123657 95404.0625
127.0869904 142596.15625
129.0662689 27664.796875
129.1025696 290990.5
130.0868073 132081.203125
131.0817108 38299.8828125
131.1178131 42829.890625
133.0430908 43510.01953125
136.0756836 158266.46875
141.1024475 180314.421875
147.112854 213753.625
152.0712738 21797.333984375
155.1181793 22827.037109375
157.133606 205541.46875
158.0925293 103715.875
169.0975647 273879.53125
169.1336365 777702.6875
170.1371918 43168.71484375
171.076828 21787.033203125
171.1129761 33329.046875
172.1157379 42827.359375
173.1287537 23786.8125
175.1190643 643755.75
179.0816956 44042.25
183.1126404 69103.078125
183.1493378 156190.53125
185.1287689 85388.5234375
185.1649933 32732.658203125
186.1239014 1269688.375
187.1270142 90624.5859375
189.069519 22696.96875
197.0919189 25561.44921875
197.1288757 73586.875
198.0885162 22993.22265625
199.1800995 35228.00390625
200.1397247 29169.603515625
201.0695801 26790.611328125
201.1239319 43494.453125
204.1342316 139077.765625
207.0767822 83132.6015625
211.1448517 74669.1328125
212.1038208 27058.380859375
213.1611481 55961.1796875
214.1188049 451543.0625
215.1216431 28570.076171875
217.137085 918172.5625
218.1392059 84712.8203125
219.133194 22876.318359375
226.1181335 64111.4296875
227.1036072 42726.8828125
227.1763 26984.169921875
228.1058502 36694.015625
228.1342468 33428.65625
229.0654449 20513.291015625
229.0945587 26230.607421875
229.1165161 39965.04296875
230.0777893 87199.125
240.0977478 73083.8984375
242.1499786 30601.083984375
242.1873322 24791.16796875
244.1665497 153608.78125
245.0768433 41994.453125
245.1321106 615004.1875
246.0908203 632906.4375
246.1325684 77826.7890625
249.124527 37754.1171875
258.1087341 28448.416015625
260.1969299 105818.7421875
267.1062012 19027.486328125
269.1245422 33546.03515625
270.1469116 24492.904296875
271.1834412 25626.181640625
274.1237183 31038.07421875
282.1800232 23377.322265625
284.1239014 94662.890625
284.1561584 32468.8046875
285.1285706 22031.291015625
285.1981506 27142.169921875
286.1513672 33200.08984375
287.1351624 74453.6875
299.0993652 28210.982421875
299.1782532 22373.87890625
302.1537781 29226.6171875
304.1617432 1876643.375
305.1643677 228878.546875
308.1250916 18694.59765625
314.1508179 27961.85546875
315.3345032 18528.712890625
316.1513062 22965.052734375
317.162262 25712.462890625
317.2190247 74783.5078125
320.1601257 96454.3046875
326.1712952 135890.34375
327.2026367 113422.3359375
337.2238159 18856.3828125
343.1608276 26415.52734375
345.159729 321860.9375
346.1619873 22399.23046875
357.2128906 28166.44921875
359.1746216 946995.625
360.1781616 174300.90625
361.1694336 27379.470703125
373.1512756 29023.12109375
373.2781982 31739.46484375
374.2412415 33705.1640625
391.1961975 83881.0234375
399.1493225 24017.095703125
402.1635437 39525.953125
403.1642761 30884.123046875
413.2210999 150305.546875
419.1873779 86015.4140625
427.2301636 24010.3828125
428.2466736 25793.80859375
430.2485657 263669.0625
431.2489014 36593.921875
434.2030945 31973.671875
437.2045593 27494.095703125
440.2857666 19244.2890625
455.2142944 39676.3671875
458.2411499 195628.8125
459.2445679 44317.58984375
468.689209 20594.2109375
472.2429504 33382.52734375
487.3185425 19540.123046875
501.2451172 27450.90234375
526.3067627 69732.2734375
527.2944336 108129.3046875
549.8233032 23610.513671875
569.2891235 22571.15625
575.3334961 37981.04296875
582.2595215 20968.1015625
611.3013916 21393.375
612.3012085 178335.09375
613.2980957 39727.5625
629.3256836 832799.5625
630.3306885 255094.859375
631.3303223 23087.060546875
641.9741211 19340.9375
644.2974243 21940.91015625
650.385498 66706.9765625
682.3637085 17958.427734375
688.4262085 20134.0234375
692.8569336 30619.294921875
693.3699951 98768.171875
731.4003296 21142.865234375
740.3421021 31032.876953125
758.3640747 103061.5859375
759.3580322 31353.208984375
762.3892822 22630.37109375
766.3997803 25656.513671875
786.3771973 20428.6484375
797.3762207 30717.666015625
800.4028931 21622.376953125
815.3892822 1363099.125
816.3911743 591543.4375
817.3927612 90297.796875
820.4185181 29320.16796875
880.3831177 75502.40625
911.4521484 28814.888671875
916.5109863 70611.375
920.4551392 33442.8046875
928.4727783 1111896.625
929.4772949 536478.625
930.4778442 132537.71875
938.4313354 29481.94921875
1011.417786 21735.255859375
1027.538208 213794.265625
1028.551636 141899.640625
1029.5448 26140.408203125
1035.492065 114728.265625
1036.503906 35626.21484375
1037.484863 24791.046875
1068.491089 82824.03125
1083.44458 34899.6015625
1088.536133 31420.8203125
1124.549805 39362.6640625
1141.589111 298513.84375
1142.594604 181675.734375
1143.585815 43826.56640625
1155.566162 25508.126953125
1156.558472 28400.06640625
1173.600342 29024.99609375
1174.609497 31860.248046875
1272.621826 30534.52734375
