1609.81383560502 2
116.0706711 60929.609375
120.0806732 135290.109375
127.0865936 113222.8203125
129.1017456 85539.3359375
130.0656738 49029.87109375
130.0850983 49964.8984375
135.1467743 42542.83203125
136.0754395 67688.3984375
141.1021271 52596.640625
157.0965271 51348.52734375
157.1330566 116156.578125
158.6227722 50166.28125
159.0909729 97647.4765625
172.0705261 53669.74609375
175.118454 267074.34375
183.1119995 72343.890625
183.1480865 97815.9140625
186.5080872 43799.82421875
196.7324219 47350.57421875
199.1084137 92073.5390625
201.420929 52602.2265625
211.1446838 85622.1953125
212.1012573 49722.359375
215.1387329 285673.84375
216.0983124 101068.8125
222.1472015 63758.875
227.1026306 272435.25
232.1412354 60954.25390625
243.1337128 577076.9375
254.1511536 81079.6796875
259.0924377 103512.015625
284.1246338 96899.6484375
286.1550903 92207.234375
313.1855774 80200.578125
336.4654541 63552.0390625
340.1844482 75578.4140625
341.6580811 69856.9609375
345.1590271 75765.140625
369.2175598 73275.7578125
372.1762695 316224.28125
576.2924805 67210.1015625
689.369751 97834.34375
723.821167 74451.5390625
760.4147949 290048.5
761.4193726 96940.8359375
799.4625244 321294.1875
804.4316406 142525.453125
805.442749 131094.953125
907.4829102 284631.03125
957.2904053 70943.234375
971.5363159 924360.375
972.5374146 286080.4375
1021.525208 364950.75
1022.545166 83521.6171875
1138.641968 250427.546875
1139.627075 247746.703125
1141.640381 140540.625
1184.584839 279217.0625
1185.59375 118332.6875
1308.657349 107773.03125
1399.685547 133429.359375
1400.668335 149233.921875
1412.929565 101907.6328125
