1855.96170956632 2
129.1026001 12773.3798828125
130.0860138 5579.6040039063
136.0754242 28230.0
143.1174011 5838.4604492188
147.112381 8584.2373046875
158.0924835 4677.9287109375
167.0818329 8320.4560546875
175.1189728 13901.216796875
181.0965729 14392.9580078125
186.1231232 8011.4887695313
187.1444702 126871.9453125
188.1469727 9232.087890625
195.0762024 5298.6049804688
199.1811981 5175.9638671875
207.0765533 4653.9721679688
212.1025391 12331.4140625
213.087265 9846.8408203125
213.1601257 6238.4301757813
214.1199951 7663.61328125
215.1394806 129560.9609375
216.1426544 5813.1474609375
221.1286469 8877.6171875
222.130127 5437.7021484375
226.1189423 13652.740234375
226.1551666 9604.2607421875
227.1759033 11787.7587890625
231.1132965 11974.5244140625
233.1661835 13269.27734375
240.1352539 5472.2275390625
242.1117249 5945.0629882813
243.167572 4993.4301757813
244.165741 43675.29296875
247.1078949 5798.8525390625
249.1231689 38386.6015625
258.1440125 6834.9013671875
261.1590881 25423.6875
262.1196899 24447.095703125
268.1674805 5431.9365234375
269.1251831 13589.4228515625
275.5499878 6042.9287109375
281.12323 5640.3212890625
289.1890259 7808.2514648438
299.1359558 9724.8134765625
310.2140503 9891.4208984375
314.1500244 10490.5703125
317.187439 7299.7221679688
323.1720276 9077.0703125
328.1900024 6582.5014648438
328.2230225 51713.4453125
329.1869507 6850.3955078125
329.2246094 9878.1142578125
332.1604004 13056.7861328125
333.1631165 6512.8354492188
344.1972656 30586.140625
345.1576538 10650.927734375
346.1420593 5628.0600585938
351.1688232 8925.7666015625
360.1552124 6490.314453125
362.2073364 8737.1611328125
363.1682129 11476.5849609375
378.1839294 5891.8803710938
396.1519775 12843.5
407.2294617 23594.654296875
413.1802979 26850.0390625
423.1491394 6950.333984375
427.237793 8502.1640625
453.2842712 11032.0126953125
454.2850037 7271.3017578125
462.2348022 14431.8642578125
469.1637878 6837.6806640625
478.2105103 9487.638671875
479.1880188 9718.939453125
480.237854 6758.3701171875
496.2160645 30984.4609375
540.3121948 7473.6206054688
558.3297119 8315.93359375
609.2979736 11319.8310546875
610.3161621 9016.7392578125
622.3162231 8050.4848632813
642.2495117 7927.9609375
643.2637329 7650.2958984375
649.2946167 32039.732421875
659.2799072 53720.91015625
660.2711182 38814.06640625
677.2871094 49312.83984375
678.2962646 8287.1123046875
759.3360596 7643.5908203125
902.4362793 9484.0087890625
903.4074097 11382.568359375
911.4661865 10138.349609375
920.447937 290264.875
921.4521484 127387.1484375
922.4597778 37892.734375
927.500061 29731.78515625
928.5059204 40412.32421875
929.4848633 23592.3125
1019.525269 24746.689453125
1020.515198 7894.1328125
1028.54126 13452.58984375
1124.550903 11991.8388671875
1125.540283 14195.5556640625
1133.560547 28055.51171875
1134.560303 12925.3818359375
1140.541504 8592.890625
1280.616821 26217.326171875
1372.657715 10916.982421875
1381.671753 26973.78125
1445.312134 8087.345703125
1528.724121 12825.0302734375
