1786.9656464296 3
126.3436584 5125.0703125
129.0657349 13945.7275390625
129.1023254 68798.890625
130.0861664 11130.2578125
133.0433502 8010.8134765625
136.0753479 44259.84375
138.6632385 5894.8286132813
141.1011963 6045.0107421875
143.1177063 12929.998046875
146.5279236 6020.4174804688
147.1123962 16028.9755859375
155.0813293 50845.37890625
157.096756 11291.9013671875
157.1342621 7866.8784179688
158.0923615 16766.64453125
159.0917206 9332.591796875
159.1121826 7072.7587890625
167.0811462 8483.0244140625
169.1345825 7202.9858398438
171.0767365 12277.6767578125
171.1125336 8610.83984375
173.1284332 47826.26171875
175.1192169 153249.5625
181.0606384 9134.623046875
182.1284637 7882.2875976563
182.8717041 7214.515625
183.0993347 6990.3291015625
183.1128235 74176.28125
183.1479034 8634.396484375
185.1650848 21919.943359375
187.1080017 10614.466796875
187.143631 13316.1494140625
189.0861969 7797.8403320313
197.127594 9916.572265625
199.0713501 14611.7607421875
199.1804352 12403.0009765625
200.1393585 11656.2578125
201.1233826 68343.546875
207.1126556 48937.875
211.1078644 15912.59375
213.1603699 15954.470703125
215.1388092 17548.87109375
217.0800476 11269.6962890625
217.0979919 38415.8359375
217.1352692 9889.72265625
227.17453 15089.0390625
228.1340179 113534.2890625
229.1185303 40593.25
230.1514893 11728.849609375
231.114502 10022.8740234375
233.1650085 10778.0390625
235.1061707 19278.982421875
235.1437531 8473.53125
254.1506805 10573.2529296875
271.1767883 44864.23828125
272.1243286 37262.22265625
272.1726685 35695.17578125
274.1218567 11597.6650390625
288.2033386 42055.0546875
300.1931763 12636.5673828125
304.1300049 23219.029296875
312.1524048 11342.63671875
323.1729126 10687.0966796875
337.188324 10379.49609375
338.1818848 16906.470703125
343.0455017 10027.0537109375
346.1403809 22013.376953125
346.2271423 8564.890625
351.1676636 8926.5029296875
369.1761169 99850.2890625
370.1799622 14204.5654296875
372.1867065 11151.5
381.178772 11997.1640625
385.2319336 54770.45703125
385.7350769 38875.44921875
399.193512 9890.7353515625
401.2868042 115005.1171875
402.2909851 17537.953125
415.1611633 75426.5625
416.1624146 22064.552734375
417.2146301 21094.681640625
428.2469788 16251.560546875
433.1738281 63681.734375
454.2685547 17978.650390625
482.2608948 21609.484375
485.2671814 9173.0673828125
500.3583069 36675.72265625
514.7617798 105678.921875
515.2594604 88062.2421875
516.3167114 51926.01953125
517.319397 12747.9755859375
518.2603149 15071.7587890625
528.2483521 77113.46875
529.2506714 18289.9609375
546.2601929 47701.37109375
547.2611694 18827.41796875
564.2686157 44751.7578125
645.3294678 45148.9609375
672.4041748 116101.53125
673.4130859 39871.54296875
679.2832642 11669.9111328125
682.4033203 14551.8154296875
684.2957153 21767.953125
685.3009033 13354.6298828125
686.4518433 15107.6826171875
731.3505249 13482.75
752.4391479 17407.611328125
753.4398193 10324.3779296875
769.4567261 673310.875
770.458252 256556.703125
771.4661865 60227.859375
791.3876343 16555.56640625
879.507019 11330.310546875
880.4909668 83776.7421875
897.515564 48886.859375
990.1365967 11400.140625
996.5930176 20517.658203125
997.5967407 13563.44921875
1013.599426 16281.5517578125
1056.45813 12655.3369140625
1378.121704 12521.341796875
