843.468983264322 2
60.05651093 14534.7158203125
61.84078598 2391.4318847656
63.60785294 2321.0922851563
67.20872498 2684.5649414063
69.07077026 19756.458984375
70.06208801 5683.0927734375
70.06596375 139731.640625
71.04994965 5235.830078125
72.08161926 151873.1875
72.60347748 2203.1625976563
73.04044342 11166.154296875
73.08509827 2878.8430175781
73.2353363 2407.1552734375
73.41407013 2377.4035644531
74.06065369 14665.8544921875
83.06116486 4281.7998046875
84.04511261 81405.5546875
84.08144379 34272.09375
86.09715271 1431135.75
87.0558548 4917.1821289063
87.09477234 4579.642578125
87.10025787 56293.27734375
87.10438538 3039.7182617188
88.03999329 3791.0803222656
92.01722717 5269.736328125
101.035141 31518.8671875
101.0715179 129627.8046875
102.0556717 25348.23828125
104.0533218 4879.431640625
110.0715485 4120.6015625
112.0874252 17029.8046875
115.0871124 12560.8291015625
116.0711594 17907.68359375
119.0489655 3105.0417480469
120.0812073 66864.2265625
123.9889603 16145.982421875
128.1071472 3295.3002929688
129.0664215 4055.1018066406
129.1026306 61824.5
130.0863495 27465.853515625
130.096344 3218.0007324219
131.11763 20870.853515625
132.9777527 4465.244140625
134.992691 4190.7578125
136.0756531 35936.1796875
138.0915985 3244.8720703125
141.1024628 6132.4223632813
143.118042 270047.59375
144.1218414 18415.74609375
145.0613098 6662.1811523438
147.1129303 55270.8515625
155.0815582 5004.4604492188
155.1175995 3235.5163574219
156.102417 4025.1159667969
156.1135559 19881.1015625
157.1086426 5194.0590820313
157.1341248 6902.2104492188
158.0927429 35672.37109375
163.1327515 4046.4304199219
169.0973358 40416.421875
169.1335144 4848.62109375
171.1127014 59850.05078125
171.1264648 2929.2685546875
172.1165924 3795.8625488281
173.0561371 13589.7666015625
173.1287842 48444.91796875
175.1191254 232112.5625
176.1227722 6908.8598632813
178.0536041 4451.5219726563
181.0609283 6048.359375
183.1129913 77973.1640625
183.1496429 6839.7954101563
185.1286163 4075.3125
185.1656494 17558.935546875
186.1237488 35354.83203125
187.1079102 22269.44921875
187.1438293 5043.12890625
193.0000458 10784.9140625
194.1403656 4907.0551757813
197.0918884 6059.4624023438
197.1288605 11765.369140625
198.0882416 5224.5249023438
199.0716248 3334.0832519531
199.1809387 16539.603515625
201.1234741 109481.1328125
204.1341553 3821.2512207031
208.0970459 3190.7412109375
210.0254059 212235.671875
211.0277863 22680.646484375
211.10849 18900.205078125
211.1447754 14069.447265625
212.0218048 18439.6796875
213.1610565 11437.1494140625
214.1184235 52132.44140625
215.102951 18332.677734375
215.121109 4512.1459960938
216.0961761 3288.154296875
217.1340942 69002.6015625
225.1247711 11099.6650390625
226.0829468 13281.583984375
227.0663757 16388.083984375
229.1184082 29546.763671875
231.145462 12174.2412109375
233.165451 17113.4453125
242.150116 17474.927734375
242.1869659 6934.6318359375
244.0930328 44782.1796875
245.1285248 131546.875
249.1612701 6749.0
252.6626892 29473.673828125
260.1968994 81711.3671875
261.1026306 2995.7546386719
271.1767578 49168.28125
272.1807251 6087.671875
277.8143616 2902.9357910156
279.1707458 4862.1079101563
288.2030945 98818.8671875
289.2054443 11978.681640625
298.1415405 3907.2600097656
299.1694641 3234.5776367188
301.1876831 7008.0991210938
302.7658081 3618.5710449219
306.6766663 86308.0078125
307.1771851 35420.375
325.1509705 17055.5078125
343.1609497 24886.029296875
357.178009 6807.2475585938
358.2123718 43222.9296875
359.2416687 4972.4291992188
364.1664124 5798.30078125
370.2443848 4767.8393554688
376.2260132 3878.51953125
387.2712402 156214.90625
388.2754822 33779.9921875
391.7313538 6008.1640625
407.264801 40875.671875
414.1990662 4462.7158203125
421.2531433 4321.2319335938
438.2319031 3333.2429199219
456.2465515 5313.962890625
485.2744446 10206.2392578125
502.2988892 212094.796875
503.3017883 59951.65625
504.3182678 153417.53125
505.3216553 5127.0844726563
559.3602295 6503.1655273438
612.3480835 16971.228515625
613.3323975 84648.0546875
614.331543 26246.212890625
617.3969727 5138.6166992188
630.3564453 141635.125
631.3588867 51796.3203125
632.3626099 6382.1040039063
641.3642578 4560.4755859375
742.9819336 3453.0075683594
817.8897705 3275.8159179688
