2309.16474681122 2
165.0664215 26527.896484375
168.0770264 508870.59375
169.0609589 353513.1875
171.1127167 32459.48828125
175.1191711 497359.4375
183.1121979 32861.12890625
185.104187 42045.4296875
185.1288147 50212.05859375
186.0879211 750369.6875
187.0909119 41980.77734375
193.0601349 52645.18359375
198.9521942 29821.7578125
201.1058655 391608.5625
203.0854645 59241.4140625
203.1155853 50304.6796875
205.7051392 29795.556640625
206.2990875 27611.908203125
210.0879669 47440.4765625
216.098114 72989.0078125
221.0561523 45609.48828125
223.1079712 76639.6484375
224.5631561 34752.33203125
226.1185608 53027.03515625
228.1345062 56529.07421875
229.1011505 559038.0625
230.1039734 29525.7265625
233.0939026 69406.5859375
234.0868988 54275.51953125
237.1255646 36358.2421875
238.0831909 148055.953125
240.0999298 59051.44921875
245.125824 36315.9296875
246.1250153 92683.828125
247.1084137 168021.703125
251.1031189 231332.265625
252.0984955 64918.74609375
254.151474 45323.21875
255.1092072 75467.9140625
257.1610718 48186.3984375
258.1091309 77005.4375
264.1344604 91918.84375
268.1401978 46645.74609375
269.1246338 135128.125
274.1876221 40044.046875
275.1036377 38436.6015625
279.1096802 73802.3203125
280.0924072 378946.8125
281.097168 42588.6484375
287.1023254 40135.26171875
292.1303101 232595.15625
294.1550903 37438.21484375
296.1361694 546166.4375
297.1194458 2477086.25
298.1227112 390363.4375
300.138031 902472.75
301.1427307 150109.09375
314.1461182 1253187.875
314.1788635 105804.703125
315.1498413 88579.875
316.1315002 59783.7734375
321.1200562 51415.140625
331.2084351 399827.46875
332.2129211 38565.04296875
334.1412354 64399.21484375
340.1308899 63751.12890625
343.1405029 55564.9921875
344.1221313 60946.5078125
349.1143188 135016.796875
349.153717 74482.859375
356.1559753 146105.03125
361.1514587 252823.828125
362.1365051 164528.765625
366.142395 243104.390625
369.1420288 67875.15625
379.1617737 92169.171875
385.2240295 305822.75
386.2306213 54675.34765625
387.1707764 340082.125
401.181427 156541.96875
402.2469177 582599.5625
403.2488403 135316.90625
410.2044983 62860.65234375
411.1675415 58501.58203125
413.2237854 250291.953125
414.2268982 69167.625
415.1639404 192200.203125
418.1720886 80182.125
431.2024841 306301.40625
432.1922302 199946.46875
435.1987915 55840.015625
436.1827698 86106.5390625
442.1745605 84858.5546875
449.2151184 49553.15625
453.2145996 67818.78125
459.1993103 359118.40625
460.1855164 359079.6875
461.1858521 55749.87890625
477.2119141 173567.625
486.2209167 40107.9375
500.2561646 215274.90625
501.2116394 51258.4921875
511.1950378 199174.390625
512.1790161 86417.796875
519.2246094 239420.65625
520.2339478 55081.1875
528.2227173 562496.4375
529.2058105 890460.9375
530.203125 384714.4375
539.2484131 62474.0078125
542.2677002 258596.828125
543.265625 45806.6953125
546.2298584 348284.53125
547.2189331 664554.5
548.2210693 170786.828125
548.2884521 161637.46875
550.2346802 63982.70703125
557.2584839 84011.203125
564.2414551 238753.859375
565.3121338 1291039.25
566.3132935 435753.875
626.2548828 279306.3125
627.2592163 53870.9296875
629.2870483 50341.375
643.305481 61806.61328125
644.2813721 50235.44140625
645.3118896 64499.96484375
656.3252563 89321.7109375
661.2750244 84291.515625
670.3431396 88110.34375
671.3087158 253792.109375
678.3964233 1228827.375
679.3978271 464500.40625
731.7944336 42032.234375
769.40448 58200.5234375
774.3331909 61641.1796875
775.3186035 185783.546875
777.4627686 615884.4375
778.465332 374168.375
782.5593872 44460.8984375
792.345459 44671.41015625
799.3651733 279573.5625
800.3707275 151630.015625
845.3639526 179535.515625
846.3560791 214311.375
847.3449707 46807.4140625
848.5006714 1452031.0
849.5003052 597087.875
850.5117188 170538.828125
863.3817139 62532.65625
870.4172363 57700.33984375
898.4414673 194672.90625
899.4443359 149978.671875
947.5666504 759148.6875
948.5765991 391985.0
949.5773315 64099.8046875
969.4688721 174791.328125
1049.503174 49035.81640625
1058.603394 155771.046875
1059.591187 52445.28125
1068.544189 203438.125
1069.529053 71452.8359375
1075.633789 947799.0
1076.636963 600244.4375
1077.630737 202206.203125
1137.566284 72604.09375
1138.531982 62412.7890625
1146.075439 432648.75
1146.574829 615297.125
1147.099487 363786.84375
1147.581421 197038.90625
1186.658081 79035.3515625
1187.664185 84422.0234375
1188.629761 48188.65234375
1204.671509 1291611.5
1205.675781 970021.3125
1206.670166 286904.3125
1262.55249 54590.62109375
1315.695435 239388.1875
1316.726318 252812.390625
1317.691406 79544.46875
1333.714722 2536068.75
1334.719116 1897818.5
1335.716431 719485.0625
1336.702026 73630.875
1344.612305 69736.6171875
1351.88269 56771.68359375
1446.801025 1870739.25
1447.797607 1744342.0
1448.796753 577058.5
1499.84729 54597.78515625
1501.787598 55356.62109375
1517.836792 1624781.75
1518.83667 1436781.875
1519.848999 518073.4375
1520.838135 85330.2421875
1614.759277 62032.78515625
1648.887817 460236.28125
1649.859009 362738.625
1650.86438 254234.859375
1727.886719 86112.546875
1728.915527 89687.015625
1729.906616 174432.09375
1745.930786 4371606.5
1746.932739 5181486.0
1747.932251 2392657.75
1748.930298 677300.25
1815.953125 85360.546875
1816.943481 160117.140625
1832.967651 1335775.875
1833.963623 1484042.75
1834.962646 689969.1875
1835.962646 174886.484375
1958.744507 70874.5625
1996.029541 374246.78125
1997.02832 730958.375
1998.03772 344383.6875
1999.001709 197105.625
2247.859863 54128.1796875
