1269.70392714468 2
92.0348053 18406.173828125
101.0714722 43476.28125
102.0555801 54154.12109375
109.2880173 8040.0595703125
110.0717926 294991.34375
111.0747604 11406.8154296875
111.1496735 8936.7978515625
115.0871353 8557.5771484375
120.081398 46399.421875
122.9362717 8458.806640625
129.1027069 243417.09375
129.1118317 8528.9638671875
130.0866241 146220.3125
136.0760498 50311.9375
138.0664063 12102.267578125
141.1023407 11323.6689453125
143.1183929 13184.3623046875
147.1129913 223114.34375
155.0455627 8074.4008789063
155.0821533 14548.1962890625
169.0973663 17668.3203125
169.1338043 13704.3994140625
171.1132507 21382.556640625
173.1290283 21820.7578125
175.1195374 52040.73828125
183.1136322 17935.708984375
187.1445618 34745.59375
191.0488739 11247.51953125
194.0928955 11654.44140625
194.3312378 8648.880859375
197.1286774 21247.31640625
199.1805115 17079.912109375
201.1239929 65696.46875
204.3539124 8564.7705078125
215.1393738 35358.5
217.134491 14077.302734375
225.0984802 83554.296875
225.1174469 8993.94921875
226.1197357 18482.03125
235.1199341 16673.2109375
239.1152191 15146.162109375
242.1492004 12790.193359375
242.1878052 13172.966796875
243.1338196 17431.70703125
249.0991516 21477.12109375
249.1613922 14815.8662109375
260.1974792 153744.90625
261.2004089 21120.697265625
267.1090698 78351.1015625
268.1650085 12166.25390625
276.1820679 12344.9912109375
286.1417847 16996.12890625
296.1616821 11394.1318359375
299.1687622 10227.0302734375
302.1637573 52430.85546875
304.1131287 10418.88671875
309.1555481 10832.255859375
320.1720276 39124.26953125
324.1669312 9880.314453125
338.1831665 62793.07421875
344.1813049 19865.244140625
350.1447144 15022.9384765625
354.1408691 40677.859375
368.1562195 11569.859375
371.2288513 57847.56640625
372.2283325 43036.125
374.15625 13108.40625
375.1547852 18365.4296875
389.2378845 15804.6015625
413.2025452 14242.1787109375
431.2085876 10449.6982421875
449.2133484 11290.0703125
467.2244263 50955.2421875
467.2868958 9656.830078125
502.3213196 12354.0986328125
526.286438 38213.38671875
535.3010864 89382.640625
535.8023682 61870.51171875
536.3064575 13731.0634765625
544.2963257 9304.7998046875
550.2624512 38047.828125
560.3099365 8991.58203125
568.276062 20950.369140625
578.8085327 15732.529296875
579.3181763 11480.98828125
603.3673706 37847.89453125
634.3416748 47275.68359375
635.3526611 21688.8671875
636.3295288 10656.310546875
637.3007813 10320.8701171875
649.322937 38873.49609375
663.3273926 11069.400390625
667.3383789 10266.90234375
673.3392334 10656.650390625
702.4389648 10274.8583984375
750.374939 48130.42578125
751.3786011 17604.814453125
768.3883667 18851.3046875
769.3863525 13026.3359375
803.4898071 77115.890625
804.4835815 40835.640625
808.3417358 17203.77734375
810.3983765 20536.0
879.4100342 11198.3330078125
932.5290527 66667.3515625
933.5280151 40138.6875
1010.501831 12278.064453125
1123.53772 11424.3291015625
