1325.46767655552 2
93.77901459 11043.7294921875
101.0714645 14434.5927734375
102.0555191 19878.1015625
104.0535202 21944.2265625
110.0721283 23684.220703125
112.0874863 18330.791015625
115.0870514 19728.763671875
117.5051117 12962.14453125
120.0813751 70907.0234375
129.0669708 11663.6396484375
129.1026306 207087.484375
130.0867462 64743.83984375
131.1183777 59256.37890625
136.0763092 25314.162109375
141.0662231 125680.0625
147.1130676 191588.140625
148.7475739 13002.2666015625
157.097229 87369.6328125
158.0921173 22162.615234375
159.0766144 165135.046875
172.0726166 14989.1240234375
175.1188354 101959.71875
185.0572205 14415.91015625
185.7472839 12645.916015625
187.0715332 232433.21875
187.1448364 13614.416015625
201.0987701 13130.12109375
203.0654449 19178.66015625
214.1188049 19291.869140625
215.1395874 14609.7216796875
216.0420837 41213.7734375
217.1342163 121693.140625
229.0937042 63205.61328125
231.0617371 48691.078125
245.0773621 29011.83984375
245.1281738 139921.40625
257.0961914 15665.1650390625
262.1520081 67519.875
263.1407776 13566.216796875
271.139801 19887.646484375
274.1228333 88260.46875
278.1548767 68353.0
284.0881348 23742.005859375
284.134491 23047.53515625
294.1812744 102682.8046875
302.0988159 282570.8125
303.1023254 18358.728515625
312.0832214 15551.974609375
327.1311646 13063.2060546875
342.178833 68659.359375
345.1393738 16312.9990234375
351.4806519 14862.5615234375
368.1589355 21791.943359375
373.2266235 23913.201171875
376.1721497 21736.38671875
378.3990173 13010.2744140625
385.182251 53507.37109375
391.2340393 580968.875
417.1242981 15374.3818359375
428.1958618 15951.078125
448.125885 12453.0078125
449.2189941 24723.4921875
489.2133484 17193.43359375
505.1798706 16180.0478515625
506.2413635 118114.9609375
533.2550049 13956.0654296875
551.2652588 52453.76171875
562.2046509 300365.96875
563.2039795 66815.421875
600.3453979 66288.2109375
619.3216553 277522.84375
620.3248291 104616.4375
629.2964478 12683.1328125
645.3004761 61778.8828125
662.3289185 196479.515625
663.3323975 184240.15625
664.3465576 219130.3125
692.2423096 15551.5966796875
709.2695313 251178.25
710.2797852 94094.9453125
711.2755737 22468.06640625
820.3071899 90151.359375
821.2993774 44745.78515625
821.4616699 13984.3701171875
838.3097534 73376.1328125
839.3203125 25213.177734375
953.348938 116723.0
954.3369141 29142.46875
1024.367554 15998.97265625
1139.39917 17411.46875
