1261.61170889199 2
91.05518341 74162.6328125
101.0713501 39253.30859375
101.7346878 39883.29296875
104.0539246 63425.14453125
110.0718994 69726.4453125
113.6246948 35162.8046875
115.0870209 38008.3359375
120.0812149 678163.3125
121.0852585 58514.69921875
129.1024323 337973.125
130.0866547 188968.453125
136.0758362 752238.1875
137.0795135 67378.8671875
147.112915 317812.6875
155.1191864 58485.953125
159.0916748 92608.2578125
169.0605469 51920.19140625
175.1193237 72017.5234375
183.1133881 379176.125
183.1492615 61794.76953125
186.0875397 69911.0078125
191.1177521 75488.09375
194.081543 48215.95703125
199.1817169 42724.6875
200.1400604 90428.53125
201.1237183 57835.76171875
207.1130981 152547.734375
211.1081543 233817.390625
212.1067352 38837.28125
219.1122894 44580.0078125
226.1186829 79581.015625
228.1348114 317510.5625
230.0771484 95959.359375
235.1078186 175468.640625
244.1305847 70429.2578125
249.160141 197180.953125
251.1027679 192745.921875
261.1600037 61027.65234375
262.139801 403272.125
263.1394348 44624.57421875
277.155426 83785.359375
279.0984802 193882.171875
320.1240234 45200.515625
343.161438 287935.75
348.1193542 62289.6484375
350.1359558 44988.59765625
364.1639709 49129.26953125
377.1140137 45778.9296875
392.1791687 60968.79296875
393.1404724 229448.5
409.2093506 231299.40625
443.1933594 97687.171875
461.2046509 337579.625
462.2085876 70573.84375
472.2165527 56752.75390625
478.2296448 61174.22265625
496.2420349 354866.15625
643.3071289 388636.96875
644.3121338 255534.40625
682.3460693 56918.60546875
683.3533325 74524.7734375
756.3916626 219977.484375
757.2433472 43580.7734375
757.3886108 72576.7421875
873.4567261 48635.5703125
919.4498291 186991.421875
920.4482422 60166.2890625
1034.46936 90473.4296875
1035.47522 74443.265625
1148.522217 83684.578125
