1285.674124 2
98.0608139 20628.40625
98.70946503 11385.89453125
101.0714874 88079.1015625
102.0560913 69306.6484375
104.7916412 11122.4423828125
110.0719223 94386.828125
112.0874786 23254.330078125
115.087677 18519.044921875
116.071022 15059.5009765625
117.1023254 81584.53125
120.0810852 153596.515625
128.1076508 22049.98046875
129.0662689 103560.5859375
129.1024475 254612.84375
130.0868683 61097.29296875
133.0431671 14818.4287109375
136.0763702 73316.390625
143.1187439 55486.5234375
147.0769501 46446.921875
147.1131897 95402.5703125
157.0976105 25200.212890625
157.1091309 14373.7080078125
157.134201 14142.4033203125
158.0925598 25460.501953125
159.0917816 231478.453125
160.0956268 14836.6689453125
167.0809784 13782.603515625
169.0973816 14298.5263671875
170.0610962 14962.2109375
171.1135254 14969.9013671875
173.1287231 91395.4375
175.1192017 259655.96875
175.1322937 13518.197265625
176.050766 12505.4248046875
183.1135864 125550.9453125
183.151001 50914.0390625
185.1296082 20872.400390625
185.1658783 26822.443359375
186.087738 21018.763671875
187.0878601 18217.072265625
190.053772 52561.37890625
192.9988251 16640.224609375
194.0828705 15582.9658203125
195.0772095 14053.3974609375
197.1288757 13890.861328125
200.1040955 61021.359375
200.1412048 19853.19921875
200.6644745 12122.8310546875
201.1236267 90272.796875
210.0259399 44844.91796875
211.1086121 61104.140625
211.145462 11791.94140625
212.1041412 60788.609375
213.1608276 43184.46484375
215.1388397 11522.4716796875
221.1072693 11656.0478515625
223.1566467 16656.1328125
226.119751 72308.3984375
227.1758881 14234.2392578125
228.1346283 153880.203125
230.1137238 11382.0751953125
232.1410065 22167.912109375
233.165329 25647.765625
240.0984344 77602.71875
240.1343842 87452.9140625
241.0827332 47043.65234375
251.1526031 12362.517578125
258.1098938 96738.6875
260.1997986 13229.2353515625
261.1608582 19815.9296875
267.1494751 13592.6494140625
270.1831055 77367.5859375
282.1533813 15603.06640625
282.1808777 115734.984375
283.1848145 18494.978515625
285.1559753 116791.6796875
286.1539001 54336.92578125
299.1725464 42226.50390625
314.2102051 17986.310546875
323.1457825 22160.765625
327.2044067 47691.046875
340.1634827 57967.3828125
341.1262207 13706.8681640625
341.2203064 22336.9921875
353.2198486 19181.076171875
357.1865234 97205.640625
386.1513977 24284.478515625
388.2299194 38859.1796875
394.1838379 16437.556640625
412.2546082 14792.2421875
413.2809448 15152.4873046875
422.2255249 50233.203125
440.2912598 18403.755859375
445.7493896 14387.3828125
454.2800903 14695.6923828125
458.3012695 87260.609375
470.2760925 15406.3251953125
507.2686462 56995.05859375
513.2609863 19010.681640625
517.2776489 52108.75
541.2546997 17118.017578125
582.3348999 96380.5703125
583.3438721 48645.67578125
584.805603 19256.86328125
600.385498 300537.59375
601.3900146 98128.0234375
618.3312378 23925.865234375
619.3233643 12709.1591796875
626.3609009 164035.84375
627.3668213 26185.03125
643.3913574 790443.9375
644.3988647 278017.15625
646.319519 54867.18359375
653.3754272 21870.220703125
654.3411255 27787.4453125
655.3425903 15462.451171875
724.4158936 67250.3828125
725.4087524 17617.31640625
728.3933105 15045.7451171875
757.3626099 16822.720703125
775.3557129 102532.953125
793.4317017 84828.4296875
794.4379883 17900.173828125
838.5134277 163757.515625
839.5183716 63884.109375
843.4320068 153519.34375
844.4473877 23220.974609375
871.4816284 55890.70703125
872.4823608 23952.65625
873.4963379 17340.15234375
888.447876 111782.421875
889.4414063 15125.3310546875
1001.512207 15135.1962890625
1058.549805 151068.28125
1059.549683 72663.875
1060.550415 14219.8427734375
1137.521606 18194.0859375
