1941.97586606137 3
135.3703003 2094.2185058594
136.0758972 184021.234375
137.0788422 17241.53125
141.1022186 5417.48828125
143.1175842 17624.89453125
143.1280518 2290.365234375
147.1126404 8352.51953125
154.159317 2191.7036132813
155.0820007 2264.4174804688
157.0969086 6095.826171875
157.1083984 4279.6264648438
158.0927734 15241.244140625
159.0788422 3352.9028320313
159.0916443 24924.720703125
166.086441 4749.98046875
169.0967865 6503.2680664063
169.1323853 3979.9470214844
171.0752869 3274.24609375
171.1127472 3150.7807617188
171.1489716 20964.103515625
172.0714417 4586.8979492188
173.0552521 3842.1970214844
173.1285553 3346.1137695313
175.1191559 79792.5390625
176.1212006 2868.7705078125
179.0802612 2661.4655761719
181.0961609 4219.7153320313
182.0793152 3720.58984375
183.1131439 5997.34375
183.1490936 41425.31640625
185.0917969 5249.2060546875
186.0880585 5041.5205078125
186.1235504 3443.3269042969
187.0874634 4096.6918945313
187.1078033 3576.7705078125
187.1441498 23215.630859375
195.0756226 4427.9653320313
197.0923462 2944.1462402344
197.1277313 6483.8657226563
198.0868683 4846.9311523438
199.0704041 3682.3037109375
199.10849 3745.513671875
199.1439972 7671.3564453125
199.1806335 15088.7138671875
200.1385651 4753.2719726563
201.12323 16864.00390625
203.1195831 3336.5361328125
205.0975037 3642.3188476563
207.1131439 6054.2973632813
211.1441345 15409.2919921875
212.1032104 4409.4580078125
213.0877991 2934.6901855469
214.1185303 5060.2299804688
214.1543884 3608.2019042969
215.1392822 13883.3798828125
216.0983276 8464.5185546875
217.0981445 3718.1765136719
217.1344147 5211.6455078125
219.1138458 3404.2727050781
223.1083527 3699.1440429688
226.1178131 5634.6953125
227.1769867 5401.6728515625
228.1334229 8146.4306640625
229.118866 8038.8129882813
230.1127014 4239.2358398438
240.133255 5258.1606445313
241.0819855 3244.8156738281
242.1500549 16611.390625
243.1320496 4294.1318359375
244.0912628 3779.1342773438
245.1292114 3137.310546875
249.1590729 4673.2685546875
251.1029205 6926.84765625
252.1335144 3951.2102050781
253.1194458 5433.0903320313
254.149353 6167.6650390625
260.1963501 5931.3149414063
262.1182861 20161.607421875
269.1617737 4400.7055664063
270.1464844 4152.150390625
271.1413879 6788.330078125
272.122406 4069.2312011719
272.1763611 3743.529296875
276.1333008 3787.6958007813
277.118103 3439.4645996094
277.1551208 4368.4379882813
278.1139526 52010.96484375
279.0950317 7580.7666015625
282.1804504 7175.4399414063
283.1434326 6725.1674804688
284.0905151 3687.9899902344
285.1550293 8268.767578125
286.1387329 5220.0205078125
292.1299438 16193.970703125
295.143219 4750.021484375
300.1938477 3683.3134765625
312.1657104 27822.93359375
329.1922302 43386.9765625
332.1601257 5188.9760742188
339.2051086 5798.400390625
347.2294006 4269.74609375
349.1501465 4742.3896484375
349.1878662 5487.4282226563
350.1707153 14445.3779296875
353.1442566 4481.6450195313
353.2213135 4407.7670898438
356.1958008 3578.3015136719
358.2124634 4190.4223632813
365.1987305 23686.68359375
365.6997375 4788.4189453125
377.1830139 31411.310546875
378.1836853 5581.84375
389.1455383 3794.8073730469
392.1853638 4779.7314453125
400.1850281 4125.87109375
405.2164307 8523.560546875
407.1585388 14774.3369140625
418.2069702 4023.953125
428.2651062 6277.68359375
453.2397461 4725.2216796875
485.2834473 31573.13671875
490.1397095 3882.9682617188
490.2296753 3814.5461425781
502.2261047 7743.4702148438
507.2615967 5100.451171875
519.2521362 48697.19921875
520.2527466 19944.48046875
524.2940674 3911.3601074219
529.2410278 7276.748046875
530.2388306 5105.6357421875
546.2139282 4639.8598632813
561.2759399 4263.7504882813
605.3849487 6338.2797851563
616.3230591 26737.841796875
617.3225098 16456.765625
632.3278198 42922.4453125
633.3358765 17967.951171875
648.3944702 25672.861328125
649.3843994 14171.7333984375
660.3411865 4955.84765625
670.3726807 4059.9191894531
671.8778687 7020.9614257813
672.3795166 14859.87890625
679.3449707 4906.6044921875
700.4351807 4969.0751953125
711.3775024 4778.0927734375
729.3900757 176714.78125
730.3919067 71447.75
731.4031372 18166.404296875
732.4050903 5307.1640625
741.3848267 5562.7954101563
764.9077759 31163.353515625
765.4190063 30066.173828125
765.918335 7201.4077148438
766.4278564 15052.4677734375
773.3544312 5834.8754882813
790.3892822 5399.0625
821.4605103 13671.2822265625
821.9610596 7587.9130859375
823.4213867 7285.4516601563
829.4777222 14221.833984375
830.4494629 7615.4990234375
831.4547729 5052.26953125
849.9669189 4705.9921875
871.9825439 39913.67578125
872.4863281 53553.734375
872.987915 20810.884765625
873.489624 7562.591796875
876.4641113 42357.55078125
877.4606934 20691.783203125
903.460144 8383.541015625
917.4821167 39348.3125
918.4921875 19424.529296875
919.5102539 4369.6142578125
934.4331665 5580.8090820313
950.468689 4513.1831054688
1023.588562 16678.775390625
1024.591797 16185.0185546875
1025.578613 5260.1469726563
1039.518555 16063.7041015625
1040.538452 6779.0004882813
