1261.61425047643 2
91.49698639 6737.474609375
92.9196167 7491.642578125
100.7101746 7002.0961914063
101.0715179 28932.02734375
105.066391 15300.3017578125
112.0507278 10003.876953125
113.0715256 10308.5107421875
129.1021881 15318.3828125
131.0815277 8622.41015625
142.0460358 7496.1806640625
147.0761719 10631.6181640625
159.0769196 32282.416015625
175.072998 9391.2578125
175.119339 40017.90625
186.0872192 9718.5400390625
198.0879364 17433.08984375
210.0878143 11253.0751953125
214.1190338 28151.234375
216.0981903 64812.19140625
245.1240997 14444.5517578125
249.5788116 7126.6826171875
262.151001 9191.392578125
266.3600769 7702.1337890625
285.1557007 10241.0595703125
303.1310425 12292.7373046875
315.165741 10527.5517578125
356.1553955 14147.9033203125
362.6115723 7128.4731445313
374.165802 7862.6245117188
447.2322998 71738.1484375
499.7515259 13199.197265625
576.2733765 78424.78125
577.277832 28923.947265625
610.4936523 7755.3676757813
613.3238525 9363.00390625
631.3404541 55756.43359375
631.8181152 17757.19921875
632.3397827 9507.18359375
675.3397217 31127.06640625
681.3174438 9730.5380859375
772.3544922 15820.3857421875
789.3865356 148278.515625
790.3897095 65928.640625
888.4526978 69710.546875
889.4534302 40772.68359375
890.4509888 9506.6904296875
1016.503418 10860.87109375
