1603.85115202811 2
115.0865402 10797.390625
120.0806656 68179.5078125
126.4661865 5947.333984375
127.0863037 11856.744140625
129.0656281 17098.427734375
129.1020813 64145.65234375
130.0861206 19097.337890625
133.0429382 14802.1748046875
133.06073 12721.6767578125
136.0758209 190319.375
137.0792084 8877.8525390625
141.0654602 10534.0869140625
147.1128998 25580.75
153.0651703 8218.9560546875
158.0923462 19021.890625
159.0908508 9616.189453125
169.1338196 21770.2421875
170.1175842 9598.998046875
171.0761261 9669.2578125
171.1123505 9741.1123046875
173.1282959 24816.638671875
175.1196136 82158.109375
183.148468 8736.763671875
185.0921326 19524.251953125
187.1442413 17632.71875
191.0826569 11377.3212890625
196.0788116 10187.501953125
197.1288452 88575.3125
198.132431 8982.4541015625
199.0711517 20386.23828125
200.1398773 45144.9765625
201.0691833 12859.96875
201.1250458 33151.65234375
207.1127014 17128.068359375
207.1742401 10196.0703125
212.102005 11390.9697265625
213.0870361 19079.86328125
215.1390991 224231.15625
216.1422729 25290.8125
218.0964966 11185.388671875
223.1074829 10350.4560546875
225.1227417 49849.9609375
226.1179657 12760.38671875
228.1346588 26859.29296875
229.1186981 12046.7939453125
229.1550903 22515.658203125
230.0773621 10472.1591796875
233.0948639 11898.7841796875
233.1289215 27307.828125
235.1077728 14205.875
242.1129303 15836.412109375
243.1340485 167312.046875
244.0931854 20455.0625
244.1372528 20203.259765625
245.1312256 16541.810546875
246.0910034 128604.5390625
247.0920258 11485.337890625
249.1595459 118898.8125
256.1659546 12174.4609375
261.1243896 24059.25
261.1559143 21872.46484375
268.1278076 11666.958984375
277.1543579 42682.94921875
278.1509705 25100.955078125
283.2008667 16507.93359375
284.1618347 14351.9853515625
292.5679321 9887.9814453125
294.146759 16372.2041015625
304.1663513 23982.126953125
312.1560669 47162.609375
315.2032776 24363.23828125
321.1583252 10881.037109375
329.1843262 17344.0625
344.1838379 10640.7958984375
355.1985474 13193.458984375
356.1637573 67040.34375
357.1762695 23751.060546875
359.1750488 62306.8515625
364.1871948 12100.4072265625
369.2510376 16304.8759765625
375.2018738 18642.79296875
418.208252 178101.703125
419.2123413 51151.671875
425.1864319 59364.0234375
426.1964722 19098.15625
435.2356262 243450.75
436.2358704 50541.34765625
442.2120972 17448.759765625
443.1977844 60664.1875
461.7170715 11828.4765625
464.486084 11692.3798828125
465.2553406 13907.390625
468.3810425 10778.41796875
483.7004395 11415.638671875
488.2189331 26895.263671875
556.279541 16579.341796875
575.3149414 22172.357421875
583.2922974 42090.44921875
601.3058472 24949.912109375
614.3338013 42784.875
631.3571777 348474.4375
632.3629761 165798.921875
645.2050171 13692.6337890625
667.3088379 19592.962890625
684.3427734 13713.6650390625
685.3340454 16643.408203125
704.3664551 14717.396484375
744.4378052 60845.5078125
745.4398193 23686.546875
759.4973145 15792.658203125
802.4884644 46961.8203125
802.857666 12761.310546875
845.4890137 54424.04296875
846.4977417 17602.205078125
902.5090942 324112.21875
903.5123901 137348.546875
904.5075684 18189.31640625
934.5283203 65367.09375
975.5068359 15543.412109375
985.538147 17684.103515625
1003.557556 424667.5625
1004.564819 235525.0
1005.562073 69882.7421875
1006.562317 14153.05078125
1095.549927 14537.470703125
1116.653442 95938.140625
1117.64624 62094.98046875
1118.646484 19280.794921875
1230.685425 120088.625
1231.689941 68750.703125
1329.620483 19338.64453125
1362.738647 23161.640625
1507.109497 15203.06640625
