1467.73559070395 2
110.0719681 54898.4375
120.081337 117771.7265625
129.1024933 266916.53125
130.086731 65468.90234375
133.0432892 50118.66796875
136.075531 23986.015625
147.1127472 82791.96875
169.1337738 14719.97265625
175.1194305 21570.845703125
181.0975037 13327.8330078125
186.1698761 11422.6513671875
187.1075897 12684.7392578125
187.1430969 12076.93359375
197.1279755 10432.1416015625
200.1401215 17447.119140625
208.1087341 20045.076171875
209.0930634 15657.12109375
209.732605 10766.1064453125
210.2117767 11086.8076171875
212.1028595 39302.0234375
213.070755 12196.24609375
215.1393585 46062.95703125
216.0995026 13364.9287109375
226.1201172 76656.484375
228.1351013 17690.046875
234.1452789 69234.3984375
234.1702271 9829.890625
239.115036 11838.486328125
241.0642242 14106.6796875
244.1294861 24831.251953125
244.1657104 18560.724609375
257.1066284 24103.798828125
258.0903931 24639.619140625
261.1566467 69148.1484375
283.1408691 22270.697265625
301.7996521 12883.6611328125
318.1759949 43504.21484375
325.1876526 12531.4501953125
331.1622925 14917.3720703125
348.1891479 20366.384765625
355.1055908 16284.064453125
362.2077026 56209.2421875
372.133606 74634.421875
374.2346497 13561.2744140625
388.1102295 19711.064453125
405.209137 62876.9375
466.2402039 16544.18359375
485.2167664 14394.0556640625
518.2984009 16573.818359375
521.3074951 19718.9765625
538.3058472 26061.5546875
598.2485962 11734.86328125
632.3361206 43332.171875
654.8556519 15471.60546875
726.3616333 14316.3583984375
733.4091797 24481.7109375
734.3731689 61536.01953125
734.866394 14009.7314453125
735.2886963 87875.015625
735.4278564 48958.33984375
745.4155884 45953.43359375
836.4176636 18863.716796875
882.4732056 17923.662109375
883.4721069 16944.076171875
894.4179688 13683.05078125
934.4290771 14977.0322265625
983.5154419 24402.8828125
984.5315552 20634.822265625
