1698.89249539718 2
120.0806274 69963.515625
120.0871353 6334.185546875
129.1018829 47260.73828125
130.0648651 21473.572265625
130.0861664 15250.5537109375
136.0753784 60116.1171875
143.1177368 6607.4301757813
144.3256073 6921.556640625
147.1125031 13053.6171875
155.0812683 19194.244140625
159.0916443 21793.26171875
171.0757294 9353.61328125
171.1127625 21146.625
173.0917511 46545.4921875
175.1189423 54428.6640625
183.0762177 12458.6591796875
183.1127777 8223.7666015625
185.1650085 11639.59375
187.1442261 10512.78515625
197.1269226 10617.826171875
199.1074524 39877.38671875
201.0870361 113989.125
201.1229401 39737.65625
203.1024628 9276.28515625
204.0440979 15762.5498046875
212.1035614 17368.9765625
213.0869141 14134.3623046875
215.1386261 10636.3427734375
227.1038055 11192.87109375
231.0974884 72107.8125
240.1335907 9108.11328125
243.1333618 16220.02734375
250.1217957 9795.931640625
252.133606 15611.591796875
254.1164551 9569.3623046875
254.1500244 23201.62890625
270.1435852 11784.0478515625
271.1414185 11411.466796875
273.1350403 21592.220703125
300.155304 49167.4296875
301.1303711 48635.453125
312.15448 11035.962890625
313.0974731 12079.50390625
330.1690979 13295.6259765625
342.1305237 17097.0859375
344.179718 23089.140625
363.6274414 11030.0888671875
365.1819153 41390.68359375
383.1931152 58878.8125
400.2021179 14805.826171875
401.2073975 16977.568359375
413.1671448 21499.53125
431.1779175 18901.83203125
432.257843 66463.6171875
433.2585449 13594.73046875
448.2314453 16983.84765625
451.2194824 52711.796875
471.2028503 39130.5390625
472.2069702 41064.48828125
473.2064514 13240.3466796875
490.2171021 13640.5888671875
494.2294006 19607.712890625
499.342865 10835.1806640625
512.2371216 77410.4765625
530.2460938 49621.5234375
619.3543701 13289.544921875
627.3137817 16422.923828125
644.3375244 110301.65625
645.338562 22844.57421875
692.7811279 13246.93359375
709.34729 19799.943359375
755.3708496 18872.3203125
773.3805542 80057.1171875
774.3814697 18724.482421875
815.4005127 48373.27734375
833.4154053 11672.26953125
841.3928223 13175.076171875
849.4435425 20688.64453125
850.4676514 58995.9375
851.3538208 19783.28515625
886.4611816 23864.37109375
887.4671631 25158.07421875
926.4691772 14823.498046875
928.4657593 17343.38671875
943.4859619 252456.53125
944.4751587 95750.6796875
954.4244385 23867.306640625
955.4310913 14936.6865234375
1038.584595 13061.392578125
1056.565918 205666.390625
1057.575806 82029.8203125
1084.479492 16463.349609375
1169.657593 85714.5546875
1170.656738 57456.15234375
1171.626953 18323.875
1349.568359 14746.9970703125
1350.581787 21397.685546875
1351.584351 15527.2197265625
1399.749756 53699.015625
1400.75 39674.34765625
