858.49408431012 2
60.04530716 70063.1640625
69.07061768 76610.421875
70.06598663 873353.25
72.08162689 1995228.125
73.08486938 60147.54296875
74.06091309 503409.40625
75.97470093 50356.30859375
84.04515076 1513696.5
84.08150482 1426040.0
85.08477783 53259.484375
86.09713745 3523704.0
87.05596924 66356.2421875
87.10042572 217028.609375
101.0712891 588583.375
102.0554886 1496179.875
110.0718079 257080.5
112.0874329 78652.046875
120.0814743 210092.125
129.0661316 268439.75
129.1025238 1363877.875
130.0864716 1712100.375
130.1058655 66936.640625
131.0900269 67363.78125
133.5003815 54044.671875
136.0757141 332326.40625
138.0914307 363603.375
147.0763092 84566.234375
147.1129913 2220417.0
148.116272 263240.21875
151.756012 71405.0234375
155.1181183 255348.03125
156.1020355 91903.7421875
157.0605469 78360.4609375
158.0924988 70334.890625
169.0974579 57597.62109375
171.1127472 61943.5078125
173.0935669 73597.34375
173.1283264 410746.34375
175.1189117 424273.78125
183.1130676 4501428.5
184.1163177 393808.28125
187.1442261 64547.328125
196.1435852 69512.3984375
197.1292419 98798.5
199.1809082 313239.21875
201.1234589 1215762.25
203.0675507 57204.26171875
211.1081696 686670.5625
212.1042328 85146.7578125
214.1548615 61354.390625
223.1107788 52193.19140625
224.1385651 94611.6875
227.176239 65664.296875
228.1339111 62583.61328125
229.118103 94131.6796875
240.0976715 795121.875
241.1024628 64912.2109375
242.1504822 216016.15625
242.1860199 187546.671875
258.1088867 762246.6875
259.110321 59796.5546875
260.1968994 902646.5625
261.2001648 84956.2890625
285.1342773 96562.59375
288.2038574 105952.4609375
290.3105469 52224.28515625
308.15979 90416.3125
325.1878967 239658.53125
337.1620178 62186.66796875
340.1508179 394767.53125
341.1524048 62454.7890625
353.1820068 573017.5
353.6135559 54806.47265625
354.1652527 57861.34765625
357.177124 69552.8671875
371.1929932 450051.84375
373.2814026 356072.46875
374.2833252 91544.03125
421.2269897 68953.71875
466.2645264 72166.140625
468.210083 74386.28125
484.3136292 194613.90625
497.3196716 78872.0
500.276123 53906.23828125
501.3369446 223779.0
545.3099365 107941.4140625
595.3434448 126222.2578125
612.3694458 236854.484375
613.3717041 106921.78125
630.3797607 321834.78125
631.3847656 91902.4140625
670.8972168 63907.765625
807.1936035 61722.8359375
