1745.886848 3
129.1018829 283229.34375
130.0861969 65991.4296875
136.0753326 235048.875
141.1024475 379533.4375
145.1900482 36048.6640625
147.1127625 213137.28125
159.0917053 56158.1484375
165.1016998 58747.375
169.0973816 96213.15625
171.1137695 42864.76953125
173.0751648 37248.4140625
173.12854 596325.6875
175.118988 208465.0
181.097229 42475.60546875
182.0804749 43407.57421875
183.1127167 106098.75
185.1641541 79046.8203125
195.1137695 55866.05078125
198.1229401 62507.61328125
201.1229095 407875.75
204.1348114 52938.01171875
211.1080017 66799.9453125
212.1036224 127449.7265625
213.1584167 89353.7265625
226.1187592 343959.71875
228.1335907 39958.01953125
232.1117554 298228.625
250.3655853 43779.9453125
255.1488342 46814.3828125
258.1459656 54942.2421875
260.1061096 58995.91015625
270.1454163 366460.96875
276.1354675 78854.84375
283.1408691 78037.1484375
285.1366882 56714.8984375
288.1561584 87357.0078125
291.1672058 119209.0078125
366.1771545 53301.37890625
376.2184753 50658.73046875
380.1930542 55229.64453125
389.1832581 75939.1015625
392.2138977 87444.0
407.1515198 50000.21875
430.7193298 74264.453125
469.7341003 111499.5078125
470.2327881 89179.625
505.3030396 96574.125
550.2828369 487923.71875
551.2830811 211180.234375
592.0911255 58287.125
599.3284302 55345.31640625
636.1942139 52488.14453125
652.7235107 63758.37890625
668.3636475 125056.34375
691.3426514 83005.140625
713.3430786 617711.75
714.3453979 88995.625
790.4059448 67942.015625
794.0222168 57325.5625
815.4326782 120697.984375
824.3795166 98467.078125
841.4088745 265571.53125
903.4956055 74222.1796875
921.4611816 77781.2109375
938.456604 645481.9375
939.4589233 317374.59375
952.4825439 205419.40625
1693.138184 71964.109375
1773.075073 77886.03125
1786.90918 71415.4140625
