1640.86528955668 2
117.1676407 32870.41015625
119.6371155 32812.16015625
120.0811691 396764.40625
129.0659027 89091.53125
129.1019135 97812.9765625
130.0862122 66950.734375
132.1517944 32946.2734375
133.0417328 36816.765625
136.0753784 76732.0
146.0917664 61289.27734375
147.1126099 113003.984375
171.0760345 42050.8515625
174.0139923 47645.3203125
177.102478 384053.71875
183.1127167 46249.45703125
201.1237488 47494.2890625
202.0815887 46162.1953125
205.096756 260469.140625
211.1077271 48748.86328125
227.1032715 65937.546875
228.1334991 67854.1953125
231.230484 43563.49609375
235.1080933 67687.921875
239.1141052 224905.0625
240.097641 128862.1796875
244.091156 55799.5078125
248.1598969 68012.1484375
257.1250916 230711.6875
276.1322937 64160.66015625
288.202179 51870.37109375
312.2165222 49438.578125
325.1854553 71339.96875
333.1564941 227680.140625
349.2082825 118360.1484375
386.8608704 47436.76953125
402.2353821 60208.078125
417.5330505 57681.84375
417.5880432 56963.30859375
420.2445374 130479.7890625
421.2500916 84854.3984375
461.2137756 72347.0078125
610.8223267 55713.10546875
734.4036865 280432.71875
735.4130859 68254.6953125
833.4702759 203012.765625
842.4094238 64261.47265625
980.5437622 73038.0078125
991.3573608 65817.140625
1067.565674 483549.8125
1068.5802 304679.0
1080.039795 76797.2890625
1180.668091 225578.578125
