868.550213095818 2
70.06597137 876888.125
70.64796448 46350.34765625
72.08165741 369491.5625
84.08155823 225053.53125
85.76426697 55723.41015625
86.09712982 5117627.5
87.1005249 284180.5625
120.0807724 394587.65625
129.1023102 236146.34375
130.086441 208640.28125
143.1181793 109215.2109375
147.1125336 563000.5
148.9265137 52447.01171875
157.133667 3524058.5
158.1373596 275281.65625
183.1121368 66311.6171875
183.1491699 679309.375
185.1288757 860738.125
186.1319733 66568.234375
187.1440582 76754.6484375
192.908905 55025.484375
201.1235199 406089.5
211.1444092 1395319.125
212.1472931 212239.546875
228.1705627 115363.8125
229.118515 319918.96875
242.187027 109561.75
246.1813507 781209.25
247.1857605 98925.7890625
261.575531 60304.44921875
282.2174683 64524.08203125
300.1562805 307064.25
310.213623 447741.8125
311.2147217 95586.890625
326.1705933 312922.59375
403.1348877 61290.328125
433.3303528 61224.6015625
437.4165344 58810.58984375
439.2550659 213830.109375
446.271637 72772.609375
456.3181152 1493528.375
457.3200989 499537.5
569.3997803 254548.828125
684.4249268 336258.34375
685.4330444 118073.5703125
