1405.588124 2
98.16163635 2596.0637207031
101.0715561 4637.9995117188
102.0554428 11555.65234375
110.0719528 3358.3134765625
115.086586 4729.12890625
127.0867081 18366.5625
129.06604 3095.9313964844
129.1027069 30506.17578125
129.1114197 3959.3754882813
130.0864105 11981.1328125
143.1181641 3849.1650390625
147.1127777 20707.111328125
155.0815887 22548.873046875
158.0919495 4720.1240234375
171.1128845 3546.4172363281
173.0561523 3719.7014160156
175.1190491 42446.32421875
178.052597 2732.4045410156
183.1127014 3464.5583496094
185.057251 2772.2487792969
185.0923462 4326.4682617188
185.1282806 3405.1147460938
187.0715942 10080.6865234375
201.1234741 5430.1420898438
213.0867615 11092.3076171875
215.1390686 4550.203125
226.117569 2741.5812988281
230.1144409 3265.6931152344
232.1404572 16868.388671875
237.8619385 2466.9753417969
243.1335449 4722.8051757813
244.1656189 23272.0234375
246.1275482 3073.1315917969
252.0978088 4011.2453613281
254.150177 5301.9770507813
255.1484375 2700.45703125
258.1089172 2943.6174316406
258.1442566 3312.7934570313
260.1972961 15248.15625
261.1280212 3372.1979980469
270.1082153 18209.08984375
272.1621704 2811.0532226563
276.1556396 3327.3447265625
296.1978149 11610.9462890625
300.1557922 11880.892578125
303.1776733 25326.75
327.2068176 3836.7580566406
347.1703491 4782.0942382813
375.2243347 3131.5881347656
378.1362915 3970.1716308594
385.1350098 6201.4204101563
391.1993408 3140.5695800781
416.2970581 2711.7080078125
442.1575012 16267.0302734375
443.22995 4319.2900390625
460.2406311 3867.3767089844
461.2433777 3606.3205566406
488.2882996 4713.4711914063
533.2883301 4246.1635742188
608.7356567 2853.701171875
640.4032593 40139.30859375
660.3301392 5827.8969726563
685.3818359 6182.3666992188
686.3140259 12824.24609375
702.3786011 93668.0
703.4066772 109663.5390625
704.3916626 48646.6953125
705.2502441 6139.626953125
717.3145142 51669.4765625
718.3151855 20125.17578125
780.3468628 6202.0146484375
867.3861694 8900.291015625
946.3942871 3850.2236328125
964.4379272 32583.677734375
965.4370728 15338.9462890625
966.4321289 5224.2216796875
976.3814697 4848.0126953125
