1011.54797506097 2
72.08176422 11559.0908203125
84.04569244 19605.2734375
84.08166504 148012.765625
86.09758759 10850.1611328125
100.3154526 6514.3393554688
101.0717239 9372.193359375
101.1083984 9659.6796875
102.0559464 9612.5361328125
122.5434647 6025.4150390625
127.0504379 25768.96484375
128.8770142 5821.453125
129.1027527 88305.453125
130.0866852 12259.5498046875
143.1179352 7768.4916992188
147.1131897 32296.072265625
197.7843018 6127.9448242188
204.1338959 9459.65234375
210.0798645 26724.3828125
218.1504517 13615.416015625
235.1454773 7183.5419921875
244.093399 8251.025390625
244.1669006 44441.02734375
296.770752 6793.2797851563
345.3323975 6844.9140625
392.20755 8379.3232421875
494.4401245 6663.8061523438
496.8745422 6368.9155273438
500.4159241 6581.9931640625
506.28302 12277.740234375
511.9355164 6511.9770507813
541.300354 49174.828125
784.3793335 9493.98046875
