860.544524 2
60.04536438 49321.34765625
60.05640793 11128.150390625
60.34689331 5769.2041015625
69.07076263 25223.76953125
70.02954102 9992.3857421875
70.06598663 351299.5625
71.0692749 8838.7265625
72.08161926 1159787.875
72.87519073 5745.8481445313
73.0848465 30558.859375
74.06083679 94910.984375
80.69313812 5681.4340820313
84.04514313 297554.4375
84.07658386 15346.728515625
84.08151245 302526.8125
85.04043579 16741.087890625
85.08467865 10076.51171875
86.09716797 1286186.25
87.05604553 66228.921875
87.06046295 7062.39453125
87.09547424 5933.6528320313
87.10034943 61426.55078125
88.04006195 56293.09375
88.98661041 6245.8120117188
91.05459595 6450.9497070313
92.02896118 10221.2421875
96.04521942 9547.58203125
98.98448944 25658.74609375
100.0761566 12696.341796875
101.0715027 209912.109375
101.1077499 15835.4931640625
102.0555191 123147.703125
103.0545273 7557.8041992188
104.0534058 42007.4921875
107.0497818 14534.3330078125
110.0717621 137105.75
111.0920715 11660.4677734375
112.0871811 11591.1259765625
115.0868149 15845.171875
116.070961 7183.0366210938
119.0493088 7597.2299804688
120.0811462 426779.5625
121.084465 13718.55859375
122.7955627 7003.9819335938
127.0505371 10365.6298828125
127.0870743 52878.72265625
127.2820053 5756.267578125
128.082077 33623.0703125
128.1073303 220952.640625
129.0662842 118864.0859375
129.1024628 403011.875
129.1096802 19320.76953125
130.0501404 9372.92578125
130.0865631 129811.90625
130.1060181 25958.142578125
131.0817719 12155.4345703125
133.0424957 9642.6025390625
136.075882 131998.25
138.0917816 40437.41015625
141.0658112 11219.4462890625
141.1022949 16330.859375
143.117981 108515.78125
145.060379 7151.8657226563
146.059967 11684.6640625
147.1130219 305435.0625
148.1177216 8893.74609375
155.0821075 13061.2431640625
155.1183777 65013.24609375
157.0973053 14023.8251953125
157.1333923 88994.203125
158.0929718 32917.875
159.076828 64170.953125
159.0905151 13302.646484375
159.1123199 14363.90625
161.0933533 8415.02734375
166.0614166 7642.7353515625
169.0971985 11406.6552734375
169.1336212 38377.21484375
171.1130066 49782.17578125
171.1493835 14476.2626953125
173.1286621 591527.375
174.132019 41438.6796875
175.1190338 153090.203125
175.1327057 13157.0625
181.109787 10135.009765625
183.1127777 112124.5859375
183.1501617 7717.9643554688
183.8694153 6456.271484375
185.1290131 30773.646484375
185.1651459 33262.3671875
186.1237793 56768.7421875
187.0713348 59864.90625
187.108078 11422.8408203125
187.1442413 110138.953125
189.0887756 8583.8037109375
192.0770264 16592.4765625
197.1026001 9004.8359375
197.1288757 77049.9765625
199.1087494 8764.6982421875
199.1442261 29326.240234375
199.1805878 109294.1875
200.1395111 71601.5625
201.1235962 190976.421875
202.1259155 9782.423828125
206.0930481 7770.9169921875
207.1133728 10733.34375
209.1037903 51246.6171875
212.1404877 8075.7817382813
213.1602936 35569.8203125
215.1392059 123055.9765625
216.1362 32581.41796875
217.1001129 7171.8017578125
217.1360321 16297.4794921875
226.1192932 9105.1640625
226.1572113 11361.181640625
227.1752777 107794.2265625
228.1343231 36440.2265625
228.1794891 9148.4501953125
229.1188812 34178.88671875
230.1508484 30973.64453125
231.1136322 28093.607421875
234.1450043 109054.0078125
235.1482239 9210.8642578125
240.1343231 37725.4296875
243.1337433 37193.37109375
243.1569824 13872.3935546875
244.1657257 93229.28125
246.181076 7689.5180664063
247.1113739 79487.59375
248.1609192 97363.9140625
249.1615601 12251.359375
250.1189423 14649.138671875
251.1749573 9113.5732421875
254.151535 11347.6044921875
258.1089172 40204.296875
258.1439819 46826.75
260.1967163 27254.841796875
263.1394348 12009.2744140625
270.1451721 8900.3125
271.1761169 14277.1494140625
272.1634827 8863.3056640625
274.1185608 35054.84375
281.1970825 31231.646484375
285.1540527 9811.3544921875
286.1401062 8439.1591796875
288.2034302 25785.755859375
294.1819458 147101.265625
296.1973572 55912.828125
297.1548462 9361.98828125
299.2094116 15751.578125
300.1569824 14044.8095703125
303.1694336 14740.966796875
305.3025513 6863.0893554688
314.2057495 14606.2421875
321.1782227 186928.796875
322.1794434 36449.0625
328.2229614 44716.16015625
338.1815491 96589.5859375
340.2589722 17007.615234375
342.2041931 15836.0224609375
357.2141418 10772.8486328125
371.2321167 16139.0380859375
387.2661743 7367.853515625
393.2498779 43588.68359375
399.2246704 14355.28125
401.2894897 9013.7529296875
414.2356567 68057.6328125
415.2438354 11448.7265625
416.2502136 8549.1875
417.2508545 9496.048828125
418.2658386 33359.5703125
430.3049316 10889.1044921875
434.2608337 113477.90625
435.2651672 29315.2578125
452.1593323 9076.9296875
467.2744446 8834.345703125
485.3091125 14598.6787109375
492.3182678 39326.8125
505.2962036 63409.16015625
506.3004761 10650.0732421875
508.2892456 48743.37890625
509.294281 13273.318359375
513.3065186 51775.625
530.3323364 29331.4453125
547.3569336 60438.40625
548.350708 30290.947265625
586.3475342 45231.34375
587.3762817 15044.5322265625
587.9872437 6459.0278320313
605.3932495 14813.7236328125
614.3389282 8395.8056640625
616.3690186 9051.55078125
623.3174438 15849.8818359375
634.3547974 14081.7548828125
652.3696289 31265.955078125
658.4284058 75460.3984375
659.4276123 29717.068359375
660.4311523 77286.75
661.4326782 32910.66796875
678.3447876 26167.748046875
757.3949585 8616.5322265625
761.4712524 37710.8125
762.4804688 9384.837890625
835.1975098 7880.91796875
