2584.32968665668 3
183.1128082 23514.09375
184.1080475 22526.431640625
185.1636505 16782.47265625
197.1277618 19515.515625
199.0708008 41697.68359375
199.1438599 29654.9375
202.0851898 16676.220703125
212.1034241 233826.46875
215.1020203 20891.615234375
217.0814056 23828.732421875
226.0820313 19407.2265625
227.2058105 15523.013671875
228.1355286 29022.10546875
229.1295013 21786.1484375
230.0771179 23942.29296875
230.1137238 39756.7265625
233.1287842 95084.78125
233.1658173 18797.64453125
243.1099396 21030.529296875
246.1807404 106125.78125
257.1213684 18178.6875
261.1235352 25488.14453125
261.1605835 46442.03515625
266.1131287 97707.0
281.124939 38612.31640625
283.1401978 20293.181640625
285.156311 26401.123046875
286.1029358 33003.95703125
290.1494446 23361.18359375
297.1549377 24517.142578125
298.1516724 33600.82421875
298.2116699 27366.95703125
309.1194458 40968.28125
311.1734009 18730.490234375
314.1731567 34334.98046875
317.2180176 103653.2109375
318.1451721 113433.84375
318.1821289 119291.140625
326.1457214 329721.28125
327.1305542 121416.4453125
357.1396179 25721.595703125
376.1503906 368390.84375
377.1505432 38862.9296875
388.2561951 123216.8828125
394.2096252 44046.51171875
401.183197 186566.359375
403.2703857 35443.390625
408.1866455 21003.6875
411.23526 158151.640625
412.8560791 19779.013671875
413.2426453 29566.166015625
415.1489563 88089.171875
419.192688 41568.5390625
422.202179 161092.875
423.2039795 20854.8984375
425.2163391 22843.599609375
426.2004395 21867.796875
428.1778259 38642.0859375
429.1783447 110085.5859375
432.1726379 656665.75
433.1732788 286108.0625
434.1734009 28039.7578125
439.2298279 297161.28125
440.2320557 44856.94921875
446.1872253 38800.515625
447.1826172 22403.86328125
461.2185669 26143.962890625
467.2259216 27315.595703125
475.2188721 141417.265625
475.2892761 190267.890625
476.2956543 29385.619140625
479.2230835 141652.828125
480.2272644 46337.08203125
484.2539673 37582.42578125
486.2354736 33044.45703125
496.2511902 39986.203125
498.1963806 37919.67578125
504.2485352 44101.09375
505.2536926 23056.7578125
507.2936707 27336.19140625
514.2310181 46486.76171875
516.2094116 40404.5546875
524.3276367 21389.263671875
532.24646 99499.8984375
535.2910156 20746.623046875
544.2041016 487521.875
545.2078857 93902.859375
550.2669067 82823.328125
551.2583618 26938.12890625
552.3154907 36867.703125
561.2745972 25166.072265625
562.2197876 85140.3203125
567.2946167 43844.91796875
574.2860718 81860.78125
584.31604 37597.37109375
604.326355 116381.2734375
615.284729 44308.68359375
616.2672119 109448.34375
617.2695313 23169.005859375
631.3043823 26498.076171875
643.2719727 298016.28125
644.2763062 94536.4765625
651.3754883 23209.630859375
657.2998047 24684.1328125
661.2825317 143970.3125
662.2839966 28402.685546875
678.3248901 42392.9140625
691.3596191 433813.25
692.3684692 126241.4375
693.3682251 33771.51953125
695.3415527 41252.9453125
696.3353271 33464.71875
715.3323364 40501.23828125
729.3519287 32255.2109375
730.3770752 30048.529296875
732.3458862 24805.650390625
742.336792 135837.84375
743.3421631 47407.29296875
760.3494873 197685.734375
761.3574219 48723.1640625
762.3577271 38810.0546875
774.3673706 42740.93359375
783.3661499 25274.4375
792.3716431 41220.73828125
798.4076538 147487.71875
798.90979 46486.984375
804.4437866 135246.0625
805.4489136 87342.3046875
806.9168701 305585.40625
807.4238281 175196.46875
807.9197998 90398.1953125
808.4194336 40121.6640625
809.3903198 34030.23046875
833.4369507 25847.8046875
841.390686 30166.69140625
859.4157104 178629.9375
860.4205933 115887.1328125
861.4327393 123258.953125
862.4317627 48456.75390625
863.4396362 90117.0
863.9664917 79596.4375
873.4306641 47746.03125
901.4599609 27334.607421875
905.4664917 57217.890625
918.4875488 263746.125
919.4920044 159948.859375
922.4761353 90396.875
923.4780273 33301.71875
929.4291382 26913.94921875
972.5008545 98618.875
973.5062866 24893.6484375
1029.514771 142122.109375
1030.5271 83255.71875
1046.541626 157860.546875
1047.552612 95871.921875
1057.540527 25335.125
1117.586426 96897.5625
1118.588379 44176.35546875
1157.582397 82940.8515625
1158.602783 27993.37109375
1174.605347 466646.28125
1175.606689 262123.3125
1176.618286 109105.46875
1287.69458 76031.453125
1368.658569 30300.0390625
1515.775757 33449.9296875
1612.83728 83232.6796875
1613.848999 79136.7578125
