1217.65523687343 2
86.09719849 1511248.5
87.0561142 51845.984375
87.10047913 72500.8046875
88.04008484 64839.71484375
91.05506134 30629.791015625
98.4671402 11844.611328125
101.0716248 148609.046875
102.0556793 63356.19140625
104.0534134 52308.43359375
105.582901 12692.60546875
110.0717468 30665.939453125
113.0713501 17299.93359375
115.0508881 13580.212890625
116.070816 28681.44921875
119.0498657 13185.177734375
120.0812683 253187.046875
121.0849228 28043.142578125
126.0548859 13480.708984375
127.0873489 15004.8896484375
129.0662384 68530.5234375
129.1026154 213450.46875
130.0657654 27327.740234375
130.0865631 72186.921875
131.1182709 316172.75
133.0437927 26145.26953125
136.0759583 243112.78125
141.06604 64389.96484375
143.1182556 86874.1796875
147.1130981 133522.171875
155.1179962 28694.859375
157.0966797 13500.4150390625
158.092865 86792.453125
167.0811462 16369.6630859375
169.0612793 23999.44921875
169.1326447 13341.40625
171.0767365 74683.390625
171.1131287 54466.73828125
172.0715637 133498.453125
173.1285706 17189.001953125
175.0864868 16226.1142578125
175.1194916 151275.640625
176.0217438 15975.3916015625
181.0607147 17582.205078125
183.1141815 20975.267578125
185.1286621 17271.2578125
186.0879059 181373.171875
187.1069946 15785.8837890625
187.1447296 18463.623046875
196.1450348 26065.365234375
197.1291504 79682.9140625
199.1805878 67819.1953125
200.1394806 26699.728515625
201.1238556 56401.61328125
208.097168 85101.984375
212.06604 15714.236328125
214.1550903 72560.7734375
215.1395569 77872.546875
217.0981445 27528.9375
219.0810242 97835.9765625
225.1232758 154201.984375
226.0824432 14933.419921875
226.1208496 21070.947265625
226.1570282 17767.994140625
227.1754303 21417.35546875
228.1346893 68279.59375
229.0966797 20385.802734375
229.1188507 20969.267578125
230.1504822 75095.25
234.1244202 103676.2890625
240.1339417 18068.576171875
242.1505585 403721.96875
243.1094513 66830.9140625
243.1519318 29790.326171875
244.1658325 87257.6328125
245.0463104 15687.5556640625
245.092453 19006.380859375
246.1271057 25248.974609375
249.1595764 28654.9921875
258.1447754 29152.904296875
260.1039429 19682.453125
260.1968994 14040.99609375
262.0877991 17252.603515625
262.1183777 65889.015625
262.1419373 28417.646484375
271.14151 108473.5859375
296.158783 13720.9384765625
299.1708984 20307.513671875
301.1154175 25830.125
303.1766357 16928.828125
311.1721191 17008.416015625
312.1302185 29119.849609375
319.1394653 60581.89453125
339.1650696 17355.98046875
355.1960449 17912.02734375
355.2339783 73018.2734375
356.1949768 29826.19921875
373.2209473 16434.90625
375.2246094 71381.3828125
376.1219177 45996.61328125
387.1924744 18445.548828125
414.1982117 21137.83984375
416.2641907 16490.16015625
458.2587585 26402.091796875
482.2677612 16506.185546875
512.2871094 22960.998046875
521.267395 18660.322265625
522.3195801 27561.748046875
538.2921753 19264.173828125
539.2853394 14331.9521484375
543.3129883 19820.744140625
543.7825928 22323.154296875
544.321228 24672.95703125
572.3035889 23571.41796875
583.3539429 49057.5625
636.2961426 23290.1953125
659.3502197 54409.02734375
669.3204956 23964.080078125
680.3716431 22024.681640625
681.3748779 16961.375
686.3389282 70772.1796875
687.3430176 15924.7763671875
692.416687 47995.51171875
733.3178101 14192.5478515625
749.4303589 113660.71875
750.3418579 61853.625
751.336731 20628.361328125
767.4345093 15605.8017578125
768.0863647 14348.1337890625
785.4077148 23932.05859375
791.4829712 20342.8984375
799.4225464 85345.6328125
800.430481 26476.3046875
815.4329834 62526.43359375
863.4205933 73425.2734375
864.4284058 30424.17578125
874.4746094 23800.005859375
895.4742432 18045.486328125
896.4784546 16089.9951171875
912.5166626 155283.640625
913.5134277 31485.470703125
955.5101318 20428.6953125
961.0585938 14570.5361328125
976.506958 87101.1796875
977.5109863 29016.57421875
1043.544067 29040.107421875
