1497.74248694234 2
116.0715332 30330.763671875
120.0813599 154893.859375
129.1026154 60536.9453125
130.0661316 48778.8125
131.2858887 25552.931640625
136.0755768 213044.125
143.118103 27551.8359375
157.0974426 31700.060546875
158.0588074 24487.27734375
159.0917511 623814.9375
175.1181946 39629.18359375
181.0977936 34647.3046875
181.5718231 26410.486328125
183.1497345 36804.078125
187.086731 37630.19140625
197.1281586 39675.67578125
213.0878754 29001.1484375
242.1500854 168581.59375
244.1665039 36664.41796875
255.1479492 30937.779296875
272.1759644 150410.515625
274.5806274 29168.015625
300.1699524 133466.109375
310.2124329 28338.693359375
327.2393188 30212.646484375
335.1941223 50731.98828125
383.2041931 33340.328125
400.2340088 65332.1953125
428.2272949 142954.09375
495.2224731 131048.71875
496.2970276 34410.0703125
541.3084106 44393.89453125
564.2937622 27855.427734375
658.0378418 30776.9921875
658.2837524 166609.609375
844.3537598 255273.09375
845.3476563 122066.6875
957.4332886 253400.6875
958.4326172 119225.75
1070.508911 161373.3125
1071.502441 62326.1171875
1391.27771 31103.8359375
