1354.64650371311 2
95.84081268 9038.505859375
101.0714417 155575.546875
102.0557327 43186.8515625
103.0548172 20897.4765625
104.0534058 58764.7265625
108.2527771 8242.80859375
110.0717163 110347.046875
112.0874405 10324.337890625
113.071785 20639.76171875
115.0869141 44970.9140625
115.6938934 8846.9482421875
116.017067 17699.43359375
116.071228 16391.310546875
117.1030731 10207.3173828125
120.0810776 508342.5
121.0851288 23447.822265625
127.0869141 16866.419921875
128.0823212 74300.8125
129.0662689 136190.828125
129.1025085 274771.15625
130.0660248 21711.0390625
130.0865173 170655.28125
130.1056519 11944.396484375
130.4694061 8889.513671875
131.0808258 13664.9677734375
132.081131 9823.990234375
133.0432434 253834.125
133.0622101 9894.9208984375
136.0757751 234037.0
136.0854187 14683.275390625
137.0793152 19818.419921875
140.0813599 9607.3251953125
141.0668182 12472.3759765625
141.1022034 15623.29296875
143.1176758 72968.359375
146.0925751 102330.6875
147.1128693 258996.578125
153.1021118 11428.501953125
155.0817566 67849.171875
155.1180267 18782.85546875
156.0833282 9307.46875
157.0970764 34447.6640625
157.1335907 40694.41015625
158.0923767 40113.25
159.0779877 14771.6904296875
159.0920715 65693.953125
163.0866699 66273.6953125
166.0868835 52294.21484375
167.0815125 14554.0546875
168.3005219 9452.3232421875
169.0975647 23503.392578125
169.1341248 34635.12109375
171.1126099 56873.8515625
173.056366 14577.84765625
173.0917511 15353.291015625
173.1287231 115082.6796875
175.1191711 162138.84375
183.1134033 36747.484375
183.1493378 18416.53515625
185.0921783 19015.314453125
185.1291962 54450.65234375
185.1656952 11514.42578125
186.0868073 32775.80859375
187.0720062 18981.12109375
187.1442566 68250.3359375
191.0817413 199753.8125
195.0769196 18015.283203125
196.145752 11987.5146484375
197.1291504 36551.90234375
199.071701 14627.9189453125
199.1078186 45555.78125
199.1805267 36663.19140625
201.0887604 11170.8486328125
201.1075287 12681.48828125
201.1240387 93361.2265625
203.0853424 15160.126953125
203.1214142 119626.5234375
207.0751343 14341.0224609375
211.1196594 39978.796875
212.103241 42415.09375
213.0877686 14219.056640625
213.160553 18329.306640625
214.1558533 18049.712890625
215.1392517 42098.015625
217.0821838 43303.3828125
219.1498718 41001.28515625
221.1291504 50684.65625
222.087738 68176.6484375
223.0718994 16445.3671875
226.1206665 11596.74609375
227.1754913 15028.6953125
228.1337585 107701.3984375
229.1190186 43696.44140625
230.1140747 11696.3798828125
231.1165009 107966.03125
232.1186981 17792.630859375
234.1237183 14742.107421875
239.1135712 108683.1171875
240.0981903 134824.125
242.1496887 41733.24609375
243.1327972 11220.5869140625
244.1659088 23244.798828125
245.1287231 17801.263671875
246.1261444 95223.21875
247.1445465 43800.9375
254.150116 21854.986328125
257.1249084 78852.625
260.1965332 98770.4140625
268.1315308 13050.0869140625
268.1646729 16004.3525390625
270.1453552 87186.828125
271.148407 14767.16015625
271.176239 16506.484375
272.1711426 44468.6875
274.1229248 47081.34765625
277.1184692 18621.37890625
277.1520996 10501.556640625
282.1816711 14563.1005859375
283.1443176 132932.34375
284.1459656 46734.53515625
290.1499329 207219.96875
291.1548767 12958.0654296875
293.1129761 17186.634765625
294.1818542 149703.140625
300.1557007 16633.3203125
305.1243896 10207.333984375
305.1611633 14314.216796875
307.1776733 42882.05078125
309.1194763 78832.609375
311.1384583 43291.42578125
312.1513062 10262.76953125
315.1659241 12756.16015625
316.1486511 19824.5546875
320.1668701 40792.046875
328.166626 11099.8515625
331.1983643 17728.794921875
332.1993713 11424.2177734375
342.2163391 11740.19921875
355.1069641 37644.44140625
355.233551 15450.41015625
357.6591797 11344.970703125
364.1499634 15237.810546875
370.2451172 50274.69921875
371.228363 118380.3046875
372.1405945 9583.8095703125
375.2042847 86408.6484375
376.2129517 10752.9384765625
383.104126 66324.640625
383.1882324 26016.427734375
387.1836853 18115.048828125
388.2559509 54235.4609375
391.1999817 11521.6513671875
394.2098999 20577.6796875
395.2304688 125339.6015625
399.1438293 49998.23046875
400.1270447 229221.78125
401.1308899 43586.140625
401.2045593 11988.5537109375
401.8607178 9635.4033203125
405.1626587 41534.09375
406.1592712 9342.7919921875
412.1763306 13225.7626953125
418.2072754 83500.234375
421.219574 11864.7744140625
422.2048035 43473.41796875
431.1921387 12871.3896484375
479.2628479 12807.7646484375
482.2173767 16226.79296875
487.3247986 57910.66796875
510.2575378 110728.25
511.2633667 18419.6796875
512.2288818 45986.05859375
512.7856445 17526.1484375
513.2157593 57108.19140625
563.2678223 20358.169921875
578.3301392 12140.0498046875
604.7967529 15971.1826171875
606.2902832 20055.49609375
623.3417969 71926.609375
624.3413696 18681.107421875
628.3369141 11715.607421875
634.3910522 106936.484375
635.3933105 95850.4375
641.3782349 80808.3828125
642.3686523 18940.173828125
643.2679443 53311.65234375
644.2593384 16739.4609375
649.4136963 13703.982421875
661.3640747 13485.7392578125
662.4070435 16612.40234375
668.8233643 21177.712890625
669.3235474 39121.6875
676.3743896 12389.2158203125
677.383728 137496.828125
678.4008179 213074.484375
694.3764038 113618.1875
695.3817139 39058.953125
699.4074097 18331.130859375
714.2993774 65856.796875
715.3135986 42056.5234375
716.3170166 13791.515625
724.3979492 13736.064453125
756.3962402 45446.6953125
757.3945923 13170.1552734375
776.4680176 12628.595703125
808.4151611 39493.88671875
823.3336792 92810.6484375
825.4182739 96200.46875
826.4105225 55990.25
827.3914795 14480.7021484375
859.4244995 60770.0078125
860.4138184 15578.8115234375
876.4922485 12469.0283203125
926.496582 39876.01171875
927.5073853 18696.64453125
937.4510498 39040.83984375
938.484314 48131.32421875
942.4053345 51627.71875
943.4198608 13789.6640625
961.4371948 14195.279296875
972.5023193 51371.828125
1021.412964 12855.103515625
1023.559204 104300.8515625
1024.54895 59198.890625
1044.466675 14839.0986328125
1074.499756 17152.119140625
1098.506226 17529.328125
