875.433907839654 2
70.06591797 168099.125
70.54979706 8488.12890625
72.08152771 691284.0625
73.08474731 15317.796875
74.06079865 33706.51953125
77.12670898 8460.2529296875
84.04507446 79386.9296875
84.08136749 206248.21875
86.09702301 275130.28125
87.05593872 13561.3837890625
87.10030365 11828.7451171875
88.03978729 19009.548828125
92.03398132 11468.0537109375
102.0554428 99067.0703125
104.0533905 9749.427734375
110.0715408 66747.0546875
112.0874405 11558.337890625
115.0870209 17707.0703125
120.080925 149972.46875
122.2950516 8522.234375
127.0871506 12096.4873046875
129.0653076 9534.4892578125
129.1023407 240311.0
130.0865021 98708.7734375
136.0753174 97156.890625
141.065918 8862.5478515625
143.0813599 11875.8544921875
143.1172333 14329.9013671875
147.1128387 199018.0
155.0814514 8813.978515625
159.076828 17461.072265625
169.1323242 9955.291015625
173.128067 16770.486328125
175.1189423 46716.81640625
181.2534027 10529.92578125
183.1129608 16802.7734375
187.3390808 9931.7041015625
197.1296539 12827.1455078125
199.1798553 36642.25
200.1403809 18024.30078125
201.1232758 132813.1875
215.1391449 32356.716796875
219.1487427 42200.7890625
221.1281128 48808.29296875
229.1183014 41302.92578125
231.0978851 12380.6259765625
237.1221771 10869.4990234375
240.1338043 16563.021484375
241.0811157 14138.15234375
243.1334381 21348.421875
247.1425934 13028.8154296875
258.1450195 42371.37890625
259.0932312 35591.12109375
274.1228943 8982.85546875
276.1573486 45414.5703125
294.1805115 52172.16015625
354.1643066 15433.1767578125
372.175415 10875.98046875
387.1861877 34939.4140625
390.1983337 14740.2529296875
395.2286072 62276.3515625
396.2297974 10872.109375
421.210968 12657.181640625
438.2328186 49851.91796875
518.2859497 17066.369140625
600.9725342 9497.7197265625
629.3099365 15466.728515625
631.3757324 34223.67578125
647.3212891 34843.33984375
776.3549194 14038.98828125
