1710.82639237933 2
119.0490036 13584.7158203125
120.0805511 95326.265625
129.0656586 20085.228515625
129.1024017 115022.28125
130.0495605 26756.755859375
130.0860291 86506.3515625
133.0429688 12193.2861328125
136.0661774 19279.71484375
136.0758667 350758.09375
137.0791016 20522.50390625
141.0656586 17723.29296875
143.1178894 32514.111328125
147.112915 117695.8125
147.1215057 10794.294921875
148.0760193 17676.81640625
155.0814362 18957.427734375
157.1343689 13333.53515625
159.0762177 29000.279296875
159.0910645 21645.796875
162.2481842 12176.251953125
170.9285431 11209.955078125
171.1123199 17502.033203125
171.1529694 11623.3916015625
175.1188812 24340.544921875
176.1067505 40144.5703125
183.1490173 97738.40625
186.0890656 12261.025390625
187.0714874 128119.9453125
187.1441803 20250.095703125
193.0970001 31887.271484375
198.0870056 14202.9541015625
201.1236725 25868.564453125
202.0860901 14734.724609375
211.1438599 35471.17578125
213.0866241 23677.302734375
215.1407776 18053.908203125
221.0926208 162246.734375
221.1284637 68748.6796875
228.1699524 19517.390625
231.1134033 81532.921875
232.1170197 13400.7490234375
233.092392 19383.56640625
241.082016 85695.765625
244.093399 126795.21875
246.182251 123122.0
249.1243744 21199.779296875
249.1597595 27642.962890625
259.0923462 98408.7734375
277.155426 74136.3125
278.0881042 19832.400390625
278.1140442 167620.078125
278.157196 15284.5888671875
287.104248 22256.966796875
298.105011 25368.365234375
306.1089478 19974.853515625
316.1143188 29023.376953125
317.2185364 141956.03125
318.2217407 25265.591796875
344.1243286 33160.625
348.1936951 63672.71484375
355.1260376 75085.6640625
355.9845581 14947.09765625
365.2182922 22898.130859375
373.1367493 86765.8671875
374.209137 142159.828125
377.1484375 25297.482421875
379.1616211 61425.4140625
383.3568115 15952.2978515625
407.1560669 27977.98046875
430.303894 126635.421875
431.3078308 26307.798828125
437.1513367 33043.67578125
438.1615295 22497.5390625
457.2447815 18463.962890625
459.2974548 18944.25
484.1703491 24255.923828125
485.2417908 24903.033203125
487.296814 19360.908203125
488.2986755 22892.4140625
490.1964722 16840.673828125
502.1795349 18300.02734375
508.2085266 21054.86328125
535.2736206 37301.0859375
536.2001953 24287.611328125
536.2765503 19822.619140625
558.3275146 120884.0859375
559.3375854 21278.94140625
593.3674927 132060.15625
594.37323 63871.25
598.3226929 22385.65625
617.2084351 19415.01171875
634.331665 20032.142578125
642.3617554 25814.26953125
657.3984375 23622.728515625
694.3071289 24113.28125
720.4084473 25971.630859375
735.3938599 25339.521484375
742.9735107 19388.14453125
803.5039063 301710.34375
804.5110474 98642.15625
813.3711548 33204.0234375
849.4386597 35954.421875
855.4830322 37734.09375
857.3978271 24289.55078125
914.5369263 61719.2421875
931.5604248 71680.390625
949.5262451 34701.58203125
953.5499268 63376.54296875
954.5355835 25704.876953125
976.4577637 22214.3125
1046.580566 99948.265625
1047.587646 32021.23046875
1072.515015 29156.19140625
1075.58606 38804.2421875
1076.599243 64415.953125
1175.631348 82689.1015625
1264.587158 30100.451171875
1304.68811 33863.20703125
