1111.49689498215 2
84.04516602 478887.8125
84.08141327 481486.03125
86.09715271 4932469.5
90.68385315 317868.03125
92.03472137 419178.90625
101.071312 673405.0625
104.0533981 631412.875
117.1024628 2525984.5
120.0811462 2279511.0
120.0886536 278886.4375
129.1022034 1240724.625
130.0865631 605225.0625
133.0431671 513651.875
136.0758362 1872547.875
143.1182098 373177.5625
147.1128082 620654.5
159.0769196 576051.9375
159.0919037 1712650.625
159.4857788 317303.5625
170.0605774 1651434.75
175.1178589 335757.78125
201.1251373 315395.53125
216.0802002 698468.0625
230.1144409 543117.0625
232.111618 408271.09375
243.0807648 1253390.5
249.1230164 343653.0625
260.1068115 614539.375
264.0838623 712603.0
267.1166382 530613.3125
292.0773926 387843.53125
295.111084 564781.0
298.8097229 319000.0
310.1760864 1580686.25
366.094635 339206.40625
388.2165833 631170.5625
394.1776123 358125.8125
411.2240906 668309.625
455.1416016 513499.46875
558.2946167 388064.46875
565.4520874 312996.625
687.7696533 358488.03125
721.357605 512987.1875
809.4352417 500829.8125
924.4550781 358460.3125
1105.325439 336847.6875
1135.771973 386354.59375
