958.504153279748 2
70.06598663 3560731.0
71.06916809 150302.5
72.08163452 605983.75
75.28839874 95806.6875
84.08161926 666953.8125
84.49723053 111851.578125
86.09715271 6946434.0
87.10031891 234760.59375
92.02858734 117805.625
102.0556488 154865.453125
110.0717621 661318.3125
129.102417 784314.875
130.0864105 482478.90625
136.0760956 127227.8828125
147.1131439 760600.8125
149.2341461 104630.921875
167.3173676 101820.078125
185.0929565 194901.015625
199.1806946 3362841.25
200.1842194 203740.953125
213.0871124 227898.078125
218.0600281 135495.859375
227.1768799 226860.125
234.1443939 174811.203125
270.1075134 120485.0859375
279.1354675 587046.9375
299.1000366 119611.2578125
303.203125 202713.765625
366.6713867 1855639.125
367.1713562 431859.5
430.1357117 164183.765625
487.1587219 209794.46875
508.7008972 112120.5546875
520.2550049 818465.625
521.263916 260558.828125
553.8001709 118831.6796875
558.2327271 465106.4375
559.2354736 142553.265625
586.2249146 178156.9375
635.2849731 1174980.75
636.2814941 185242.140625
732.335022 1965186.5
733.3334961 504060.03125
831.7217407 109610.078125
894.8612061 140702.03125
902.0736084 125155.1015625
947.0127563 108840.203125
