1345.67616543228 2
93.04524994 31602.294921875
101.0715561 163122.46875
102.0551834 43831.05859375
104.0534439 36875.0390625
110.0717239 1081588.0
116.0712891 32913.1484375
120.0810165 55000.109375
129.0671234 29350.92578125
129.102478 147742.265625
136.075531 279772.78125
147.1134186 59755.11328125
152.5697479 37885.6171875
155.081604 41703.8828125
158.0923004 48180.01171875
175.1193085 372241.0625
183.1496429 314801.21875
185.1644592 42307.73828125
194.0925598 61515.15234375
201.1245422 38497.734375
202.0863953 170673.546875
211.1442413 278937.0625
212.1473389 35715.15625
213.1604767 47220.7421875
215.1391907 44299.5859375
219.1138306 64798.9921875
221.1031494 58842.8515625
239.1134186 274681.40625
242.1496887 34412.484375
246.1235352 437218.125
247.1066742 389296.875
247.127533 29290.263671875
249.0979919 146429.78125
256.9725647 34728.47265625
264.1349487 373993.875
267.1088562 349773.0
274.1199646 161085.296875
304.1617737 269760.3125
310.2120056 58952.765625
320.136322 183619.515625
338.1447754 121126.703125
372.1555481 130809.6171875
378.2019348 47163.92578125
430.2660217 42789.1171875
435.2216797 43424.640625
469.1903076 48561.18359375
510.1460266 35558.8203125
546.2862549 192431.65625
644.3051758 232324.03125
645.2988892 46201.74609375
701.3171997 119225.1171875
745.3442993 287511.1875
746.3492432 141015.078125
762.362854 34884.4140625
844.4143066 305120.875
845.4185181 194684.078125
875.4495239 50178.71875
882.3671875 46327.30078125
957.4968872 159496.390625
958.5016479 62154.4921875
1010.530334 41205.3828125
1054.547241 550379.0625
1055.557495 310448.0
1056.549072 131252.1875
1077.522827 249523.671875
1078.52124 190898.125
1079.525757 132264.84375
1206.553833 63489.75
1207.556763 64213.86328125
1277.453735 40617.19921875
