1329.65915175774 3
101.0716782 418496.84375
103.0548248 237929.5625
107.6648026 28960.734375
112.0870514 65509.75
115.0869293 59046.02734375
116.0709381 113685.5
117.1028519 61526.95703125
119.0495834 138326.96875
120.081131 4201445.5
121.0846024 273877.6875
129.0658722 114391.890625
129.1025543 357235.90625
130.0869293 38527.78125
130.0973358 34038.015625
136.0758514 1442932.625
137.0790405 68628.6953125
143.1181183 30479.89453125
147.1130829 133369.796875
156.0764618 41126.984375
157.0615387 31564.478515625
157.0977325 144516.171875
158.0923767 140773.453125
169.0972443 34601.02734375
175.1191254 929723.75
177.1023865 1726103.125
178.1059723 164721.015625
185.1294556 39533.6875
187.1080933 118771.140625
191.1179504 627127.1875
192.1208649 51513.09765625
197.1279755 33080.55859375
199.180542 125313.8984375
201.1235504 180059.5625
205.0973358 665614.6875
206.100769 60504.98828125
214.118927 42120.33203125
215.1387634 42876.80078125
216.0986176 50759.38671875
219.1133423 507826.8125
219.1484375 302260.96875
220.1527252 41823.66015625
226.082428 68533.1953125
226.1193542 109409.453125
227.1741486 33204.0859375
228.1343842 180761.015625
230.0786743 33574.07421875
231.1126099 66637.5703125
233.1654053 234014.546875
235.1212921 39784.84375
235.1442566 181946.421875
244.0925751 146173.609375
246.1242371 49926.33984375
247.1073914 67033.9765625
247.1448517 70386.21875
253.131134 96500.2890625
259.1444702 64828.43359375
261.1591492 207156.171875
263.1404724 52772.23828125
264.1346741 43473.59375
269.1239929 152027.625
271.1768188 128042.7578125
276.134552 698321.0625
277.1370544 65265.890625
284.1602783 53750.91015625
287.1351318 56533.984375
288.203064 129800.03125
289.1616821 113117.4765625
304.1623535 183478.703125
316.1296082 37898.9609375
318.1825256 39107.30859375
321.1603088 46611.41015625
330.1814575 136155.25
331.122345 41527.25390625
337.3703308 32172.810546875
343.1611938 41140.91796875
346.1724243 31277.916015625
349.1731262 40658.3203125
374.1724243 63882.9375
375.2023315 117771.625
378.1810303 57805.53125
383.1677551 56337.7421875
384.1527405 45616.14453125
395.208252 113197.6484375
395.6972351 48620.73046875
396.195282 31946.419921875
401.1785889 275268.65625
401.2873535 224359.953125
404.1923523 36651.015625
406.2126465 36575.94140625
415.1972961 35401.10546875
418.2042542 971980.5
419.2059937 206741.703125
423.2011108 52344.28515625
429.1747437 40497.18359375
444.2944946 133737.265625
456.2887268 64959.15625
477.2535706 63407.44140625
485.3068542 35247.890625
494.2709961 32944.15234375
500.2458801 42976.55078125
502.3344421 297551.6875
503.2565918 38872.7890625
517.2737427 797779.75
518.2749634 191980.0625
519.279541 38437.07421875
522.2720337 50404.22265625
534.2353516 32539.328125
535.2736816 66492.21875
573.3716431 274117.40625
618.2771606 38814.91015625
626.3926392 36689.58203125
650.3339233 36194.953125
662.3435059 36349.109375
680.3358765 721708.5625
681.3394775 284012.65625
682.3399658 121131.03125
686.4395752 33895.66796875
791.3627319 283686.75
792.3721924 129097.78125
808.3996582 300015.84375
809.3895264 122570.8828125
873.4465942 38714.6640625
907.4586792 152812.125
974.5450439 35325.03515625
1185.507202 41674.55859375
