1362.66345322729 2
101.0716782 28144.431640625
102.0554886 30710.771484375
104.0533447 25807.962890625
110.0718155 60580.76953125
112.0877914 15720.916015625
113.0708618 13992.8720703125
115.0868835 24446.83984375
116.0171509 54707.09375
116.0707626 20880.177734375
120.081131 110032.734375
121.5354691 11976.3779296875
129.0661621 27765.53515625
129.1025543 152565.28125
130.0864868 22516.56640625
131.1186218 18407.62890625
133.0432281 440789.78125
134.0472412 14077.80078125
136.075531 95657.3046875
141.0656281 15315.798828125
143.1181335 343076.6875
147.1127777 72749.0390625
155.1180267 28449.19140625
157.0611572 82375.4921875
157.0971985 18666.41796875
158.0926971 64258.68359375
159.1119385 13772.11328125
160.0433807 85655.5390625
169.0323334 22414.12109375
171.1132202 75552.4453125
173.1283264 23074.458984375
175.0538635 21073.0390625
175.1190948 321185.78125
176.0197144 73508.71875
178.05336 248397.109375
183.0769348 15603.240234375
183.1139069 28982.88671875
185.0390015 14395.08984375
185.1655579 16160.576171875
186.0880127 21963.06640625
187.0710297 19246.064453125
187.1438446 20866.47265625
188.1016693 13253.77734375
194.0314484 16870.044921875
197.1290131 27188.60546875
198.0876312 13072.322265625
199.0737152 15505.3134765625
199.1798706 18531.615234375
200.1385651 17065.2109375
201.1239777 66740.9765625
202.0658417 16300.7783203125
202.0848846 18557.396484375
203.0484009 14927.1123046875
210.0262451 44978.8046875
212.1026764 28389.638671875
215.1394196 21932.41796875
216.0982208 62467.5078125
217.0805817 15154.998046875
218.1503296 17901.677734375
220.075119 76019.9296875
225.9727631 30418.986328125
226.1191559 15832.763671875
228.1357117 24916.814453125
229.1188049 47634.78515625
230.0604553 15595.6513671875
230.1138916 30611.685546875
240.1344604 27950.279296875
244.0922546 13241.15625
248.0703735 84048.7890625
255.1074829 14977.1484375
260.0410156 112638.4296875
261.0256348 52802.390625
271.1766968 15362.4228515625
273.1193237 53147.43359375
274.117218 14571.3662109375
276.8991699 13198.9189453125
278.0514526 70911.4453125
290.0992126 13206.869140625
290.1458435 59684.9765625
296.1967163 23013.21875
309.1538086 14140.412109375
317.0895996 14233.029296875
317.2203674 13895.4501953125
331.1437988 62047.98046875
335.1020508 17293.796875
341.109375 13863.0322265625
349.1483154 14788.943359375
384.153656 26260.18359375
401.1780396 28929.896484375
418.2073669 115052.6875
450.1286316 66783.6015625
479.2232056 17611.212890625
517.2715454 183792.90625
518.2687988 42520.953125
524.258728 20944.3828125
545.2556152 16020.4609375
590.317688 12783.41796875
594.25177 18820.337890625
630.3569946 223806.671875
631.3589478 92847.5390625
644.3154907 21768.908203125
645.322998 20341.8671875
680.3607788 60161.98828125
681.3721924 65049.6171875
698.5743408 15275.12109375
743.4473267 168727.234375
744.44104 76679.9765625
814.4203491 19762.94140625
858.4631958 109301.484375
859.4671631 25958.75390625
861.4078369 18246.6484375
863.4251099 21849.109375
928.4685059 24443.736328125
929.4785767 41699.73046875
945.5028687 136121.09375
946.4924927 83935.078125
947.5055542 21324.79296875
974.505249 17059.2890625
975.5095215 23605.31640625
1001.562805 21307.978515625
1014.518921 17045.306640625
1032.531372 209604.359375
1033.53418 137380.203125
1083.543213 14964.82421875
1175.55957 19945.50390625
1192.561035 99215.9375
1193.563965 37386.04296875
1193.804199 14100.8681640625
1194.562012 24999.943359375
1320.675049 20285.03125
