1740.94801715952 2
129.1026154 90105.9921875
133.6891937 77265.6640625
157.1341858 1118630.0
157.1443329 128262.359375
171.1137695 149200.8125
175.1186829 321360.03125
185.1286163 1831110.75
225.0969391 116183.03125
239.1745605 188632.734375
244.0952759 120884.0390625
256.1652832 152943.390625
284.1245117 191568.734375
284.1972046 2115813.0
285.1992493 177225.828125
310.2116699 148186.421875
349.184906 470234.625
355.2335815 1817574.5
357.1788635 154214.328125
380.7026978 146643.5
384.9385071 152433.765625
413.2427063 190420.734375
455.2642212 212186.40625
462.2669067 272668.3125
464.0647278 134424.46875
468.3205566 293136.1875
472.2889099 722638.375
484.2725525 199088.6875
494.7709961 156114.671875
544.3225098 139137.828125
561.3375244 163225.796875
639.4940186 151784.53125
648.3731689 541567.4375
649.3740845 203601.109375
738.1273804 155964.59375
747.4360352 1368438.625
748.4411621 534122.25
827.4981079 692509.75
828.5019531 204314.34375
853.4836426 1248626.75
854.480896 828465.5625
862.4619141 266417.65625
870.5026855 1604059.625
871.5053711 514551.71875
1030.553345 3235797.5
1031.557007 1717092.5
1032.570068 522448.375
1144.588623 1241087.75
1145.601685 794102.75
1255.646851 242344.671875
1273.645874 1683972.0
1274.64917 1011810.125
1275.648193 694466.8125
1386.711792 568645.625
1387.733032 670775.625
1493.97522 171534.25
