1579.97923835791 3
110.0713577 8255.7763671875
115.0862274 13386.3623046875
115.4662018 3990.3623046875
120.0811615 130945.3046875
121.0839462 14009.66015625
127.086441 13581.0537109375
129.0657196 17513.8671875
129.1025696 55972.72265625
130.0650787 12216.6171875
130.0860901 18598.001953125
131.069397 5739.4560546875
131.0803986 5279.7602539063
131.1175842 6207.2416992188
131.8096924 4823.7841796875
132.0802002 7962.3413085938
136.076004 86274.84375
138.0913696 8016.2670898438
141.1021576 10470.19140625
143.0446625 8926.27734375
145.0962677 6855.5502929688
147.1123962 40910.125
155.0814819 10411.328125
155.1164703 11386.7216796875
159.091095 14315.1181640625
169.0970154 9717.658203125
170.0594025 6944.1235351563
171.1121674 46858.28515625
175.1055298 5255.228515625
175.118576 59358.83984375
175.8004303 5297.3935546875
176.1207428 6684.419921875
179.0804901 5525.509765625
181.0965271 51636.0390625
181.1101837 5328.5356445313
182.1286926 19967.689453125
183.1124268 47294.203125
185.1650848 35631.60546875
186.1242523 18961.7421875
187.0866089 7149.3178710938
187.1075897 10742.0400390625
187.1443176 40138.62109375
197.1286163 19591.443359375
199.1078644 19841.03515625
199.1802216 16973.1015625
200.1396637 64867.46484375
201.1233368 44258.3671875
204.1348877 76203.9609375
205.4052429 5863.02734375
210.1233215 35169.21484375
211.1077728 13138.6015625
211.1269379 7500.4282226563
213.1599884 17332.99609375
215.1386261 42975.72265625
217.133606 9298.072265625
225.1235504 11325.396484375
226.1189728 8002.7412109375
227.1754608 19229.265625
228.1343689 73066.4765625
229.1369019 7704.1342773438
230.1305542 8460.716796875
231.1121521 13585.408203125
231.1324615 13571.509765625
233.1642609 15948.4609375
234.1686401 7373.3188476563
242.1500244 60382.5703125
245.1289063 7510.458984375
248.1390228 10989.42578125
249.1225891 10192.6953125
250.6783752 6273.7705078125
251.1013184 7956.1040039063
258.1231689 9735.294921875
259.1271057 11386.8173828125
260.1329346 7386.5258789063
260.1989136 7919.2436523438
269.1726379 7858.8276367188
270.1811523 10184.830078125
272.1758118 11727.8720703125
274.1192017 47141.7421875
275.1233521 8099.796875
276.1320801 13500.640625
283.1427002 7632.48828125
284.1976318 35014.06640625
294.1817932 59466.92578125
296.1956177 32161.841796875
302.1160889 7486.9833984375
303.2029724 59608.984375
310.2130127 38583.546875
311.1730347 10664.6259765625
312.1915894 38346.578125
323.2082825 34138.6875
324.1925049 33207.953125
325.1882935 13644.365234375
336.1574097 11319.55078125
341.2195435 58505.1640625
343.1966248 8152.3520507813
350.7102661 12676.171875
367.2324829 8061.1049804688
374.2415771 61523.95703125
375.2425842 14118.802734375
383.2678223 15083.1376953125
392.7510681 9209.333984375
393.2511902 15810.5068359375
395.2304077 10484.634765625
409.2795105 15236.09375
411.2629089 18992.849609375
420.2029419 10869.724609375
423.2252197 9476.6806640625
424.2550354 29474.560546875
427.7501526 14010.0185546875
436.2948608 16108.71484375
442.2676392 12715.1943359375
447.7720337 12021.8349609375
454.3023071 49900.62890625
464.2885742 12155.388671875
473.3112488 36128.3203125
482.2979431 54914.3671875
483.3044739 9385.1953125
516.2958374 13043.2919921875
519.262207 12999.6123046875
519.3334351 55119.16015625
520.3218384 35479.359375
521.3140259 12485.279296875
532.3334961 11546.1318359375
537.3396606 71276.4921875
538.3425293 11846.81640625
555.3540649 40813.91015625
556.3564453 10917.5048828125
563.354248 8816.9931640625
564.3334961 9720.62890625
581.3685913 18619.30859375
586.3918457 35579.57421875
618.3157959 10405.8291015625
647.3293457 10720.837890625
661.3896484 46638.21875
662.3880615 65604.046875
663.3879395 15841.98828125
670.4615479 41159.45703125
687.4400024 42069.60546875
697.4294434 11614.2080078125
700.4227295 16641.662109375
749.432373 13897.724609375
750.4252319 12873.880859375
757.4399414 35474.98046875
766.4761963 19110.01171875
775.4805908 16458.205078125
784.4904175 115218.1640625
785.5002441 40399.5078125
912.5342407 15516.7060546875
1371.428345 13430.9365234375
