1326.71605520697 3
92.03400421 16235.7099609375
101.0715179 54126.41015625
102.055481 84144.890625
110.0717545 296208.40625
112.0868073 16222.77734375
113.0716705 19420.845703125
113.185936 11472.6533203125
115.0867996 21347.369140625
116.017395 14865.650390625
116.0713043 25410.779296875
120.0812759 246975.140625
121.0850677 14792.490234375
129.0660706 22969.779296875
129.1025696 459187.875
130.0868988 145493.609375
130.0960693 19084.84375
131.1182098 193520.65625
133.0432434 53528.5
136.0758514 185938.75
141.0660248 20941.4296875
141.102356 81368.6328125
143.1180725 129423.125
145.0609589 16779.740234375
147.1127777 122256.0703125
157.0610504 31554.2578125
157.0973206 83847.9140625
157.1335297 103303.921875
158.0928955 70402.5703125
166.0614777 28210.677734375
167.0807953 20850.892578125
169.0971527 62065.28515625
171.0765076 14989.3994140625
171.113678 32096.5859375
173.1287231 62850.28125
175.0535431 17435.982421875
175.1192627 289002.96875
177.1026764 69374.8671875
183.1129913 48936.4375
183.1496582 31500.392578125
185.0566864 55230.78125
185.0922852 59208.69140625
185.1288757 21134.3125
185.1657715 76261.5078125
186.0877991 18681.583984375
186.1245117 16635.470703125
187.1445313 97432.3828125
193.0974274 18636.82421875
195.0395813 14766.5830078125
195.0876923 89106.734375
196.1466064 16375.6962890625
197.1288605 59661.28125
198.087265 16868.396484375
199.1079407 49414.80859375
200.1401215 20252.369140625
201.1062469 16105.1669921875
201.1234436 19913.90234375
204.1345825 137530.328125
209.0916595 11871.9189453125
213.0992584 22492.9375
213.1609497 19567.6875
215.1389771 91912.78125
217.134613 31956.59765625
220.0749969 20062.150390625
220.1082611 18028.876953125
226.1190491 17570.4453125
228.1348572 22132.77734375
230.057663 15478.0634765625
230.0778656 54629.60546875
230.1497803 52563.890625
233.0895844 12994.91015625
237.1342926 66043.9765625
238.1180573 26173.615234375
240.1350861 75389.65625
242.1499329 20623.482421875
244.1298981 119709.9296875
245.1298828 30174.296875
246.128418 65808.4375
248.070343 81094.59375
254.1491852 27668.4296875
255.1439819 17328.203125
256.1297913 52208.0703125
257.0963135 22889.822265625
267.1500549 15006.375
271.1764526 58069.3515625
272.1717529 213144.125
274.122345 83077.09375
276.1679077 20216.18359375
282.1806946 21717.3203125
284.122406 17421.69140625
284.2003479 16589.927734375
287.0809326 53586.7421875
288.203949 30366.404296875
294.1830139 20348.59375
298.1419678 20457.267578125
305.0918579 162987.734375
309.1637878 14594.9609375
311.6878357 15811.8759765625
323.1827087 25973.5546875
327.1327209 15992.185546875
336.2033997 18673.4453125
340.1968384 26937.044921875
341.1919861 325545.375
342.1942749 47024.8203125
343.1616821 14934.15234375
357.2115784 47861.875
359.2403564 21436.216796875
375.2392883 16296.1259765625
376.1646118 63963.265625
380.5664063 13484.8037109375
385.2584229 26355.408203125
396.7384644 14922.4423828125
404.160675 60990.828125
405.2218628 23053.599609375
418.1760864 19567.78515625
425.1825867 13797.052734375
433.2171936 16914.796875
440.2632751 141797.3125
441.2556152 18484.921875
443.2801819 17525.14453125
446.271637 22187.49609375
456.2930298 158486.359375
457.2933655 21075.28125
467.7034607 14301.392578125
468.2066956 14804.0830078125
475.2850037 14223.5537109375
483.7900085 15758.642578125
485.2199707 22493.625
489.2506714 29594.6484375
494.2713318 57708.39453125
495.2723083 22798.109375
502.2540894 143865.296875
515.3283081 79026.859375
516.3348999 20587.078125
517.2426147 24921.271484375
521.3087769 22301.078125
538.3025513 22633.705078125
539.3258667 21243.296875
543.3243408 30603.62109375
545.3027344 74515.0546875
546.3035278 17463.4921875
551.2980957 17702.125
554.286377 23662.521484375
555.277771 18005.060546875
571.2515259 16155.509765625
572.3057861 20084.62109375
614.2794189 25343.154296875
615.2825317 50988.265625
628.4129639 28171.7890625
640.3740234 29778.095703125
642.359436 14336.064453125
670.3876343 14531.0322265625
675.1399536 15745.0439453125
679.385376 60496.1640625
680.3887939 19893.115234375
685.4326782 58391.15234375
697.3978882 155426.75
698.4044189 30730.3203125
699.4518433 104876.5078125
700.4521484 62399.3046875
792.4680176 26413.083984375
810.4758301 26382.375
855.5331421 17803.7109375
1017.491089 18365.806640625
1253.548584 15871.9443359375
