1546.58677395583 2
110.0717545 68771.078125
110.0772247 6303.5302734375
112.8736496 4707.1025390625
113.0706482 6810.5380859375
119.0492096 10794.2216796875
120.0740891 9066.4345703125
120.0812073 170141.78125
121.0845261 8855.7001953125
127.0494156 9383.115234375
129.065094 7020.3286132813
129.1023865 106209.6640625
130.0504303 7073.4633789063
130.0648956 16418.708984375
130.0865784 69036.2578125
130.0939636 6863.3017578125
132.0806427 13999.28125
133.0430908 10609.0126953125
136.0664063 12126.7783203125
136.075882 258978.0625
137.0790253 23480.568359375
141.0651093 10885.154296875
143.0818787 12179.5263671875
143.1176758 12338.0859375
145.0603943 22846.607421875
146.0737915 6096.7690429688
147.1131439 115195.1484375
153.0658264 6596.2373046875
155.0809326 9350.8505859375
156.1410065 6540.2958984375
157.0975189 11108.1162109375
157.1330109 9368.056640625
159.0769958 23273.529296875
159.091507 84409.8125
162.0903473 7604.6044921875
162.366333 6984.333984375
167.6214905 7107.4321289063
169.0969086 7444.5146484375
169.1327972 16995.021484375
170.0609894 8484.685546875
171.0760345 48027.921875
171.1131897 14420.580078125
173.0558624 51696.15625
173.128479 38470.50390625
175.1188354 60614.7890625
181.0609894 9840.8154296875
181.0967102 9391.44140625
183.1116486 11276.826171875
183.1495361 17415.095703125
184.3127594 8328.423828125
185.0566559 9490.140625
185.092514 14239.2197265625
187.0721283 30282.197265625
187.085907 9914.869140625
187.1079559 10567.626953125
189.0858765 7591.4921875
193.0596924 9160.18359375
193.0989532 8563.5546875
195.0886078 12851.734375
197.1278534 12167.6357421875
199.0710754 10895.470703125
199.1804352 13939.23828125
200.1397095 17226.533203125
201.1239471 20144.474609375
205.0977783 12464.6591796875
207.1130371 110595.703125
209.0912323 12759.314453125
210.088089 45395.62109375
210.6354065 7834.15625
211.1443176 10500.7470703125
213.087326 12248.7998046875
215.138382 11963.173828125
216.0425873 39325.5234375
216.0979462 11385.6767578125
217.0821686 58567.86328125
217.1368713 11018.3037109375
218.151123 9812.3779296875
219.1490021 24574.3203125
223.4974213 8897.7880859375
226.1189575 15242.9091796875
227.1028442 14003.681640625
228.0981445 69758.0234375
228.1331635 13122.8388671875
229.0789795 9951.1455078125
229.1186218 11860.9248046875
230.0762634 11253.5419921875
233.0903015 9123.7197265625
235.1083221 53091.6640625
238.0818787 38727.05078125
240.0969543 11765.2734375
242.151001 14263.41015625
243.1340332 9584.08203125
244.1650848 10704.0771484375
245.0542908 8596.6416015625
245.0767975 79493.1640625
246.1086884 40349.83203125
247.1438293 23951.9765625
249.1594238 9031.416015625
254.151825 11622.95703125
256.0933533 108945.5859375
257.0943298 10536.9580078125
266.1235962 14042.7001953125
274.1042786 54116.98828125
275.1037292 15980.4296875
275.1711731 8765.6640625
288.2003479 12102.79296875
294.1810913 14854.7568359375
297.1216431 12971.080078125
298.1029663 20550.361328125
299.0989685 10849.8095703125
301.1297607 12101.9228515625
304.1618958 11389.322265625
307.1051331 16985.3125
310.1752014 84207.7109375
311.175354 14638.513671875
315.1319275 20894.91015625
316.1141663 43678.64453125
322.1562805 10251.62890625
325.1156616 101722.28125
326.1186523 9937.3701171875
326.1722717 10301.0595703125
343.1270142 55279.11328125
344.1613159 55475.1328125
350.1404419 10434.33203125
358.0820313 14154.005859375
369.1777649 42172.63671875
372.1568298 43162.359375
376.1498718 9612.9013671875
381.215332 36389.24609375
387.190979 15045.9697265625
416.2616882 14845.2470703125
430.102478 48519.046875
443.1381226 9710.0537109375
443.1951904 47203.05859375
444.1952515 16957.3828125
462.2025757 11189.3701171875
463.2377625 12652.927734375
481.246582 13184.142578125
487.1205444 14464.412109375
496.2583618 21795.544921875
508.242981 11193.0390625
526.1408081 12281.1796875
528.2850342 24359.283203125
542.253479 10561.92578125
543.3063354 46334.89453125
543.8027344 15085.1806640625
544.1514282 18199.84375
553.2796631 38322.84375
554.2783813 11819.0849609375
577.1707153 13463.0009765625
593.7294312 12328.486328125
610.3032837 71448.671875
612.3129883 10850.7607421875
628.3129272 16173.6494140625
635.8933716 11588.5390625
663.324646 20503.0625
684.2310791 11606.2431640625
702.2271729 37906.9765625
703.2260132 14843.4921875
703.3777466 14990.150390625
712.2111206 14210.6572265625
727.3822021 12337.1669921875
730.2252197 13138.8271484375
756.4071655 15147.1787109375
773.4335327 14462.1201171875
774.4213257 88009.2578125
792.4249878 43855.22265625
800.4699097 14305.7900390625
816.4587402 16048.755859375
818.4484253 12100.765625
853.3233643 78553.125
854.3295898 22212.794921875
888.414978 13224.44921875
932.5070801 42872.78515625
950.4472046 12760.046875
951.4384155 18932.345703125
959.4082031 22744.0234375
964.3465576 14636.2470703125
1031.576294 21593.712890625
1039.393555 270751.84375
1040.38916 137470.578125
1041.405518 41567.55078125
1051.483521 53029.33203125
1052.488892 18420.2265625
1053.515747 12579.3623046875
1084.633667 12143.5185546875
1085.605103 42929.359375
1086.595703 19766.263671875
1145.5448 14619.5361328125
1162.607666 18120.267578125
1179.538452 21349.58984375
1180.542603 35656.2578125
1186.464844 58852.7578125
1187.47168 36266.2109375
1273.483765 17896.482421875
1274.522705 13563.4453125
