1320.704124 2
101.0715714 10484.4150390625
102.0555038 24536.310546875
104.0534744 6108.9501953125
110.0718307 20353.7890625
115.0868683 5838.4145507813
120.0812302 81551.53125
121.0843124 8291.98046875
126.0546494 4525.5786132813
127.0870361 17167.443359375
129.0664368 5138.9838867188
129.1024628 33308.03515625
130.0866852 17663.1640625
130.0970917 4941.3227539063
131.1175232 4501.2504882813
133.0431213 6356.7451171875
136.0756836 64979.24609375
143.1183014 6388.6987304688
145.0969849 6318.9077148438
147.1131592 36432.39453125
155.0818176 70574.5078125
157.0972137 10711.0244140625
157.1347198 5537.8271484375
158.0930939 7406.2802734375
159.0799255 4334.6689453125
159.0914612 34621.46875
163.0864105 5142.9428710938
166.0867462 4659.5043945313
167.0817566 49874.1640625
169.0975189 9644.4677734375
169.1334381 49281.89453125
171.1127319 8034.0922851563
173.1288605 28156.630859375
175.1198578 30133.12890625
176.1233063 5669.5244140625
183.1139374 7397.2626953125
183.1499786 17432.10546875
185.0922852 74582.6015625
185.1651306 6026.5698242188
187.1446381 10334.8623046875
197.1289978 24561.125
199.1809387 6275.9658203125
201.1238251 28567.068359375
211.1454315 8255.1796875
215.0845184 5626.6376953125
215.1398315 19019.580078125
217.1352844 8232.1962890625
225.1222382 5088.794921875
226.0838013 6466.1684570313
226.1560364 9573.22265625
227.1017914 6042.3857421875
228.1335754 4523.369140625
229.1202393 5164.7758789063
232.1419067 6738.046875
233.0956421 84234.1171875
234.0988159 5063.125
240.1716614 6269.6030273438
242.1511688 8767.3486328125
243.0799713 5219.7182617188
246.1287537 5442.1489257813
249.1242371 9849.3388671875
254.1503906 10147.498046875
261.0910645 47584.65234375
268.1663818 45720.265625
269.1690369 6216.8969726563
280.1666565 19090.248046875
298.177002 7974.8706054688
313.9781494 4415.0043945313
316.1646423 5162.484375
326.1694641 5458.962890625
333.1928711 44307.08984375
337.1878052 7134.8984375
339.2424011 5028.0576171875
355.1967468 5851.271484375
356.1628418 16661.388671875
362.2065735 7414.2856445313
427.2387085 7148.2739257813
428.2463074 5792.5439453125
433.2454224 41209.5546875
434.2457886 20590.904296875
445.2451172 6698.2348632813
445.758606 18990.423828125
446.2672119 19662.421875
455.219696 5132.984375
484.2626343 5154.6201171875
593.3429565 10380.9375
597.3345337 5794.3793945313
660.3775635 5450.1752929688
694.3878174 19554.84765625
696.4026489 5490.4916992188
709.3462524 5982.32421875
713.2070923 5081.4731445313
794.4662476 5953.232421875
813.1818237 5081.814453125
838.3609619 5044.9013671875
890.5039063 6766.8813476563
891.5061035 19361.26953125
904.5032959 6520.890625
905.4944458 7532.0463867188
947.5209961 25940.591796875
948.5291748 7224.970703125
1097.500488 7851.2446289063
1121.455444 5338.1450195313
