1074.63198810396 2
84.04520416 261673.046875
84.08156586 368735.71875
86.0971756 1808534.375
98.0607605 113506.8984375
101.0716782 71455.25
102.055397 598216.375
104.0532684 495516.78125
120.0812683 1397867.25
121.08461 121417.171875
129.1026001 385868.6875
130.086731 97170.5
133.0605927 123347.7578125
146.0635834 757292.875
147.1128387 135876.890625
157.1337891 1336776.25
158.0927582 66887.8125
169.1334229 84353.1640625
171.1492462 167133.453125
174.0586395 336942.3125
175.1189575 502267.5
185.1291809 384089.90625
185.1653595 143454.03125
199.0714111 168505.34375
206.7836914 75945.1328125
231.4110413 71606.2421875
244.0932007 146066.40625
249.1236725 451353.75
260.1970825 151358.578125
272.1360168 123883.0234375
277.1195679 529736.125
278.1211548 98528.0078125
289.1638794 89395.5390625
303.1034241 81491.140625
314.4309998 68829.8984375
332.1978455 95438.9296875
357.1744385 91970.765625
371.2281189 84830.2734375
372.1219177 146588.625
390.2012634 91928.875
402.2458496 296171.3125
461.2297363 86157.9609375
498.9912109 81440.5078125
501.3164063 473894.8125
503.2826538 398989.9375
614.3988037 935403.75
615.3971558 159748.8125
616.3696899 309316.90625
687.4022827 129813.203125
743.4406128 306179.5
744.4389648 91476.0625
774.4300537 110379.8828125
890.5118408 540875.0625
891.5 357003.625
940.4165649 95487.3828125
1020.212708 90362.3515625
