1239.72919640971 2
86.09712219 3547625.0
87.05593872 71506.953125
87.10028076 93757.21875
101.071312 130317.703125
103.9363785 70683.3828125
110.0714722 102728.125
119.0803223 51958.2109375
120.0809937 275992.34375
129.0937653 107236.34375
129.1024933 1705626.75
130.0865936 388566.28125
130.1061707 91004.0546875
136.0758972 240952.40625
143.1175995 80631.296875
147.1126251 628322.4375
149.4174805 61074.421875
155.0817108 249936.6875
157.0974884 604152.0
159.09198 93627.4609375
161.870575 62895.4375
169.0971985 97771.453125
171.1138611 78049.328125
173.1289368 76639.4296875
175.1192322 351822.65625
183.1492004 455340.78125
184.1085663 149170.09375
186.1237183 264202.28125
187.1075897 76937.03125
187.1444702 306699.90625
195.0769806 375870.75
197.1282654 108659.859375
199.1079407 136658.578125
199.1808319 263906.53125
201.1236115 556398.8125
211.1446838 477800.75
212.1025391 562149.5625
214.1189728 489667.96875
220.1430054 89495.203125
221.129364 150689.578125
227.1034088 316815.625
227.1751404 149545.390625
228.1349792 248464.078125
229.1179504 269829.84375
230.0761566 85542.65625
240.1341705 271014.5
243.1071167 68504.78125
244.128006 81582.984375
244.1668091 149338.515625
249.1231842 95950.78125
258.1450195 132116.296875
262.1394348 439648.0625
266.1490173 531388.1875
268.164093 150690.71875
272.1244202 312624.53125
291.1341248 477391.25
297.1563416 367039.4375
307.1765137 255573.0625
308.1599731 542915.1875
315.1665955 579375.625
324.2256165 72840.4765625
325.1868591 589854.9375
329.762146 65602.609375
334.2118225 233277.4375
342.1296082 262645.75
349.1513977 76450.15625
373.2181702 106511.609375
374.7833557 65173.9296875
375.2234802 395924.1875
376.2269287 109831.421875
380.6846008 72115.78125
383.5710144 64468.1171875
407.1981812 129004.8046875
410.2405396 311186.03125
428.25 390008.75
524.3076172 78440.3828125
548.2838745 98619.796875
557.3416748 101430.40625
570.2442017 102472.4140625
575.3395386 79296.0859375
601.4102173 64529.4765625
654.3956299 421481.59375
672.3707275 91196.015625
689.3879395 438439.625
690.3844604 276230.59375
741.4256592 498812.28125
785.4354248 91920.140625
802.4689331 684071.0
803.463562 287060.5
811.4554443 79907.2109375
856.4424438 279499.46875
870.3660889 87619.171875
915.5493164 467045.71875
916.5491333 239541.0625
917.5203857 138763.859375
958.4606323 118323.703125
960.2172852 72129.4921875
983.4326172 77614.453125
1028.625122 130649.5390625
1085.559204 72883.4609375
