859.50558839494 2
66.38451385 40001.921875
66.83375549 46563.6484375
67.00327301 52118.03515625
69.07065582 198990.265625
70.06599426 380571.46875
70.55347443 41944.8828125
72.0817337 500810.59375
83.14878082 55342.1640625
84.04516602 95498.890625
84.081604 761068.375
86.09716034 6795874.0
87.10040283 425117.9375
92.02837372 94471.984375
94.73255157 44979.2265625
101.0715332 52627.69140625
102.055748 82358.390625
104.0533447 167837.015625
110.0715866 67890.8359375
117.2325439 47774.34375
120.081398 89211.90625
121.594574 52636.4453125
129.1024323 418096.84375
130.0869446 95383.0078125
130.3139496 48321.17578125
133.0609589 56919.0625
136.0755615 94961.8671875
140.1334229 45348.8203125
143.1186218 358446.0
147.112793 290935.25
157.1344147 84811.8203125
169.1335144 92264.9921875
171.1122437 107122.859375
173.1282959 54989.98828125
175.0900726 196590.046875
175.1195679 381337.5625
185.1651001 67892.1015625
199.1807404 1302140.0
200.1838226 97183.734375
203.0850983 364430.3125
204.0878906 57974.51171875
204.1343994 298037.28125
217.1366272 161053.25
227.1755981 304971.40625
228.1345367 53022.60546875
245.1316833 95083.7890625
255.1459198 75264.4765625
272.1723328 581535.9375
283.1403503 83615.0078125
301.1506042 211300.40625
316.1688538 259278.421875
318.1783752 677500.75
414.2347717 98082.1171875
431.2634888 104159.1796875
502.296936 246299.375
503.2990417 58700.015625
588.3097534 51692.4375
619.3532104 57917.7265625
633.3416748 391433.78125
634.3379517 100945.46875
