814.513307972724 2
60.04518509 180695.59375
60.05654144 42817.73046875
69.07082367 188963.390625
70.06600189 331524.1875
72.08163452 1541869.75
73.08480835 31654.8046875
74.06086731 325606.125
80.79027557 18024.720703125
84.04511261 104659.2578125
84.08184052 148655.0625
84.64980316 17967.9375
85.08486176 22651.78515625
86.09716034 5096106.0
86.4835968 19710.685546875
87.05605316 278432.5
87.10048676 229900.6875
90.98455811 18911.9296875
104.0532227 38689.92578125
110.0718155 195324.484375
110.8042297 18187.712890625
112.0874252 129315.09375
114.0919342 244199.546875
115.0872955 93221.671875
116.0711594 94659.046875
120.0810852 583733.0625
121.0844955 35098.86328125
129.1025543 1731295.125
130.0657959 28765.724609375
130.0866852 141623.015625
130.0964661 23907.48046875
130.1062622 81278.390625
132.08078 84036.484375
136.075943 161682.28125
140.0820618 41108.6015625
141.102066 29252.119140625
143.0819244 24923.84765625
143.1183777 47862.28125
147.113327 163518.609375
155.1180725 80170.5078125
156.1134796 30498.591796875
157.0974731 399978.90625
157.1337891 1107488.375
158.0920105 214473.453125
158.1372681 90338.9453125
159.0939789 176147.859375
159.1129608 2987829.0
160.1162415 219827.0625
161.0923462 24312.791015625
165.1024323 27612.619140625
170.0602722 281121.1875
171.1129913 212567.171875
175.1192017 1054646.375
176.1224213 46948.15625
183.112915 46503.53125
185.128952 339112.5
185.1653748 83744.8125
187.1080627 514802.09375
187.1445313 35027.484375
188.1104584 25429.32421875
197.1299133 33389.44140625
199.181015 179530.6875
200.13974 155063.640625
201.1238403 89812.953125
207.1124268 22078.8203125
211.1079254 24352.03515625
213.158432 31903.67578125
214.118927 433940.84375
215.1396942 84415.1640625
216.0984802 36355.4453125
227.1757507 35038.6640625
228.1130676 33351.8203125
228.1345978 342525.46875
229.1382446 36037.21875
233.1654816 191529.484375
242.1858521 30465.498046875
246.1557312 27983.42578125
248.1617889 29602.13671875
255.1096802 32656.462890625
255.1458435 337129.0
260.1981812 45301.89453125
261.1607361 121627.6640625
263.1040955 23887.53125
270.181427 45305.3671875
271.1763611 148939.8125
272.1368103 92117.53125
272.1733093 214186.9375
285.1931458 95295.2421875
288.203125 492013.34375
289.1623535 86939.8828125
296.1986389 40812.70703125
313.1878357 29694.775390625
323.2056274 22246.54296875
338.1434326 23670.439453125
341.2187195 184538.078125
354.2138672 24592.61328125
371.2409363 212175.5
373.1824036 44944.44921875
384.2598877 78710.828125
386.2030945 26412.205078125
390.2089233 324201.34375
391.211853 41881.44921875
401.2857361 204053.53125
402.2915955 31710.234375
486.2710571 24838.884765625
498.3050537 146501.8125
499.3092346 27272.80078125
503.221405 37777.8671875
503.29422 674076.625
504.2981873 119499.5546875
514.298584 26193.345703125
515.3310547 620581.3125
516.3355103 193460.796875
518.3097534 376190.75
519.3117065 108485.9765625
587.3502808 24919.560546875
602.359314 45316.81640625
611.3887939 28474.9296875
628.4137573 773627.1875
629.4152222 321252.4375
631.3919678 323434.46875
632.3961182 114854.0234375
659.385376 437751.25
660.3824463 134108.78125
