1235.55179462643 2
86.09716034 301257.875
92.03406525 39798.5703125
101.0715179 159648.609375
102.0555801 250387.703125
110.0717773 39752.65625
115.0869522 30884.5
116.0707321 35987.66015625
120.081398 137499.734375
128.5665894 28011.20703125
129.0659332 112811.625
129.1025696 244435.59375
130.0868683 95354.296875
133.0430908 571975.875
133.052124 35539.18359375
136.0760345 66041.515625
147.1131744 141052.109375
155.0819244 134614.328125
173.092514 410047.9375
175.1191254 317342.78125
181.0606689 35980.97265625
185.0920105 29541.046875
201.0872955 178892.59375
213.1605072 38713.67578125
216.0801392 278536.625
217.0819244 25264.875
217.1363525 28710.337890625
240.0975189 41412.6953125
252.0980225 34161.62109375
264.0828552 111858.109375
270.1079407 124423.8828125
272.0704346 36266.72265625
274.1232605 36883.0234375
290.0821838 42484.09375
292.0789795 128905.4921875
299.1729431 32122.505859375
304.1615601 50607.59375
332.1933289 47706.3359375
361.118042 324678.90625
375.1985779 148842.703125
376.2025757 28491.234375
380.5162354 29186.76953125
401.1476746 29061.37890625
403.1054688 34665.74609375
405.1644897 33426.78125
485.2456665 27837.919921875
501.2545471 27947.623046875
503.2583008 195501.46875
504.2539368 41348.23828125
579.5065918 30265.56640625
613.3012695 37218.37109375
614.2947388 114482.0859375
617.3823242 27238.033203125
618.3361206 181772.90625
619.2800293 116919.453125
631.3179321 337546.21875
632.3184204 120829.09375
688.8839722 29229.951171875
709.3648071 30924.91796875
727.3659058 29342.62890625
744.3977051 472905.46875
745.4024048 195522.109375
875.44104 273249.53125
876.4363403 139669.625
1035.46875 199312.0
1036.457031 157823.03125
1037.461548 40415.3359375
1194.475098 29095.71484375
