1345.6379319069 2
99.60189056 31707.908203125
102.0556793 50245.6796875
120.0811462 787229.0625
129.1024628 211833.453125
130.0863647 57359.390625
131.0815277 42816.51171875
132.0808716 43185.9140625
136.0757599 392566.21875
147.1133728 147026.21875
148.0752716 54172.52734375
159.0918732 67634.453125
173.1287384 315781.3125
175.1193085 230634.859375
176.1699677 37575.61328125
183.1134338 561828.5
185.129364 46975.75390625
187.1446991 142898.859375
191.118454 153717.734375
193.0975189 227135.03125
201.1232758 238590.28125
205.0977478 48104.59765625
215.1391907 50331.08984375
221.0922089 39219.86328125
226.1195374 47171.94140625
240.1339111 67480.328125
243.1340942 77621.3046875
244.1304626 32984.2578125
249.1594543 36675.59375
254.1502075 310149.84375
258.1447144 36258.9609375
271.1773682 36418.28125
272.1250305 35118.328125
272.1594543 52802.6640625
276.1334839 41567.48046875
305.1827393 141867.734375
465.2108459 290525.1875
514.3691406 144552.15625
594.2489624 167331.640625
629.3948364 45839.171875
630.4033813 41829.296875
655.3724976 38935.26953125
672.4093628 313595.75
673.4112549 177676.703125
679.3526001 48015.52734375
705.4200439 36594.23828125
707.3356934 208556.921875
714.3435669 121160.375
743.4439087 48561.78515625
870.395813 46055.5703125
927.425354 268218.96875
928.4269409 174676.90625
1074.47876 136936.828125
1075.479248 69877.9296875
1145.515381 60089.0078125
1146.518433 55993.71875
