1745.84492897092 2
120.0810852 55086.99609375
121.3626862 3398.609375
122.6681824 3555.9399414063
127.0863724 25077.0234375
128.0900116 4843.8471679688
129.0656433 9696.9755859375
129.1020203 30499.041015625
130.0496979 7321.919921875
130.0856476 6324.3212890625
131.0815887 5033.7124023438
133.3465881 3721.7902832031
136.0753937 26471.287109375
141.0654297 9117.5537109375
141.102066 30151.869140625
143.1079712 4494.884765625
143.1180267 51677.23046875
144.1208191 5882.0107421875
147.1121216 5504.23046875
149.1033325 4551.2138671875
155.0815582 11353.5302734375
157.133728 190957.96875
158.0923615 15487.412109375
158.1364899 10931.5166015625
159.0761871 8965.7822265625
159.0930176 5028.2509765625
166.0864105 7279.9301757813
169.0970459 63847.76953125
169.1086273 6067.7724609375
169.1331177 10027.166015625
171.1124268 25120.029296875
174.0877228 6541.3305664063
175.0897369 11187.9697265625
175.1192474 85739.1171875
177.0856781 6148.1196289063
181.0967712 7552.025390625
183.1140747 6201.9814453125
185.1287079 126418.625
187.0722198 7530.6225585938
187.0890808 5180.8969726563
187.144455 11957.916015625
195.0767212 13287.357421875
197.1292725 13690.2470703125
199.1082916 9675.6796875
201.1235962 23939.103515625
202.0826721 26164.6328125
203.0679169 4855.8989257813
203.0848389 42621.43359375
204.0868225 7881.7841796875
205.0799408 8353.0234375
212.103775 7458.2138671875
213.0864716 26761.9765625
213.1590424 5387.4956054688
214.1547546 6260.3247070313
215.0669403 6006.6489257813
215.1390228 36140.95703125
217.0820465 7333.4086914063
223.0725555 6182.25390625
224.1372223 5974.0883789063
226.1186981 12172.310546875
226.1549988 7686.6474609375
228.1341553 8023.2680664063
229.1193085 8114.1967773438
231.0977783 28927.125
232.1120911 14836.9033203125
232.1390991 5766.1953125
235.1078186 10721.26953125
235.7059174 5701.67578125
241.0825806 62210.76953125
242.1509094 6799.08984375
243.1131592 7127.267578125
243.1337433 50791.38671875
245.0773315 6691.8041992188
246.0905304 37053.80078125
247.092804 8526.09765625
248.0885925 7987.7734375
252.101059 8414.2568359375
252.1342773 13227.9453125
253.1186371 11987.1552734375
254.1502686 12278.8720703125
257.1608582 14691.31640625
258.1116943 5941.0395507813
258.1437988 7417.3876953125
259.0924683 69227.9140625
260.1065369 73722.78125
261.1094666 32853.0234375
262.1030884 35880.03125
268.1662292 45472.03515625
270.1092834 12572.3623046875
270.1456299 12817.6103515625
274.1877136 86010.7421875
288.119751 10983.77734375
298.1031799 7799.9770507813
302.1536865 10986.8173828125
303.1564941 7165.3500976563
314.1708069 46053.73046875
316.1165466 12111.890625
325.1874084 6795.28125
329.1811523 7368.697265625
333.1214294 8632.533203125
338.1811523 15887.3037109375
341.1460571 14523.14453125
341.2190552 8311.4765625
345.1959839 42032.96484375
346.1984558 31755.82421875
347.1954041 35908.1953125
349.1489868 7190.1977539063
351.135498 8519.78515625
353.2544861 7582.4633789063
354.1712646 9665.298828125
355.1975098 8549.3056640625
363.1287231 8574.7412109375
369.1398926 10150.654296875
369.2159424 8317.7236328125
372.177063 12613.232421875
373.1925049 34015.59375
374.1980286 10358.328125
375.1950073 23168.412109375
381.1391907 58430.15625
383.1942749 11897.1142578125
387.1489563 12155.84375
388.1368713 8051.8427734375
393.1499634 11716.51953125
396.1999207 7488.1586914063
399.1510315 44207.6796875
403.2302856 42462.66796875
407.157074 9862.6181640625
435.1856995 9449.73046875
454.2345276 10194.310546875
455.2206116 9255.33203125
466.2290955 8684.1044921875
479.3007507 8180.5170898438
494.231781 10387.482421875
512.2369385 37477.29296875
532.2738037 76541.75
533.2745972 8762.6455078125
575.2560425 10974.294921875
583.2745972 27091.662109375
607.2678833 7083.9907226563
613.2902832 6714.814453125
643.3049316 12783.3935546875
661.3143311 81036.7890625
662.3214111 27253.134765625
697.3585815 10209.7373046875
745.3908691 12624.1005859375
755.3354492 28951.80859375
774.3997192 105159.7890625
775.4019775 33571.1328125
872.434021 29907.646484375
885.4334106 15046.52734375
903.4424438 131334.65625
904.4403687 32427.392578125
982.4648438 24241.54296875
1014.468994 30750.728515625
1032.484375 195204.328125
1033.484985 112846.25
1034.488403 29722.6953125
1064.385254 9531.4560546875
1091.600952 24827.04296875
1092.589722 10665.5712890625
1094.509766 12029.759765625
1095.5448 13738.0693359375
1135.448608 40157.39453125
1145.571167 157058.640625
1146.57666 76654.4453125
1147.584717 8215.2041015625
1168.499146 8837.8623046875
1195.609497 8397.60546875
1234.520752 10543.03125
1246.615234 68816.375
1247.625488 32425.125
1248.604492 9572.76171875
1285.621338 32882.0390625
1286.634399 8641.8232421875
1303.639038 156779.046875
1304.642578 103081.0234375
1305.639038 40256.94921875
1309.634766 12370.2001953125
1366.668091 54858.37109375
1367.664551 15013.4892578125
1414.662231 27335.5234375
1415.674194 14540.8759765625
1416.657715 8831.4423828125
1432.681641 75557.6640625
1433.695313 55625.265625
1434.69104 24304.962890625
1479.743164 14283.75390625
1480.720947 8704.884765625
1505.740479 12830.5673828125
1543.705444 30447.720703125
1544.718262 15487.6845703125
1561.716187 46793.9609375
1562.718384 44092.3046875
1563.739136 12749.4814453125
