1171.57093426162 2
83.06110382 50281.8671875
84.0448761 67262.5
84.08152771 218477.4375
86.09712219 103221.1015625
93.04558563 37613.83984375
101.0716019 72831.1328125
102.0555801 14929.3466796875
104.0533524 111071.453125
110.0718002 916106.9375
111.0753708 53177.0546875
113.0711441 12168.3349609375
120.0812302 22981.08984375
129.0661163 13228.1220703125
129.102417 233790.171875
130.0862274 119563.546875
136.0759277 21871.15625
138.066864 17781.15625
147.112793 187901.328125
155.092804 255238.3125
156.0964966 15530.8701171875
157.0979156 11876.0771484375
158.0924835 10876.234375
169.0608521 12925.3779296875
175.1188965 23969.41796875
185.1645508 11409.27734375
186.0876007 48027.15234375
188.2326355 9183.55078125
189.0695496 39633.00390625
200.1371765 11911.3662109375
203.1219482 17404.447265625
211.3513031 10381.1318359375
214.1194763 18284.5390625
215.1389465 11367.36328125
221.103653 18253.92578125
228.1345825 70205.171875
240.1349335 40258.55859375
243.1136017 17779.05859375
248.1145935 38086.984375
249.0982208 157781.96875
255.1446686 36327.4140625
257.1611938 39973.484375
258.1454468 69489.5078125
260.1975403 65150.765625
266.1247559 197811.5625
267.1279297 15756.8984375
268.1286621 17808.384765625
275.1719971 41318.40234375
285.1550903 21816.45703125
288.1080627 11453.8330078125
288.1382446 38292.765625
297.1564331 39372.84765625
299.1755981 14792.9619140625
299.2061157 78704.8828125
305.1362305 23667.896484375
315.1688232 35379.3359375
323.1746521 20366.4140625
327.2032776 122587.5234375
328.2055359 10319.958984375
332.1935425 109499.3828125
338.1818542 10268.685546875
342.179718 15467.6796875
359.1801453 11621.2041015625
374.1486816 13443.1513671875
387.7465515 12566.9423828125
394.2214966 50667.01171875
399.1707153 15753.4365234375
412.2928162 20727.9921875
416.2870483 14036.03125
422.2149353 54795.5234375
440.2878723 11772.8369140625
444.2252502 13868.1455078125
452.0834656 10426.607421875
463.2320251 47843.109375
485.2179871 12923.2529296875
503.2280579 12890.6669921875
508.7580872 17172.07421875
520.255188 141799.0625
521.2580566 17963.51171875
543.321167 38787.2890625
553.2546387 45484.0703125
568.770813 53492.61328125
569.2733765 46265.47265625
585.3729248 40107.9609375
586.300293 32599.515625
586.3859863 186097.828125
586.809021 61582.51171875
587.3248291 49078.22265625
587.3908691 34863.62890625
619.3284302 77214.515625
620.3225098 17218.09375
624.3293457 11167.09765625
652.3232422 40839.48046875
674.3037109 21335.880859375
709.3417969 61977.9765625
750.3618164 53325.26171875
751.3616333 19395.712890625
752.3676147 13392.2333984375
840.3920288 12566.3486328125
897.4074097 12271.51953125
906.449707 114762.9609375
907.4474487 61610.9453125
908.4393311 17312.361328125
927.4535522 14719.080078125
1017.474976 49327.37109375
1087.370728 14409.75390625
