2681.4468069599 2
197.1274567 3374.7841796875
200.1030884 3439.7993164063
240.0989838 2796.4296875
242.1488953 5097.974609375
258.1075134 3701.142578125
271.1404114 43682.0625
339.204071 4487.2875976563
356.2298584 4241.8129882813
357.6360474 2972.6083984375
384.2235718 38018.1484375
385.2279053 4652.4169921875
416.2615356 20154.3125
464.1878357 3667.1628417969
497.3091736 7246.3310546875
586.3634033 22854.888671875
621.1151733 3582.5729980469
637.3602295 4224.1313476563
699.4569702 21280.47265625
700.4589844 6532.9794921875
730.2757568 3467.2429199219
747.2962646 3999.6330566406
798.5203247 5566.3779296875
926.5797119 6400.3286132813
1055.618652 16471.1640625
1183.677856 25745.0703125
1184.673584 23955.64453125
1185.681274 4845.7827148438
1189.684692 4874.6616210938
1190.670898 6465.11328125
1296.743652 22695.93359375
1297.751099 22151.5078125
1348.789429 5860.6274414063
1367.823975 28554.44921875
1368.802734 20076.90625
1376.810791 7562.0
1438.840088 49889.58203125
1439.843994 29541.529296875
1440.838013 13173.212890625
1537.916504 14775.3984375
1538.905884 14541.892578125
1651.93335 7524.9853515625
1652.961182 16337.7548828125
1779.998291 5234.8168945313
1867.057007 18277.009765625
1868.03125 5783.7392578125
1869.039429 4520.3115234375
2027.07251 16215.8251953125
2028.072876 13182.208984375
2185.188232 24211.546875
2186.114502 31806.3671875
2187.151855 24611.462890625
