1344.66462018048 2
94.53088379 11257.7255859375
100.0812683 9695.9970703125
101.0717773 42133.08984375
102.0557861 21635.169921875
110.0720444 120065.6953125
113.0350418 25426.517578125
120.0806503 18762.666015625
129.0659485 91923.28125
129.1025238 133973.296875
130.0869141 76727.2109375
147.1129303 179059.234375
157.0954132 11606.611328125
158.0926819 17091.326171875
167.0934601 19948.94921875
169.1342926 81640.3203125
171.0768127 58504.07421875
171.1491699 43235.7578125
172.0715027 47358.5859375
175.1188812 82759.1328125
181.0613403 54570.21875
183.111908 14207.2470703125
185.1645813 87460.2109375
188.1034851 50297.765625
193.1097412 21004.78515625
195.089386 17676.78125
197.1292267 49303.875
198.087616 14531.59375
199.0724335 50579.9765625
200.1387024 47635.44140625
201.0873718 21273.287109375
201.1224365 13468.11328125
208.1105042 11858.6455078125
213.1605072 113544.3046875
214.1623535 12713.419921875
215.1404266 11703.892578125
216.0982361 319488.15625
217.1019592 41966.484375
228.1341248 43115.6171875
228.1707458 11909.5234375
229.1181946 13519.90625
243.1338043 21169.869140625
245.0775604 23840.185546875
246.1820831 43681.74609375
257.4219666 11238.978515625
260.1966858 93273.015625
269.1062622 11777.1796875
284.1607971 70996.0625
285.1608887 14204.2529296875
285.1962585 10632.455078125
313.1963501 12817.24609375
314.1701965 101948.1640625
325.2244873 19905.060546875
329.1848145 13779.5107421875
331.2346802 102559.453125
332.1069946 14523.6435546875
342.2014465 136694.46875
343.1655884 14119.953125
343.2350159 282153.125
344.23703 42589.7109375
355.198761 14186.7490234375
390.1794739 12180.5361328125
393.2590027 43228.16015625
399.2544861 13412.4921875
413.2412415 143041.921875
414.2452393 14107.35546875
421.2574463 18215.2890625
427.2565918 38768.51171875
432.6346741 12029.7490234375
447.1346741 16518.740234375
447.1953125 19148.337890625
453.2819824 40481.7109375
453.6993103 12717.8916015625
454.2663879 72431.875
460.2757263 75543.703125
498.3292542 17970.353515625
526.3231812 18814.56640625
543.3250732 16420.10546875
556.3258057 13766.3818359375
570.3566284 49344.16796875
573.3662109 12579.0302734375
577.2862549 12646.3134765625
580.1062622 13066.5859375
584.3178101 14755.3349609375
630.3585205 21231.451171875
631.3358765 16806.126953125
656.3395386 21960.23828125
672.3227539 14427.2705078125
672.4313965 386796.8125
673.3425293 53498.17578125
673.4291382 87193.7265625
673.8597412 21023.08203125
674.3579102 48550.59375
685.3831177 19988.466796875
771.0077515 13627.548828125
772.4170532 70533.75
773.425293 23747.76171875
883.4424438 14532.787109375
901.4647827 23175.26953125
902.4586792 18718.9453125
1016.493042 78804.78125
1017.488342 43597.45703125
1075.508423 24519.603515625
1129.564575 26287.98046875
1362.974121 14890.5498046875
