2310.18912319404 2
169.0966034 39188.06640625
175.1186523 49891.5625
183.1124878 38536.28125
186.086853 11301.8251953125
198.0873566 20531.37109375
199.0882416 7309.1728515625
201.1240387 9481.2451171875
211.1452332 6387.4995117188
228.1345062 136425.265625
246.1559753 16431.765625
257.1232605 7768.9892578125
269.1234741 19271.326171875
283.1402588 72097.5703125
284.146698 9836.423828125
300.447113 8555.53125
313.2227173 58662.2890625
325.1886902 12697.1572265625
354.1763611 93684.78125
368.1947937 11588.3505859375
396.2230225 10570.072265625
404.2250061 76440.265625
433.2646179 8319.025390625
439.2674255 11290.9013671875
450.2370911 13472.5712890625
467.2601624 15795.0048828125
517.3126221 34386.00390625
582.2887573 21001.302734375
583.2945557 11666.828125
616.3267212 9519.3125
687.4164429 57805.85546875
688.4187622 34998.359375
697.3208618 11916.9423828125
744.9428101 9423.4560546875
815.4699097 33708.08984375
902.4995117 78331.15625
903.5040283 33937.83984375
985.4962769 19742.572265625
985.9851074 11966.4326171875
1071.582642 11218.5361328125
1088.579712 81083.8046875
1089.591431 52321.23828125
1217.619385 13256.4462890625
1256.622437 17088.353515625
1273.671875 131388.21875
1274.664673 128785.953125
1275.660156 16660.919921875
1388.690308 91324.84375
1389.712036 57944.38671875
1442.297852 11500.19921875
1444.588135 11251.0654296875
1503.722656 130801.7890625
1504.72168 105332.921875
1505.723999 41810.34765625
1616.803101 84994.6015625
1617.817871 62264.921875
1618.813232 31495.166015625
1645.868042 13095.8505859375
1687.834106 51823.515625
1688.826294 39968.80859375
1689.867065 15684.078125
1709.03833 11828.7958984375
1801.891602 38069.71484375
1802.888916 35038.140625
1969.97583 155760.3125
1970.976807 165027.140625
1971.956665 69812.03125
