1376.74085173664 2
101.071373 75118.640625
102.0555038 28352.7265625
105.0530167 23361.685546875
110.0716171 79030.9609375
120.0810623 85272.640625
124.2339935 21329.548828125
127.087532 20769.646484375
129.0660858 30844.583984375
129.1024628 335484.3125
130.0497894 30269.2265625
130.0866699 105251.7890625
130.1727142 18713.955078125
136.075882 701042.875
137.0791168 20537.7421875
141.1022186 303961.0625
147.1131439 192240.0
167.0805359 23805.904296875
169.0974274 282463.96875
170.1006775 21500.662109375
171.0769806 39796.7109375
173.1289368 95718.125
175.1188049 146839.59375
197.1289825 21963.76953125
199.1810303 45543.29296875
201.1235199 28021.29296875
214.1560364 34513.17578125
215.1392975 184085.21875
228.1351318 94333.125
233.1285095 302637.8125
234.1303253 31038.748046875
238.1187897 48347.8828125
240.1334534 34614.51171875
241.0828247 29862.587890625
242.1142426 25494.529296875
242.1499939 83493.5
243.1333466 164094.875
256.1298218 123618.84375
258.1451111 96707.5234375
258.8763428 21277.326171875
259.0913391 35057.70703125
261.1234436 269672.5625
262.1251831 33246.0546875
270.1454163 34049.58984375
273.1266174 20648.130859375
276.1541138 41965.41796875
311.1743774 19458.189453125
321.1548462 29705.548828125
329.181427 44923.98828125
332.1619568 37479.56640625
339.1659241 127197.953125
347.193573 27548.201171875
357.1782837 31653.17578125
371.1918335 36970.98046875
401.1832886 21371.7578125
404.2139587 309606.21875
416.2164001 47665.4765625
438.2318726 46993.6796875
517.2998047 228544.59375
518.3026733 48314.17578125
535.2630005 39195.23828125
547.3187866 21145.453125
584.303833 31610.494140625
607.3373413 81735.9609375
630.3807373 108619.6171875
631.3833008 38487.29296875
664.3021851 88094.84375
688.4110718 38615.171875
689.8782349 25905.41796875
740.4313354 25670.201171875
741.4074097 91804.3515625
742.4030762 21861.625
744.6119995 22556.615234375
758.4364624 114656.703125
759.4406738 32360.787109375
763.3798218 157436.484375
764.3720093 81623.1640625
776.395813 29858.533203125
823.3532104 29304.876953125
857.5002441 90664.125
858.5079346 35864.5625
876.4553833 99193.625
958.5475464 111835.75
959.546875 33625.09375
970.4191284 24752.71484375
1005.492004 79044.8046875
1014.561157 26406.650390625
1045.587891 247799.296875
1046.575317 112599.1171875
1047.59082 43074.484375
1116.634644 172054.515625
1117.615112 105428.6796875
1118.625488 29392.419921875
1134.533203 83241.453125
1135.533813 41227.90234375
