1444.75471569499 2
115.0873032 193833.796875
120.0811386 1941216.125
133.517807 100730.71875
136.075592 142996.109375
158.0924377 124069.53125
175.1189575 668057.5
212.8318329 107852.65625
219.1493683 1740056.75
220.1527863 206651.0
226.1191864 225306.09375
228.1351166 137745.703125
241.5653381 116049.0546875
247.1440582 1317042.5
262.1169434 137486.34375
275.9495544 135211.453125
316.6386108 99931.8828125
333.1902466 232479.796875
477.7365112 163567.484375
486.2493591 608367.25
486.7514954 117832.859375
503.2919006 410372.71875
574.3292236 1238897.375
575.3370361 443325.4375
581.8577271 118928.71875
633.3145142 105570.3203125
640.1066284 145706.96875
648.9727173 109888.15625
666.3027344 129898.546875
673.5234375 107395.578125
679.3476563 144055.765625
689.3553467 254157.703125
705.3143311 599315.125
706.3120117 184188.90625
722.3756714 155086.71875
746.3759155 854318.6875
747.3733521 248415.3125
880.2468872 123401.3203125
971.4842529 556331.125
1028.503174 510534.09375
1068.501831 163565.484375
1085.533691 1162008.25
1086.537842 795453.1875
1198.606079 509580.8125
1199.604004 415908.375
1481.370483 136105.0625
