2430.16745141595 3
169.0976257 13702.001953125
170.0444031 22140.82421875
173.128006 88457.203125
175.1187134 27920.076171875
177.1020355 21486.94921875
181.0608978 17694.66015625
183.1127167 14769.072265625
187.071228 112823.109375
187.1078033 14251.609375
197.1290588 14705.0751953125
199.0712128 22994.01171875
201.1051788 55562.15234375
201.1231537 96517.0625
205.0969391 22367.13671875
209.0913086 13775.6923828125
211.1074219 12166.1171875
211.1443939 14144.94921875
212.1060944 11693.4013671875
213.1600494 12407.9609375
215.1389771 72931.3125
217.0805969 16664.26171875
226.1181335 58298.4453125
229.0990906 30849.904296875
229.1187439 63267.13671875
240.1346283 11955.22265625
241.0821381 10957.98046875
242.1488037 14309.3720703125
243.1341248 32782.40625
244.1302643 24473.21484375
245.7564697 11980.982421875
247.0733948 14521.0712890625
247.3781281 12553.2587890625
253.165329 30298.498046875
261.1560364 188914.0625
262.1178589 31688.6484375
262.159668 15615.81640625
265.1216431 14402.2255859375
269.2112732 13197.0107421875
270.1907043 16540.345703125
272.1726379 23439.033203125
283.1436768 15735.2451171875
286.1420288 25932.76171875
286.7490845 16015.8623046875
293.1141052 12674.1201171875
294.145752 15487.0322265625
298.1392212 23025.49609375
312.1564636 22467.73828125
316.1510315 15155.857421875
323.1360474 24726.37109375
330.164978 32345.990234375
334.1400757 23470.001953125
341.1470032 33026.83203125
344.1277466 180524.65625
345.1292725 28605.15234375
356.2189636 14542.25
361.0253601 12683.72265625
376.1820679 143706.4375
382.210968 21364.69921875
441.2010803 23202.46484375
457.2101135 21140.970703125
458.1696777 98947.6640625
459.1570129 86171.0546875
460.1679688 15056.31640625
471.7452698 23835.67578125
476.1827087 53417.4609375
500.2575378 21629.30859375
505.2504578 21560.447265625
507.2237549 61056.33203125
534.3011475 20466.359375
562.2990723 27591.1328125
578.7719727 23351.052734375
579.2756348 18904.685546875
586.2662354 72935.0859375
587.2558594 152537.671875
588.2557373 54098.96875
604.2764893 875750.4375
605.279541 274744.59375
606.279541 68750.0
614.3109131 19533.5625
681.3681641 20198.427734375
709.3690186 72731.84375
710.3599243 17836.802734375
717.3599243 222996.40625
718.3572998 69503.8046875
719.371521 18409.71484375
727.3397827 20421.837890625
766.3874512 27594.84765625
767.3898315 24767.744140625
795.4202271 24525.232421875
823.40979 223012.671875
824.4082031 97757.1875
828.3884888 33423.91015625
846.4023438 196920.109375
847.4094849 75984.734375
907.4102173 28625.00390625
918.446106 24113.6953125
942.4830322 134264.90625
943.4841309 75868.5
944.4974976 21876.80078125
947.0008545 26213.029296875
959.4858398 77288.0390625
964.4383545 22291.71875
970.4744263 188109.5625
971.4812012 102789.8203125
972.4846802 20548.533203125
990.4719238 21745.525390625
999.5009766 29064.509765625
1027.500488 200732.078125
1028.503418 108377.84375
1029.504028 32790.0703125
1043.457153 20426.62109375
1046.511963 155200.96875
1047.518188 57088.7734375
1106.546265 18128.283203125
1128.550781 213610.359375
1129.547363 136030.171875
1130.571899 26781.416015625
1156.541992 649121.875
1157.544189 349322.84375
1158.547852 191763.9375
1159.55542 29909.66015625
1160.567017 21577.78515625
1175.566772 86246.4921875
1176.57373 21106.677734375
1209.581055 20058.009765625
1224.637695 23133.6953125
1227.612793 68416.671875
1228.616455 50973.8203125
1255.619385 97035.1796875
1256.607788 30058.419921875
1271.615601 21220.646484375
1274.612915 22104.26953125
1356.658081 52865.56640625
1384.649414 69530.625
1385.66394 85596.578125
1443.691406 22093.27734375
1453.674194 148650.71875
1454.679321 107261.171875
1471.694702 25854.111328125
1472.689331 22028.966796875
1515.697876 20231.99609375
1907.00354 19731.361328125
2069.141602 20086.025390625
2463.144775 18829.869140625
