1579.77390025311 2
114.4878998 9928.8291015625
120.080719 92714.421875
129.0665131 15728.0517578125
129.1021729 42490.1875
130.0861664 16082.171875
131.1170197 11883.451171875
136.075531 38311.03125
147.1127625 43661.3515625
155.0810852 14144.8125
157.0608978 29064.853515625
159.0915375 70345.1484375
165.6452332 12533.9736328125
170.0590973 14566.4853515625
171.1130371 17957.341796875
173.1290283 16427.98828125
175.0718231 16394.642578125
175.1186829 35066.8828125
181.0969543 22976.9296875
183.1121826 16294.0341796875
183.1486664 17710.416015625
185.1287689 19239.173828125
187.0879517 22341.9921875
187.1080933 21983.095703125
188.3981628 14501.0830078125
188.6742096 13270.09765625
201.1235199 36207.73828125
203.0657349 70940.2421875
216.0424347 14735.2900390625
216.0977783 25406.685546875
226.0823975 19663.33984375
228.1344604 23592.89453125
230.1129913 15412.6181640625
231.9630737 16184.513671875
235.1087799 33145.98828125
242.1493378 130978.75
243.1089172 65545.515625
263.1018677 19948.53125
276.1357727 34238.5078125
297.1230164 16851.224609375
302.136322 34387.515625
311.1745911 16908.275390625
316.157196 16817.939453125
327.1314697 18494.390625
333.1911926 167774.09375
334.1960144 27924.89453125
344.1560974 43313.37890625
356.1928101 23304.1171875
375.2037354 27600.435546875
376.2061157 26314.48828125
385.1733093 80412.8359375
391.161499 38077.19921875
403.1796265 59374.1015625
443.2420044 35077.515625
444.225647 67794.65625
448.1274719 40359.05859375
565.3071899 25140.296875
608.3218994 116468.546875
609.3239746 39330.26171875
645.2765503 28365.552734375
723.3464966 133532.703125
724.3439941 30909.771484375
790.3842163 23038.84765625
791.4456787 24960.251953125
822.4136963 93895.375
823.4160767 39654.26171875
913.4892578 20149.30078125
935.4991455 115035.6328125
936.4963379 39292.59765625
939.4419556 68178.6171875
941.4590454 24740.12109375
1052.520142 43781.81640625
1064.551147 24034.091796875
1177.623291 24220.076171875
1178.599609 27555.330078125
1238.583618 83428.9453125
1240.593994 22900.337890625
1338.668945 30058.607421875
1339.673828 29106.330078125
