953.60372865429 2
67.11514282 6362.6694335938
67.61993408 5891.7763671875
70.06598663 197635.3125
72.07791901 10623.779296875
72.08162689 192690.265625
73.0847168 7359.6166992188
74.06087494 63579.12890625
84.04509735 47610.48046875
84.08152008 95510.015625
86.09711456 1073335.75
87.10035706 44861.4453125
92.02785492 9482.48046875
101.0714569 39697.74609375
102.055275 10391.3544921875
103.0546112 6680.7397460938
110.072319 13231.3056640625
115.086731 9151.009765625
120.0810928 145929.125
127.0870285 9093.0078125
129.0660858 7642.0327148438
129.1024628 161529.53125
130.0867004 45834.3828125
133.0609131 8712.1416015625
136.0757294 75502.3125
145.0973663 120704.25
146.1000824 9298.1494140625
147.112854 116725.671875
148.1166077 7372.5830078125
155.0809631 50910.171875
157.0974274 9850.2685546875
157.1340942 8328.177734375
159.091217 7712.4072265625
173.0928497 47746.11328125
173.1289368 29682.05078125
174.6190338 6704.6860351563
175.1188049 29208.587890625
179.0815277 9277.9775390625
182.0820923 9681.919921875
183.0380249 6706.4736328125
183.1128845 15848.9814453125
183.1489258 14611.8720703125
185.1287842 9575.5595703125
185.164917 10326.3076171875
187.1446228 35685.55078125
197.1278534 11016.27734375
199.1805878 391984.3125
200.1399994 13019.3564453125
200.1837463 41937.9765625
201.1231689 82218.890625
211.1448059 13384.96484375
213.1604309 12224.3955078125
215.1399078 45828.71484375
218.1502991 31973.625
227.1025543 7880.2592773438
227.1754303 243102.796875
228.1344147 38111.16796875
228.1790009 36432.1640625
234.1233063 7697.3530273438
235.1061096 7608.4296875
240.1343384 13406.2080078125
242.1139069 13401.4580078125
256.1669922 7628.1889648438
258.1441345 13446.8359375
260.1973267 50878.62109375
261.1599121 7019.0258789063
263.1391296 13260.14453125
284.1243591 134711.203125
284.15271 12437.591796875
285.1277466 9283.2548828125
294.1809387 38704.3203125
300.154541 9799.640625
307.678772 53937.984375
310.1400757 6834.1259765625
310.2130127 12440.935546875
316.1515198 10194.4443359375
328.2246094 10532.6494140625
331.233551 40583.33203125
369.2134705 37250.03515625
371.155426 15831.732421875
373.2813416 11897.947265625
375.2038574 10508.361328125
397.2077637 79647.3515625
435.2731628 25591.724609375
440.2509766 26745.05078125
441.2510986 12749.1474609375
450.2345276 10678.1513671875
460.2786865 8054.1518554688
468.2468567 33620.65625
478.280304 59239.15625
517.2965698 36766.8203125
587.4101563 25486.537109375
588.4111938 10372.712890625
602.3614502 9486.1455078125
614.3508301 208391.3125
615.3530273 55593.22265625
727.43573 46169.28515625
728.4355469 26578.482421875
940.8521118 8033.2109375
