1502.82072966206 3
110.0721359 105260.0234375
112.0876999 29543.587890625
116.0715408 29016.796875
119.0497971 36921.80078125
120.0816116 219406.875
124.4569092 27549.509765625
128.1072235 33930.58203125
129.1026154 788779.1875
136.0760498 470434.96875
137.0785828 34073.81640625
141.102417 489754.8125
145.097702 61029.5859375
147.1130829 40592.1171875
157.1338501 30423.853515625
158.0927734 99728.2578125
159.0929718 28850.435546875
169.0966797 263535.15625
173.0918274 31741.546875
173.1286011 431020.71875
175.1194458 638323.25
179.9270325 31531.41796875
183.1135712 104941.796875
183.1494751 583513.125
185.1290894 31128.880859375
185.165451 35186.359375
201.1230621 460515.40625
202.1257324 56275.16015625
209.0925446 43696.9296875
211.1444855 129289.734375
215.1391144 34296.41796875
220.5186157 30460.8984375
226.118515 249817.453125
229.1160126 231727.921875
230.1222076 39467.56640625
235.1448212 139266.78125
244.1293488 173685.015625
246.1563568 114841.6875
254.1504669 30094.90625
263.1381836 46240.3359375
303.285553 33700.09375
314.7400818 32099.86328125
326.1720886 388643.78125
342.2110596 42158.33984375
359.2393188 385102.6875
360.2423096 38193.10546875
389.1818848 30397.40625
392.1816711 31862.068359375
397.2054138 42995.79296875
409.2256775 39940.703125
414.2127991 40330.328125
439.759491 118334.578125
440.258667 55743.890625
470.2723694 56588.33203125
477.9365845 31185.71875
488.2825012 750508.0625
489.2821045 174311.109375
497.2707214 59859.16796875
498.3388672 172130.296875
520.27771 46846.36328125
553.8147583 103964.0859375
554.2868042 124753.234375
587.3518677 795102.875
588.3574219 303051.71875
611.3275757 201884.609375
611.8241577 107548.2734375
617.2908325 43291.98046875
635.2997437 41714.984375
667.8656006 190491.0
668.3660278 167136.921875
668.8665161 57975.8671875
682.3762817 66173.2421875
750.4138794 951962.25
751.4169312 355512.34375
752.4147339 45189.85546875
878.5050659 221663.71875
879.5004272 128223.0703125
966.0152588 36935.7578125
993.5274658 184201.65625
994.5230103 143111.21875
1221.615601 46095.55859375
1455.477295 32889.96875
1508.41687 41459.38671875
