839.437331459678 2
59.00589371 23461.51171875
62.63288498 19582.0390625
70.06600189 1404901.625
71.06922913 42617.515625
71.08636475 21379.25
72.0816803 36258.38671875
74.06067657 26675.654296875
78.1288681 22053.2578125
79.82041168 23284.642578125
82.52548981 22250.4921875
83.6980896 21228.81640625
84.04536438 53565.34375
84.08179474 172512.609375
84.08651733 20217.677734375
86.09718323 381788.875
87.05609894 42353.47265625
88.4185257 23783.216796875
100.7916107 20856.814453125
101.0714874 22780.302734375
102.055603 49920.98046875
103.3301697 23553.212890625
104.0534058 24591.353515625
112.0874786 32913.5078125
115.0502625 46559.11328125
115.0868683 47890.890625
116.0157776 24002.099609375
116.0709991 22404.6171875
120.0814362 30586.81640625
123.9892349 39311.58203125
127.0507736 25574.560546875
127.086853 120924.9609375
129.1024933 59284.546875
130.0864563 93738.71875
133.0431366 88171.765625
136.075943 135723.375
147.1129456 105474.8046875
153.0657806 27925.798828125
155.0813599 130668.4296875
167.0819244 137382.96875
173.7773132 26655.537109375
175.1188202 152062.140625
178.0653992 47447.3671875
195.0764313 29365.064453125
197.1270599 33156.62890625
210.025528 675685.75
212.1037292 32883.86328125
255.1443176 122284.5
272.1752014 88850.5625
363.2007751 364876.21875
363.7023926 92807.453125
380.219635 32323.001953125
385.256134 125784.21875
419.1685791 28892.828125
537.1462402 24308.833984375
563.2818604 31436.31640625
571.3208618 136098.921875
585.9092407 23349.61328125
628.34198 467804.46875
629.3417358 105023.203125
