1163.62251691202 2
84.0451889 290347.46875
86.09710693 1204959.625
93.66788483 75339.109375
101.0714493 135202.640625
102.0554962 405480.6875
103.0545425 80379.4921875
110.0710831 82490.3671875
114.1136703 76564.2109375
120.0811234 1847449.125
126.904335 74878.0234375
129.1027985 182907.421875
136.0757446 439477.84375
157.1334229 74582.2578125
158.0920105 130743.3984375
159.0918884 134628.921875
166.0903778 76796.859375
167.6773224 81908.9375
169.133728 711605.5
173.1289368 323405.1875
175.1191559 381568.84375
177.1027527 308904.40625
180.0473633 73908.2421875
185.1286469 89284.296875
187.1440125 100904.4453125
197.1284943 713483.9375
199.1807251 90656.046875
204.0797424 73590.5234375
205.0974579 662729.6875
215.1397095 133264.203125
222.1970367 72808.625
284.1259155 98296.25
450.2468262 346382.4375
521.2844238 535464.5625
522.2807007 117373.6640625
586.2936401 182257.59375
634.3669434 740872.75
635.3674316 182346.015625
705.3988647 101027.0234375
733.432312 165794.28125
734.432251 110966.2109375
830.487793 1009567.875
831.4923706 533479.5625
922.9876099 95640.2734375
