1787.75002293912 2
129.1024017 14451.767578125
130.0648956 10980.43359375
133.0423889 9460.025390625
135.0644379 5300.67578125
136.0756989 12420.2998046875
137.6196747 6575.0366210938
137.8307648 4895.7670898438
147.1129761 10960.1533203125
155.1175842 9542.201171875
156.0763702 6178.5791015625
157.0969391 8818.783203125
158.0923309 10583.0078125
159.0766602 9440.2470703125
159.0917358 19381.9921875
161.0560913 6195.3764648438
172.0717468 35528.4765625
175.0529785 8321.3916015625
175.1190186 81912.046875
183.1127319 60948.140625
187.1075134 35703.83984375
187.1442871 12187.80078125
197.1289978 9375.328125
201.1234589 39490.29296875
215.1025391 19542.958984375
217.0988464 8557.3173828125
227.1032867 9995.5107421875
229.118576 82270.8984375
234.124939 16474.685546875
239.114624 19647.73046875
240.1347504 8417.8271484375
242.1508179 8927.3125
246.1265564 11376.7783203125
255.1703491 8672.1640625
258.1448669 11358.4931640625
271.1401672 56928.17578125
272.1243896 8769.30859375
273.1222839 7744.2485351563
274.1210022 16948.7265625
274.1875305 9267.55859375
276.1675415 18399.4296875
281.1141357 14187.2861328125
282.1158752 8766.4443359375
292.0764771 9148.3740234375
319.1416931 11420.7763671875
321.0681763 9396.16015625
331.170929 13422.4208984375
354.1819153 7948.322265625
359.1769409 11235.40625
361.150238 11207.5634765625
371.1375122 13104.146484375
373.1904297 11680.2822265625
383.1565247 18638.314453125
389.1455688 16262.78125
390.2133179 13035.4697265625
418.2097778 16207.884765625
419.1729431 16495.6640625
436.2002563 17200.916015625
454.2319641 36516.16015625
460.1847229 9200.025390625
470.2036438 9364.541015625
482.228302 42524.375
488.2106323 13362.9248046875
530.2283936 12512.7490234375
533.2374878 17744.703125
579.2054443 10576.1025390625
596.2261963 81509.1015625
597.2342529 17541.796875
599.3445435 10430.5830078125
619.8253174 11227.833984375
725.2664795 31093.611328125
776.4067993 11596.1865234375
812.2978516 61582.47265625
813.3095093 17304.310546875
814.3076172 10477.0517578125
830.4729004 13494.3779296875
850.4287109 48544.39453125
852.2903442 16546.83203125
869.3257446 318346.875
870.3286743 165481.125
871.319397 60807.91796875
876.4326782 20120.892578125
891.4474487 13415.06640625
893.4439087 48450.17578125
894.4473877 17307.072265625
1004.526245 12892.8232421875
1038.378418 18688.283203125
1055.403442 208523.625
1056.412354 147140.4375
1057.41333 52550.44921875
1125.409302 20137.7578125
1128.49707 14671.421875
1129.515259 14460.4970703125
1142.435547 345938.09375
1143.439697 167433.671875
1144.439819 69709.3828125
1145.441406 19502.259765625
1272.488281 11897.318359375
1289.502686 116447.1640625
1290.512939 77041.140625
1291.507324 17272.072265625
1384.692871 12612.3642578125
1403.554688 41200.79296875
1442.546387 15891.912109375
1443.572632 17041.30859375
1460.574829 96127.6640625
1461.573364 56286.8671875
1462.565674 34568.08203125
1630.438477 12811.16796875
