1330.585524 2
92.39349365 1974.9079589844
112.0873566 2303.5441894531
121.0217133 1666.6278076172
129.1025391 64242.8515625
130.0865173 3098.8820800781
136.0611115 2156.0905761719
139.0867615 2045.8928222656
147.1129456 4588.6708984375
157.0971375 9410.2421875
158.0924988 2236.8713378906
169.0975342 2749.5571289063
175.1194763 11680.9482421875
185.0922546 9486.068359375
187.0718536 3541.8369140625
223.8144379 1964.8787841797
226.1192627 3052.6333007813
227.7198792 1894.8082275391
228.1716156 2937.6591796875
240.0972137 2047.8264160156
246.1814117 2981.689453125
256.1286621 4261.2373046875
325.1512756 3522.1560058594
343.1600952 4467.3715820313
343.1981812 2326.3295898438
352.1983337 4328.5366210938
385.2345886 2214.9208984375
414.2736206 2436.181640625
432.2481995 2621.0021972656
448.2135315 8733.0712890625
543.2772217 2352.1115722656
615.817688 2890.7639160156
616.3178101 7834.4697265625
619.4446411 1843.4046630859
622.3598022 9297.1484375
649.3607788 1945.3209228516
664.3533325 4347.2827148438
665.3543701 8599.609375
666.380127 67339.1796875
667.3557129 2512.0979003906
688.3562012 2200.7956542969
717.321167 13763.8603515625
718.3203125 2256.6401367188
788.3514404 3482.7297363281
817.397522 3193.7192382813
917.3760986 2673.5986328125
934.7244263 2340.0949707031
988.4296875 2961.5637207031
1075.458252 7112.3247070313
1102.525146 9789.3984375
1103.528687 7366.4282226563
1104.539917 3005.2463378906
1146.501221 3329.9279785156
