1216.61233094011 3
85.04037476 115499.0703125
85.0848465 8062.5424804688
86.09711456 575597.8125
87.05596161 96451.6171875
87.1003952 34407.88671875
88.0399704 185369.296875
89.04322052 3906.6115722656
91.05500793 25292.708984375
93.04528809 23978.37109375
93.07053375 7702.78125
95.04931641 3817.8654785156
98.02420044 38895.296875
98.06082153 5751.4838867188
99.05615997 14172.1943359375
101.0714874 16257.4306640625
101.1076126 8763.4140625
102.0556259 21359.841796875
103.0546036 33391.88671875
104.0533676 547382.9375
105.0567932 19253.6640625
106.0492477 22422.8984375
110.0243912 5241.8110351563
110.0717316 431587.53125
111.0753403 24381.263671875
112.0870743 8951.5078125
113.0713959 167063.6875
114.0749054 5411.685546875
115.050621 5129.392578125
115.0868835 15482.4091796875
116.0168839 14741.021484375
116.071022 19178.810546875
116.2476807 3708.4453125
119.0495529 8963.564453125
120.081131 957038.6875
121.0846634 93109.4375
127.0415955 4561.6186523438
127.0504761 129086.9140625
127.086586 6833.96875
129.102478 151529.140625
130.0691833 49066.94921875
130.0865173 102638.484375
130.1058655 15647.7587890625
131.0899353 4652.7514648438
132.0809937 17305.859375
136.0758057 175831.046875
137.0793457 5764.1069335938
138.0661469 18070.30859375
139.0506134 14460.6953125
141.065918 19310.126953125
141.1019745 16347.513671875
143.1183167 7551.3759765625
145.0501251 7813.5327148438
145.0608521 137706.15625
146.0643311 5755.9130859375
147.1129608 132098.9375
148.115921 8047.3100585938
155.0453186 5644.5014648438
155.0816956 7604.8598632813
156.076767 105310.21875
157.0609131 8432.974609375
157.133728 48971.88671875
158.0638733 5973.7504882813
158.0917206 42319.65625
159.0917969 52410.84765625
161.0744934 61482.65234375
165.1028595 4633.0903320313
166.0612335 67376.65625
167.045166 18220.0625
169.0975037 6669.9033203125
170.0606079 8048.0463867188
171.1126709 5594.2221679688
172.0751495 4571.021484375
172.1155243 5982.7001953125
173.0559692 75428.0625
173.093338 3792.4760742188
173.1290283 29576.310546875
175.0899353 91200.3359375
175.1190338 85858.984375
176.0918579 4814.7626953125
177.1024475 18898.044921875
178.1342773 7201.150390625
179.0813141 6039.21875
183.1344757 6527.5297851563
183.1494141 92588.40625
185.1289215 23591.0390625
185.1649475 4211.0854492188
186.0884857 33253.83203125
187.0876617 20782.318359375
187.1456299 5956.2763671875
189.0693207 53590.58984375
191.1180267 298971.84375
192.1212921 37369.89453125
193.061142 26443.150390625
196.0720367 15158.2431640625
197.1286316 24710.181640625
199.0540924 8433.23828125
199.1075287 5130.7890625
199.1311035 5343.8813476563
199.180603 46430.36328125
200.4804077 3635.4841308594
201.1235352 24401.69140625
203.0848389 39252.671875
203.1208344 24944.083984375
203.138443 6898.1708984375
204.1339874 8201.197265625
204.2073364 3930.0139160156
205.0975189 8647.8154296875
207.0899048 3499.6518554688
207.1612549 5729.900390625
210.0874176 146025.28125
211.08992 19173.607421875
211.1437988 51998.1171875
215.1395569 18317.5390625
217.0978546 36122.21875
217.136261 16098.2578125
218.1017761 4120.7338867188
219.1128998 82540.1875
219.1477356 6637.1362304688
220.1157074 5745.6513671875
223.1552429 35276.37890625
225.0510406 4113.9130859375
227.1152344 4733.7763671875
227.1758118 24544.740234375
229.0983429 4785.85546875
234.1237793 51939.25
235.107254 8708.9951171875
235.1272125 4720.232421875
240.1347046 5373.3251953125
241.0631866 25113.29296875
243.1362152 5549.4936523438
244.1401215 3895.466796875
245.0925598 17608.88671875
245.6424866 23309.34765625
248.1497955 25429.8203125
249.1356049 5349.2412109375
249.1597748 18109.14453125
251.1503906 148186.453125
252.1540375 29105.689453125
255.6729584 5092.7299804688
257.1263428 5835.3559570313
257.1600647 7807.8115234375
258.1440735 5746.345703125
259.0753784 7565.1127929688
260.1062317 18490.552734375
260.1964722 5948.4794921875
262.1188965 76637.9921875
266.1612244 198082.390625
267.1638184 23434.27734375
269.0595398 29374.431640625
269.1598511 25462.12890625
270.0907593 14259.0439453125
270.144043 5826.78515625
271.1772766 21450.935546875
274.1870728 13606.7900390625
275.1030884 4625.9936523438
276.1012573 6935.6840820313
282.1465759 6569.6674804688
284.1717834 341240.46875
285.1756592 46576.48046875
286.0866699 19461.533203125
288.1036377 5281.0512695313
288.1338806 24073.818359375
288.2025146 15757.4140625
288.5168152 4254.6186523438
291.1908264 6099.7944335938
291.6556702 4341.3969726563
294.1538696 6143.9423828125
294.1835327 7985.0639648438
299.171936 65696.8359375
300.1761169 5786.2124023438
301.1867676 22284.0078125
302.190155 5180.9150390625
304.0964661 72043.8984375
304.1666565 4109.1298828125
305.0993042 15003.9609375
305.1615906 20420.99609375
316.1286316 14358.9765625
316.162384 4291.0766601563
317.9137268 3912.5183105469
320.1243286 5804.5327148438
322.1893005 15521.8154296875
326.510498 6665.6674804688
326.8460999 4794.7065429688
327.1688843 4555.9057617188
333.1559753 73414.59375
334.1583252 5131.013671875
335.158783 5248.4731445313
338.181366 4072.5009765625
339.6996155 4543.34765625
340.0957336 7160.87109375
346.2233276 16968.384765625
348.7150879 4187.1127929688
350.1509399 4348.5708007813
357.1208191 4077.5163574219
364.2344055 45692.56640625
365.23526 8207.0166015625
370.2103271 5491.6875
373.1515808 8688.9775390625
375.131897 29624.984375
376.134491 4959.384765625
376.1934509 7312.9072265625
378.1483154 4401.2758789063
379.2451477 19945.037109375
382.2416687 5284.513671875
387.2703552 26510.931640625
388.2697754 4533.7651367188
391.2037048 4232.634765625
393.2253418 6668.2290039063
397.2559204 128525.671875
398.2482605 34025.45703125
401.2178345 23039.3046875
402.2234192 4279.9833984375
403.7013245 3783.6552734375
404.1903992 28868.486328125
405.1932068 4341.2592773438
407.2791138 8197.0859375
412.2553406 16325.9404296875
413.2339478 16300.0615234375
417.1568604 5820.9833984375
418.2427673 30527.15625
419.2433777 6114.4677734375
421.7475586 24500.791015625
422.2489014 14902.1728515625
427.1339111 5371.3935546875
432.7267761 6313.9633789063
435.2692871 20071.853515625
447.2355347 3871.5871582031
449.2564392 4617.8740234375
457.2649536 15099.9560546875
457.7669067 5005.423828125
468.1915894 5609.2314453125
472.256012 15715.3095703125
473.2518616 15390.533203125
475.3021545 5634.7700195313
485.2570801 4588.029296875
490.2783508 162321.5625
500.2529297 5667.7827148438
500.3518372 5561.9916992188
504.2873535 5645.8793945313
510.3394775 65516.4609375
511.3424072 8650.251953125
517.2769775 14625.3759765625
518.2896729 4268.0434570313
521.3198242 6081.9067382813
532.2857056 5500.814453125
549.3125 16959.412109375
550.302063 5374.9467773438
551.2994385 4122.2041015625
563.3600464 6837.376953125
565.3119507 5900.9321289063
567.324707 7052.3256835938
570.335083 5788.4633789063
581.3782349 93183.171875
582.2987061 16671.62109375
582.3790283 33749.5546875
583.3034058 19225.103515625
583.3883057 4577.6645507813
591.3587646 6138.1313476563
603.3635864 35207.06640625
604.3171997 7749.283203125
613.4400024 8384.6474609375
677.4110107 5686.9501953125
678.3917236 45871.3046875
679.3886719 17366.5546875
695.4210205 124076.5859375
696.4222412 42994.62890625
700.4108276 28487.951171875
706.3847046 21308.140625
825.4605103 8444.9248046875
842.4992065 24959.509765625
843.4980469 5119.5864257813
913.5228271 8866.41796875
914.519165 6939.6196289063
1182.96521 3982.0952148438
