1681.789772 4
116.4380951 590.9638671875
126.0545349 1379.9313964844
129.0653534 2108.5075683594
129.0939789 873.0614013672
129.1024628 17458.505859375
130.0493774 1577.6702880859
130.0857849 1690.0072021484
130.1053925 651.5111694336
133.8333282 692.4204101563
138.5870972 619.3220214844
139.0862122 979.5417480469
143.0806885 1545.0167236328
145.61026 694.6484985352
147.0757599 4220.1967773438
147.1120148 4986.2241210938
149.0228119 1912.8221435547
150.0261078 1425.1069335938
155.08078 968.8259277344
157.0609436 960.7788696289
160.0985107 705.8050537109
161.2496338 765.1387939453
165.1024017 704.6084594727
166.2368774 738.5023193359
167.080246 1464.3856201172
171.0759277 2038.6961669922
173.0909882 1524.5578613281
175.1179199 1247.041015625
175.7227783 752.0690917969
189.0857086 1354.0791015625
199.0712738 2123.7824707031
210.0793762 143667.1875
211.0825958 76985.7890625
212.0740509 53100.8984375
213.0803986 2052.9409179688
213.1219025 1181.3996582031
217.0818176 1532.9448242188
226.081665 1020.9782714844
226.1167297 1060.7432861328
226.6374512 832.5184326172
228.1704254 995.9915771484
231.0963135 1389.9362792969
240.0975494 2106.8276367188
240.132431 984.8815307617
241.0821228 1649.8338623047
244.1646271 2373.4301757813
257.196228 2039.4205322266
275.2070618 4144.1796875
278.115448 1112.0571289063
279.0967712 1151.111328125
282.10849 3598.0900878906
310.1047974 1342.6567382813
318.1903076 1307.4899902344
324.120636 1257.6058349609
333.1165161 1056.9770507813
337.1110535 923.5424804688
356.5839539 988.5790405273
358.8355408 977.9199829102
361.706604 4096.4750976563
374.2794495 1446.2827148438
411.1504822 1092.4074707031
416.7285156 1571.2464599609
417.2256165 5811.193359375
417.7280579 2360.0617675781
420.2542114 2003.767578125
421.2282104 1306.4702148438
444.1641235 1291.4099121094
461.3113708 2472.2041015625
548.3352661 11243.1240234375
548.835022 1963.5368652344
549.3423462 2127.134765625
635.3743286 2354.658203125
660.1861572 1226.9365234375
722.4066162 4746.40234375
723.4098511 1557.2445068359
892.0552368 1291.0998535156
