1668.8454575444 3
120.0805588 511061.4375
120.0881805 68810.859375
126.33284 42165.2578125
129.0654144 59387.20703125
129.102066 507604.96875
130.0860443 165393.953125
136.0751343 380457.03125
136.0847168 52843.578125
140.0708771 551373.125
147.1123657 445677.0625
147.1226349 53794.6875
155.1164856 61110.07421875
158.080368 73296.2109375
167.0812225 76217.875
173.1286011 169342.640625
175.0701599 68780.21875
175.118454 357842.1875
175.1322174 68238.421875
178.1327362 87815.8125
180.8362427 52908.21875
183.112793 377792.5625
183.1490936 937524.75
185.0916138 345721.75
189.9565125 57340.6015625
193.0959167 75758.140625
195.0753021 179706.890625
197.1289215 108149.6484375
198.0867004 101572.7109375
200.1395721 396985.59375
201.1229706 126398.234375
202.0825653 85577.0703125
203.065506 155104.734375
203.1022034 95182.1640625
203.7668457 63954.2109375
211.1071777 130643.546875
211.144043 549943.1875
213.0868835 159275.5
215.1391296 453374.84375
216.0974884 294722.09375
216.1437225 89252.6015625
225.0992126 92646.8359375
226.0830078 102487.734375
228.1344757 772418.5
230.1144409 119629.7578125
234.14534 391840.96875
235.1053467 77795.1484375
239.1145782 170020.796875
242.186615 115100.8984375
243.1333771 142916.0625
244.0935059 312433.4375
249.1229248 83325.515625
256.9833984 72897.9140625
273.120575 365069.4375
283.1042786 534248.25
298.1399231 341596.96875
299.1722107 87550.296875
304.9307861 85255.1328125
309.120636 488326.71875
311.1731567 97928.4296875
312.156189 119950.671875
316.150116 94628.6328125
326.1437073 153539.109375
327.1305542 725587.125
340.1531982 93515.953125
343.1627197 82723.1484375
345.144104 82597.9765625
353.1919861 148938.875
357.1781311 507370.09375
360.181366 73301.125
368.1949463 100786.59375
371.2043762 188456.640625
386.203125 148530.109375
407.2175293 68601.109375
425.2390442 524936.875
435.2717896 124656.8046875
440.2134399 81081.6171875
441.1713867 84269.3203125
445.2764587 89587.4609375
448.7441711 620446.125
449.2488098 366675.25
453.2151184 99282.8125
454.2498779 81963.0546875
472.2514038 587952.0625
532.3079224 345388.3125
537.0367432 84785.8828125
538.2088013 91369.625
540.2421265 118587.1953125
543.7796631 85177.6328125
556.2944336 141175.484375
564.3123779 118506.984375
587.2806396 651063.0625
588.2825317 108254.703125
645.4024658 884639.9375
650.3355103 85152.703125
663.3522339 123003.2578125
668.3403931 185133.1875
686.3423462 1207145.125
687.3549805 339062.375
748.4238892 87592.7265625
758.4788818 338653.03125
768.4098511 102664.046875
799.4302979 641573.75
800.4425049 156240.953125
811.5058594 124117.2734375
862.473877 109289.484375
878.4788818 135194.125
879.480835 98978.109375
887.5299683 333114.78125
896.4836426 1539210.5
897.4873047 613176.4375
898.4847412 142945.609375
1001.564758 466881.375
1359.375488 107857.2265625
