2593.22518632399 2
183.1123505 3009.6059570313
192.1531219 2080.0612792969
199.0700989 2726.4799804688
200.1382141 2956.0615234375
211.108017 5252.53125
216.0974121 6204.19140625
226.0816956 2944.0151367188
228.0988159 2609.7097167969
228.1345673 12924.16796875
232.075119 4840.52734375
235.4084015 2264.7351074219
242.149826 6120.4975585938
243.3052826 2277.65625
244.0927277 26330.05859375
245.0762787 3660.9396972656
247.0751801 4368.3471679688
249.1613312 2402.900390625
271.1759033 3731.6552734375
282.1812744 3505.5327148438
283.1417236 2424.7373046875
288.2027588 39493.3359375
289.2071228 2875.580078125
297.157959 3566.2895507813
301.0960083 3810.2705078125
311.1724243 2643.5073242188
312.1561279 5620.4721679688
318.1142578 12249.052734375
329.1285095 3676.7102050781
340.1524658 4067.1364746094
341.1105347 3177.4929199219
347.1348267 3024.6245117188
357.1795654 6456.9975585938
358.1071472 4907.1958007813
359.1184387 24660.140625
360.1227417 4927.5922851563
363.1153259 3882.7333984375
372.1753845 2821.5681152344
376.1160889 4656.6787109375
378.0297546 2817.6762695313
395.1978455 3415.1831054688
400.1666565 4680.841796875
410.2410278 4071.6225585938
417.24823 9997.861328125
419.2469482 4059.34765625
429.1455688 4988.2465820313
437.168335 4652.3891601563
447.15625 4191.3408203125
450.1487732 3362.4189453125
455.1785583 6618.8422851563
472.2051697 18816.240234375
490.1617432 5590.2446289063
493.197113 3123.2822265625
498.2259216 5571.6206054688
509.2325439 3784.4396972656
510.2174988 3170.91796875
514.2667847 5863.8051757813
524.2067261 3911.1740722656
525.2369995 3489.9194335938
527.2531128 16883.29296875
531.2896729 19956.716796875
531.6121826 3357.7470703125
542.2116089 3716.4255371094
543.2518311 4162.3549804688
544.1707764 6809.3237304688
558.2319336 4865.50390625
561.199585 19139.197265625
586.2241211 4027.8608398438
589.178894 4128.3896484375
603.2498169 11667.36328125
604.2460327 4153.0366210938
611.2516479 3263.1005859375
623.274231 11027.7509765625
629.2595215 6171.509765625
632.3379517 51788.91796875
633.3424683 16932.875
640.2894287 4922.919921875
657.2606812 6551.7998046875
658.2488403 4399.8081054688
674.2850342 17255.58203125
713.3001099 3495.2878417969
735.2825928 3703.689453125
745.423645 54473.54296875
746.4248657 19535.28515625
788.4519043 4281.3720703125
842.3764038 4922.6611328125
844.4892578 14434.0419921875
958.5278931 19059.66015625
959.5339966 6849.2807617188
1029.570435 110234.828125
1030.571411 46756.80859375
1031.568237 15450.4794921875
1045.590576 5923.9868164063
1144.591675 23308.349609375
1145.609009 15662.51953125
1148.467529 4826.06640625
1231.625488 52246.78125
1232.637085 37245.58984375
1233.636108 10682.482421875
1288.659424 4817.73046875
1289.653442 4518.3198242188
1314.657471 11163.5166015625
1315.660645 13756.2177734375
1316.670166 5471.8154296875
1328.56604 3984.1435546875
1332.677612 145837.109375
1333.678711 103279.96875
1334.668579 33397.58203125
1335.669922 5507.22265625
1438.819946 4103.56640625
1445.756104 28358.357421875
1446.780884 23669.45703125
1447.776489 12406.6572265625
1485.766479 12584.939453125
1486.75354 4605.5834960938
1491.868042 6974.0380859375
1492.852783 11665.916015625
1502.783325 158735.484375
1503.782349 104120.8984375
1504.784424 41029.94921875
1505.760986 5522.1015625
1514.811768 32195.609375
1515.803101 27278.396484375
1516.797363 15908.3173828125
1524.63623 6042.392578125
1555.798584 4914.4047851563
1556.795166 12938.3076171875
1557.77832 5485.4516601563
1573.817261 167445.125
1574.823975 124914.59375
1575.81543 54644.984375
1576.829834 11750.3408203125
1605.19397 4810.7836914063
1606.708496 20782.744140625
1607.72583 21903.595703125
1608.731812 11850.8662109375
1672.886353 34233.96875
1673.869507 31103.125
1675.831909 13860.03125
1676.79834 5718.2094726563
1759.928833 43423.6484375
1760.924316 39968.8359375
1761.916992 22865.109375
1902.936401 6051.3818359375
1919.977417 38432.41015625
1920.965576 46564.93359375
1921.964478 14717.748046875
1991.037598 23163.458984375
1991.994385 23744.416015625
1992.983154 14851.9501953125
