1259.65343926382 2
87.0561676 33040.46875
88.09274292 7460.8134765625
91.05513763 9203.7041015625
92.02844238 16093.25
101.07164 45944.18359375
102.0557022 10134.1396484375
104.0537491 7391.9697265625
105.0664215 124570.4765625
110.0717697 43603.34375
111.6275177 7219.3408203125
114.6391983 7606.7475585938
115.0872421 14157.3955078125
116.0709839 8723.5439453125
120.0812607 72871.015625
126.9786301 7536.4926757813
129.0661926 12836.6064453125
129.1026917 139544.8125
130.0865784 39515.2890625
130.8105316 8788.6201171875
131.1184845 14236.55078125
136.0760651 90410.984375
137.0802917 10284.271484375
143.1186829 8843.14453125
147.1130829 87858.609375
157.1340637 9733.765625
158.0928497 8485.96484375
159.0771332 9386.900390625
169.0612488 7569.0444335938
169.1348419 10186.373046875
171.0768585 47939.765625
171.1130371 9024.3359375
171.1481781 8803.740234375
173.1286621 42313.59375
175.1190491 96473.296875
181.0611725 43637.55078125
183.0750275 8178.3393554688
187.1439514 11932.4658203125
188.1031799 11235.0556640625
197.1296234 10810.765625
198.0874634 14266.96484375
199.0720978 41396.55078125
201.1245575 14016.869140625
207.112915 41038.37109375
212.1035461 19097.287109375
214.1197052 11413.20703125
216.0980377 178319.859375
217.0816803 11905.326171875
217.1002808 9302.4033203125
221.128952 29634.087890625
222.4629517 9707.7900390625
228.1343079 13372.1201171875
235.108078 14598.072265625
240.1005859 13012.7607421875
240.8479309 7081.1484375
242.1501465 33362.53515625
244.1664124 17828.603515625
254.150116 29471.33203125
255.1448822 9068.4404296875
262.1517639 15226.173828125
268.0935669 10409.0693359375
285.1213074 58454.19140625
294.1799927 15231.6943359375
303.1290283 53461.66796875
335.1372986 14759.5615234375
337.1540833 9305.23828125
358.2112732 8750.5986328125
375.2357178 10478.546875
395.2296753 15573.7763671875
518.2996216 9473.4697265625
589.331543 17641.75
611.3552856 14413.3369140625
612.3337402 28968.8359375
615.2932129 9743.732421875
628.3787842 115484.25
629.3143311 11008.0478515625
629.3894043 35869.73828125
630.3376465 14027.77734375
631.2853394 13204.552734375
729.4266357 116423.3125
730.4254761 49566.2109375
826.4424438 11645.5234375
827.425415 9868.970703125
844.4527588 106172.8515625
845.4559937 53859.2734375
957.5404663 31086.4453125
958.5343018 14776.5205078125
998.4612427 8992.087890625
1044.565308 87881.4140625
1045.572388 59930.578125
