920.54368415794 2
68.38691711 22909.345703125
68.72647095 25503.998046875
70.0658493 251063.671875
72.08156586 2782694.25
73.0848465 111400.2578125
78.50193024 22176.716796875
84.04503632 48525.39453125
84.08148193 314895.65625
85.69178009 24011.62890625
86.09707642 1459271.75
87.10035706 154313.375
88.03988647 30651.3125
102.055397 30788.97265625
104.0530167 89943.0234375
110.071701 224767.015625
120.0810471 1001812.3125
121.0845642 83140.0625
129.1025391 302345.125
130.0865021 186247.109375
131.0454407 37423.36328125
133.0606995 60819.0390625
136.0756531 286998.5625
143.0814514 43334.8984375
143.1068726 38504.68359375
143.1179657 924517.8125
144.1213226 43329.7265625
147.1131439 337569.75
159.0916138 44237.328125
167.0538025 33474.4375
171.1126099 377616.15625
173.0553894 52286.69921875
175.1191254 136283.15625
187.0869446 29466.62109375
187.1442871 135461.75
188.0703125 46988.34375
191.1176147 53578.625
199.1805115 197138.9375
200.1838989 35438.31640625
205.0978088 42161.61328125
215.139389 180359.171875
216.0619965 48507.875
216.1417389 23804.2734375
219.1127625 34792.41796875
221.1280365 35744.484375
227.1756897 151360.546875
231.1125183 105702.0625
240.1345978 116026.015625
243.1351624 101929.6484375
246.1248474 49562.15234375
249.1234436 95831.46875
251.1515961 27966.845703125
258.144989 200537.78125
272.1722107 50225.90234375
276.1560669 233287.75
277.1568604 26852.4140625
283.1412048 54724.87109375
294.1816101 40889.06640625
302.1483765 54322.8515625
320.1611633 156552.28125
344.1976013 273211.6875
362.2054138 35270.72265625
363.1997375 31974.4765625
382.6907349 37038.9765625
383.1950989 33617.734375
389.2406311 208518.40625
390.2410889 41918.56640625
415.2331848 113297.046875
476.2831421 103014.7890625
480.2174377 33041.08984375
502.3213806 59545.33984375
590.3752441 35127.28515625
593.3422241 36065.484375
603.3665161 132186.375
604.3687744 46900.0703125
750.4337158 128025.3671875
751.4469604 97056.6328125
821.4688721 48691.26171875
