2162.97401748943 3
151.000412 8161.6254882813
155.0445557 13019.568359375
155.0812073 55502.0234375
157.096817 51146.5546875
157.1330566 12399.9443359375
158.0925751 52329.92578125
159.0762939 11263.4931640625
167.0807953 10288.3818359375
171.1122742 13637.8515625
172.1079712 10994.6689453125
173.0911102 13327.10546875
173.1282806 51776.70703125
175.1042786 11939.3349609375
175.1191406 187820.984375
181.0606995 11410.794921875
181.0969391 21585.029296875
183.0754089 7547.7646484375
183.1123505 14661.8173828125
185.0915527 22488.87890625
185.1649323 13758.8515625
186.1234894 19546.71484375
187.1438446 13134.232421875
193.1080475 19687.5703125
196.059433 9495.142578125
197.1284943 19139.98046875
199.0706635 10702.8408203125
199.1077576 11396.841796875
199.1801147 24149.84375
200.3411407 8290.05859375
201.1231232 64646.07421875
203.1192627 11674.7421875
209.1280823 10139.2412109375
211.1080627 9577.498046875
212.1018066 11445.830078125
213.0883484 9269.296875
213.1593018 23135.134765625
214.1193542 9649.7763671875
215.1023102 11979.650390625
216.1347656 14048.25390625
217.0812836 10670.7431640625
219.1495667 75619.2890625
221.1286621 49397.0234375
224.1026459 10426.7255859375
226.1187134 90959.8203125
226.1524811 9321.73828125
227.1758881 15295.16015625
228.1338806 53881.98828125
229.1317139 21798.15625
230.0771484 12140.646484375
233.1651611 16882.1171875
234.1449738 58260.66015625
240.0966949 14970.9521484375
242.1495514 52906.41796875
246.1305389 23819.87109375
246.1563416 635205.75
247.1598663 54586.203125
248.1033936 16565.81640625
249.1240997 20161.63671875
255.1468964 13915.322265625
260.1388245 10258.765625
265.1181641 19594.943359375
269.1063538 15196.2724609375
276.065094 18687.064453125
283.1083679 15644.2783203125
283.1398621 93511.3984375
285.1332092 86257.25
286.1396179 19763.578125
288.1361694 33632.46484375
289.0974121 16640.990234375
297.1577454 13353.0546875
301.1152954 12251.2890625
305.1828613 18913.53125
313.1867981 11857.2158203125
314.1708984 15292.494140625
315.1682129 11723.412109375
316.1347351 16449.4375
316.6358337 14217.3955078125
325.1514893 69756.7890625
328.1885681 18372.068359375
339.2026062 20820.6328125
342.2030334 74191.7421875
343.1665039 13169.12890625
347.1007385 14045.072265625
361.1836853 67362.34375
366.1235657 45965.49609375
367.125885 14847.296875
368.2307434 24644.044921875
380.2015991 10692.4990234375
384.1343079 119879.6171875
385.1878967 16965.693359375
386.1112976 15504.7099609375
387.0952454 76281.3828125
389.217865 10932.2353515625
392.2151794 73917.4765625
396.2257385 19685.8125
398.2195129 47448.40625
404.1229248 18881.69140625
412.1451416 14695.8837890625
413.2775879 11671.4521484375
416.1778564 19810.2265625
421.254364 14304.330078125
427.2580261 12521.7763671875
429.1805725 12337.1494140625
430.211792 12886.28125
464.7254028 12692.71484375
484.2052917 19439.228515625
498.2741394 18455.310546875
504.1888733 17814.994140625
505.2963562 17577.962890625
509.2513733 22216.72265625
521.2130127 219245.234375
522.217041 66344.9140625
523.2185669 21706.029296875
526.2711792 11970.607421875
529.2254639 17915.775390625
531.2004395 124212.1171875
532.2075806 20772.08984375
543.2966309 13793.9384765625
558.2623291 14404.27734375
607.3101196 24256.025390625
610.2838135 15848.33984375
623.3289185 18987.955078125
631.2642822 77250.921875
632.2489014 146479.4375
633.2518311 73458.2421875
635.3571777 20048.03515625
640.3065186 16037.5126953125
642.3100586 22217.87890625
644.2897339 63368.609375
645.2876587 23639.533203125
649.2730713 578009.875
650.2766113 174860.890625
651.2738647 53604.19921875
652.3639526 65779.7421875
653.3665771 15018.869140625
657.3175049 16511.859375
679.3787842 17630.267578125
680.3532104 83949.5
681.3532715 19798.216796875
708.28302 23273.966796875
710.383606 13829.2587890625
725.3143921 17812.583984375
731.3217163 16667.2109375
735.4019775 18040.947265625
739.3340454 46690.40625
748.3404541 444320.3125
749.3431396 174210.46875
750.3600464 58619.53515625
755.3297119 68962.765625
756.340271 22978.2890625
763.4251099 13147.7939453125
794.3833618 16110.38671875
804.3895874 17158.880859375
811.3880615 84119.453125
812.3897705 23928.1484375
813.4059448 16342.427734375
828.3693237 20940.564453125
829.4927368 20363.03125
830.3642578 16977.5625
855.4277954 22485.306640625
869.402771 19202.71875
870.4085083 20133.646484375
891.4049072 15729.8154296875
895.4102173 221958.5
896.4104004 122474.75
897.4174805 64254.31640625
908.4196167 49479.3046875
909.418335 23672.580078125
926.4185791 213132.359375
927.4190674 123403.8046875
928.4295654 50040.1796875
957.5490723 18281.458984375
979.4537964 17117.337890625
996.4655762 59653.02734375
1035.483643 15014.501953125
1046.516968 17660.111328125
1053.486694 120928.109375
1054.485474 74496.8984375
1064.580444 19920.21875
1079.536865 13220.796875
1080.527466 44413.21875
1110.509766 19242.01171875
1122.512451 18851.41015625
1123.498779 18001.162109375
1140.527588 68125.75
1141.513306 24860.1484375
1167.529541 48763.4140625
1168.527588 17405.669921875
1195.600098 15346.1748046875
1209.578613 16875.59375
1213.61377 24481.28515625
1219.557495 50114.6640625
1220.559326 24782.208984375
1224.575928 16715.9609375
1237.56665 113952.53125
1238.572998 57472.81640625
1239.561646 39833.33984375
1250.566528 91117.140625
1251.565796 67990.5
1252.578369 25355.986328125
1268.585449 65081.7734375
1269.573242 20867.087890625
2056.550293 16426.19140625
