1636.68739133626 2
117.3815689 1418.6375732422
129.1019287 5457.5483398438
136.0752716 4355.7485351563
138.0656738 1805.5799560547
147.1126709 3718.7622070313
149.8082428 1923.5131835938
158.0923004 2485.6770019531
171.8003845 1849.9343261719
175.1185455 14777.7021484375
194.091156 2214.2236328125
195.1125488 2566.6794433594
199.1804199 10610.2958984375
218.1505585 2690.5847167969
234.1246338 3559.1491699219
238.093689 12574.0859375
239.1136475 15771.5341796875
244.1650543 5769.2563476563
245.0774384 3179.4443359375
249.0979767 13166.0341796875
251.150589 4108.5341796875
258.0909424 5776.2036132813
267.1090698 24695.203125
318.1223145 11203.888671875
319.8419189 2430.5192871094
335.149292 27129.25390625
346.2234497 9947.1220703125
358.1543274 3309.9699707031
364.1261292 10100.7470703125
364.2340698 34526.95703125
365.1259766 2932.4548339844
365.2367859 4635.8881835938
380.192627 4588.625
382.1374207 10599.109375
383.1391296 3554.5258789063
401.1577454 12616.7421875
408.1895752 3803.4379882813
418.2654724 4250.59375
446.1673889 2908.8776855469
447.1674805 3108.1455078125
464.1906738 10262.8271484375
470.552124 2646.6298828125
484.1947632 17143.73046875
486.2197571 4801.5541992188
487.2960815 3351.294921875
493.2839661 3046.4321289063
502.2075195 13808.6064453125
593.2369995 13389.6484375
594.239563 3183.8842773438
597.2791748 5277.8349609375
654.3096313 3861.4091796875
672.3170776 2985.3518066406
687.7526245 4959.037109375
688.755188 3438.9772949219
705.7648315 44073.08984375
706.2667236 38196.30078125
706.7686768 16836.544921875
735.43927 12625.3486328125
736.4406128 4445.5454101563
770.8747559 5561.5336914063
775.4112549 6268.990234375
799.4328613 4745.0122070313
800.4172363 4445.7177734375
801.3746948 13152.66796875
809.1754761 3314.4760742188
809.2991943 19885.27734375
810.3250122 5232.7778320313
817.4938354 33819.85546875
818.4113159 55568.77734375
819.4174805 29849.828125
837.4984131 13758.9951171875
900.0265503 3125.8015136719
972.3728638 4576.3325195313
1029.395752 53003.7734375
1030.395996 32931.046875
1031.397217 4941.08203125
1144.423828 52685.1484375
1145.42041 36721.51953125
1146.439209 14444.83984375
1255.460083 10056.791015625
1273.462158 59833.61328125
1274.467285 43247.0859375
1275.474487 15877.1728515625
1410.520996 15219.642578125
1411.532837 10899.0927734375
1412.53479 3711.8837890625
