1139.51429525366 2
79.52490234 1942.8172607422
84.04516602 9266.4755859375
84.08142853 20410.52734375
86.09714508 11479.8154296875
91.05482483 4887.8803710938
101.0716324 11008.1240234375
101.1084747 2598.6022949219
102.0553894 11273.67578125
102.4053268 2236.3747558594
103.3719482 1850.7902832031
106.669693 2274.1616210938
110.0716553 19192.99609375
112.0872574 8232.3720703125
114.689476 2485.2473144531
115.0868988 9437.4638671875
120.0813446 15202.9619140625
127.0871735 3213.91015625
129.0662842 22431.056640625
129.1025696 27784.22265625
130.0866699 4645.365234375
133.0436249 5414.08203125
136.0758057 87995.2265625
136.0853882 4142.87109375
137.0794983 4270.236328125
144.1633453 2112.0551757813
147.1125641 16063.888671875
155.0817413 21036.404296875
155.0929108 3506.6030273438
158.0928192 10695.716796875
173.1281586 2367.9016113281
175.1192322 28907.93359375
180.880188 2429.4345703125
187.0715942 12771.1669921875
191.1176605 5329.8657226563
194.0900574 2209.0791015625
200.1034698 26726.439453125
207.1126251 25358.908203125
218.1497955 11901.8994140625
226.118927 3972.1088867188
226.1549377 4315.47265625
232.075058 2754.7436523438
235.1082153 11367.021484375
244.1659393 30935.72265625
258.1077271 3365.3168945313
269.1247253 4584.1147460938
271.1393738 3493.3205566406
288.2046204 3321.8149414063
289.0969849 4824.94140625
292.1294556 8448.77734375
301.187561 31663.5546875
306.148407 2412.0180664063
312.1646423 2798.77734375
318.0949707 3246.5783691406
318.144043 5277.0556640625
326.1464539 5170.8637695313
329.1446228 3964.3801269531
329.1837158 9781.38671875
335.1716919 10480.9130859375
338.1012878 2416.162109375
344.1574402 3613.4790039063
347.192627 8942.4892578125
363.1661987 3008.9411621094
411.2351379 3542.357421875
412.2156067 5115.1889648438
418.1431274 2823.1762695313
429.2449036 5433.9819335938
458.2559814 2486.2626953125
465.2513123 2495.9782714844
489.1768188 3459.3559570313
528.3152466 16936.798828125
536.2408447 2726.7385253906
553.2677002 2557.8325195313
554.2908936 4728.333984375
569.3058472 3502.0161132813
570.3156738 12610.4619140625
571.2772827 171093.703125
594.3359985 3273.9912109375
603.2753296 2317.7270507813
635.2763672 9139.9267578125
653.5407104 2544.5942382813
683.3822632 2963.3583984375
706.3221436 26336.111328125
707.3181152 4127.3842773438
739.6902466 3069.921875
777.3543701 33480.79296875
778.3571777 10087.8896484375
940.4026489 4188.103515625
1001.582336 2539.3181152344
