817.459252662314 2
57.05381393 4451.890625
57.95246124 3519.2958984375
58.06587219 4779.3471679688
60.04526138 24757.8984375
60.05651855 17418.396484375
61.01148987 142845.78125
69.070755 43930.73046875
70.02954865 5988.3598632813
70.06594086 279829.3125
71.0693512 17120.6875
71.08642578 19705.3046875
72.08158112 665858.9375
73.08493042 27157.9140625
74.06082916 52777.9453125
78.99285126 3932.6220703125
82.06578064 65250.4140625
83.06098175 5600.7094726563
84.04499817 112735.328125
84.08146667 316128.125
85.04051208 5407.3896484375
85.08495331 7117.884765625
85.25019836 4148.1606445313
86.0970993 1174014.125
87.0558548 35685.00390625
87.10044861 57429.0546875
88.03996277 66977.2421875
91.05469513 4604.578125
98.09674072 5243.1430664063
101.0715027 20374.521484375
101.1079483 26218.830078125
102.0554657 147838.84375
103.0548248 7921.5952148438
104.0533447 599311.1875
105.0566406 9540.673828125
108.2717896 4314.5307617188
110.0716858 50070.64453125
112.0873032 28796.5390625
113.0713806 7144.9047851563
115.086853 31012.85546875
116.071106 41567.94921875
120.0810928 1011872.1875
121.0846786 53405.44140625
124.1124802 20495.865234375
127.0868301 1206240.625
128.0905457 73798.40625
129.0660248 9976.7802734375
129.1024323 535242.5625
130.067276 6404.9379882813
130.0865784 95019.0625
130.0967407 6978.9682617188
130.1060333 29966.9296875
130.7410583 4107.3881835938
131.0903625 3874.1506347656
132.0483398 6249.9624023438
132.0814056 5479.3828125
136.0757294 104557.5546875
137.0796204 6280.8271484375
140.1072845 7438.365234375
141.1022339 27869.857421875
143.0813751 23495.35546875
143.1183319 43989.58203125
145.0975647 5101.0693359375
147.1128235 174623.078125
147.4843445 4263.2358398438
148.1165771 6066.3178710938
155.0816345 26201.625
155.1174011 36857.9375
156.1126862 31961.599609375
157.108139 5788.8984375
157.1340942 23246.828125
158.0926514 47310.40625
159.0920868 21360.935546875
159.1132507 15657.3203125
166.0866241 17663.349609375
169.0970001 9449.1220703125
169.1339569 26596.650390625
170.0595398 7284.287109375
171.0767517 6089.9194335938
171.1128693 10455.103515625
172.1155243 407753.0
173.1170502 16419.970703125
173.1312561 30563.171875
175.0900574 662313.875
175.1189117 295959.5
176.094101 58107.85546875
176.1235809 5808.3442382813
177.0857239 22022.828125
181.0602264 7258.4482421875
183.1133881 54388.0234375
183.1493835 53418.6328125
185.1290894 10486.71484375
185.1647491 96503.9375
186.0585327 22394.96875
186.088501 4901.150390625
187.1075134 88104.0
191.0843964 8867.4013671875
191.1183472 25567.775390625
193.0977631 16791.34765625
197.1282501 39415.109375
199.0715027 17677.810546875
199.1803589 25800.2109375
200.13974 98884.7265625
201.1237488 91832.8828125
201.141571 10205.2294921875
203.0849304 317261.21875
203.1212921 91070.828125
204.0879822 31644.2109375
207.1130066 4692.267578125
211.1443024 20605.3984375
212.1049652 5395.8276367188
213.1599731 46198.06640625
215.1028442 47694.62890625
215.1221313 7211.6240234375
215.1377716 42241.36328125
217.0816803 10773.8720703125
217.09758 71184.234375
217.1370239 535674.3125
218.1018677 7426.6166992188
218.1392212 32468.640625
225.1238556 8638.8681640625
226.1198425 7599.12109375
227.1014709 5438.4384765625
227.1753693 6106.830078125
228.1349182 9353.0693359375
228.1705475 5516.0405273438
229.1174469 60830.74609375
231.1161499 22038.404296875
233.1647949 87715.7109375
234.1685028 7685.3232421875
235.1079407 100570.890625
236.1117096 4762.4946289063
237.1600037 19128.494140625
243.1340637 33467.3203125
244.1340179 4073.3334960938
244.1645966 14919.013671875
245.1315002 64294.09375
247.1425629 6382.91015625
251.1040039 4407.4189453125
253.1663208 10240.8603515625
254.1494141 4633.15625
257.1322021 7811.4765625
257.1972046 23811.5078125
258.14505 7355.0512695313
258.1807861 18332.87109375
260.1416626 51560.15625
260.1975708 26167.583984375
261.1612549 8856.224609375
263.1025696 114888.671875
264.1064148 5838.4794921875
267.1490173 9699.2392578125
270.1929016 5463.3447265625
271.1759033 70706.1796875
272.177887 7429.755859375
275.2078247 87416.03125
279.1664734 6078.5888671875
284.5167847 4454.5634765625
288.203064 1061702.625
289.2070313 162207.328125
290.2088623 5221.8969726563
294.1828003 5659.4760742188
298.1400146 16029.337890625
302.1511536 13731.8388671875
302.6591492 6017.1333007813
303.1592102 5615.4672851563
312.1555786 22042.787109375
316.1495972 32187.125
328.1865845 46561.046875
329.1890259 10099.5244140625
330.1144714 4899.8173828125
330.164917 20505.708984375
333.1870117 6854.91796875
334.1780701 5583.3388671875
335.7146912 9089.1962890625
341.2171326 4367.7729492188
342.2012939 6505.2875976563
344.1451721 10540.7880859375
347.1707764 8059.6323242188
347.227356 30627.546875
361.2212219 8983.84765625
362.1713867 24400.21875
365.1868591 6199.3852539063
376.1876831 9677.794921875
386.2036438 27497.388671875
391.7200928 5949.7416992188
392.22229 7500.4169921875
403.2301636 102202.796875
404.2338867 25120.8046875
406.2487793 24441.279296875
413.1644592 25289.548828125
431.1789246 18259.244140625
446.2703857 18285.880859375
458.2594604 7898.302734375
459.2227173 8630.1376953125
460.2877197 25490.693359375
461.2954102 6476.0307617188
476.2719421 29536.1171875
477.2712402 7661.5747070313
492.2463379 8320.44140625
493.2819824 70687.0546875
494.28302 9198.48828125
516.3148804 170174.625
517.3189087 53518.2890625
573.3743896 33380.65625
589.3547363 31050.263671875
590.3580322 8371.8310546875
593.2974243 6925.40625
604.31427 21420.13671875
615.3822632 202718.234375
616.3858032 86151.75
617.3833008 23449.34375
622.3223267 29154.5078125
623.328064 6076.015625
632.3419189 5322.6318359375
721.3913574 21044.333984375
722.3978271 5660.9770507813
836.4125366 21491.82421875
