1374.65786348659 3
100.1461868 54260.05859375
101.0716553 68736.6796875
103.0546722 64023.67578125
104.0532227 240655.3125
107.6696091 54707.875
110.0716629 670324.0
110.1665268 45980.60546875
112.0870056 61999.66015625
120.0725784 103083.3125
120.0811691 2663895.25
121.0846634 210200.8125
122.1586151 66897.359375
127.0501938 87670.2578125
128.5641785 51437.265625
129.1026611 249030.53125
130.0865021 215734.03125
133.0434723 80528.5859375
136.0759735 108323.3515625
141.0643768 57818.01953125
143.234375 57721.99609375
145.0605469 58583.22265625
147.1130371 210773.046875
155.1179199 65049.25
165.1021271 333370.875
169.1338501 98093.96875
173.0558624 73786.7578125
173.1286774 80714.796875
175.1199188 542181.25
189.4141083 49858.77734375
191.1191254 94862.6171875
199.1804199 330007.78125
201.1238403 294463.1875
203.1199646 66967.1484375
207.1149597 71873.4296875
216.0984192 79395.7734375
225.0437317 102709.375
227.1763763 84878.3203125
239.0955811 82964.4140625
253.0933075 205778.453125
272.137146 69125.859375
275.0793457 73675.265625
299.0604858 86372.1015625
315.6430969 59538.12890625
331.2220764 65901.8515625
350.8084717 56445.71875
358.1186523 93185.25
370.1730347 66988.5078125
373.6798401 242661.953125
374.1814575 67036.0546875
376.1290588 55491.19140625
377.2037354 352855.46875
386.2026978 76073.546875
388.2320557 76899.5234375
434.70578 57947.41015625
459.7033997 234289.96875
460.2027893 206738.578125
471.2285767 61064.59375
501.3119812 297726.65625
502.3131104 65504.28515625
517.2159424 72785.4140625
599.840271 95999.1171875
616.3378906 447487.21875
617.3427734 74411.0390625
618.3475952 59843.62890625
623.3214111 61359.15234375
737.3674927 66927.5
753.4021606 458746.3125
771.8101807 66653.984375
