2172.004448 3
155.0804901 3512.4287109375
167.0809326 3225.4621582031
172.0716095 4108.0673828125
175.1182404 5928.7509765625
187.0716705 3946.0297851563
224.1020966 6400.3432617188
226.0817413 3661.2749023438
243.1063232 4354.96484375
272.1712646 6592.126953125
314.56427 3371.4362792969
322.0803833 7254.5615234375
329.1275635 6323.0600585938
354.1766052 7556.0307617188
448.7272339 31679.96484375
449.2284241 7716.9106445313
477.2446594 4127.427734375
500.2818604 21062.544921875
501.2869568 8346.8037109375
526.2644653 6901.4755859375
574.7556763 7836.44921875
575.2557983 4017.3811035156
642.3236694 5476.2944335938
706.3442993 4798.0512695313
707.3225098 4678.0927734375
723.3616333 14389.94140625
724.3473511 8307.2265625
725.4107666 21776.677734375
740.3460083 5344.6977539063
789.3665771 4750.0009765625
827.4244995 19852.658203125
828.4403687 5179.2856445313
849.4126587 7607.7890625
896.4401855 13589.3564453125
988.2457275 4407.5810546875
1024.507935 4799.6196289063
1030.11731 4839.4907226563
1050.517334 14243.3994140625
1051.517822 6538.2045898438
1148.500366 4887.0629882813
1288.310913 5202.1030273438
1500.230103 4638.1323242188
1517.320313 5277.27734375
2012.747314 4904.1064453125
