1167.66615073761 2
84.04502869 103820.7265625
84.0814209 115375.6875
85.0114212 6646.0170898438
86.09701538 203215.546875
87.10036469 7343.2182617188
92.01693726 26122.94921875
92.02822113 9086.3720703125
92.0333252 11459.8974609375
92.35196686 4997.5190429688
93.0452652 5125.9814453125
101.0712662 86368.796875
102.0553207 36421.62109375
102.0750732 5139.7534179688
104.0532532 44288.96484375
110.0716705 55607.734375
111.0744858 6507.7861328125
112.087265 25303.30078125
115.0214157 5366.421875
115.0502167 6648.5014648438
115.0871124 10819.1103515625
120.0810852 6031.59765625
127.0870667 6827.1748046875
129.0663605 9479.66015625
129.1024475 110174.359375
130.0862885 90896.0546875
136.0757294 11872.0302734375
147.1127319 141052.4375
148.1156006 5455.6259765625
155.081192 6182.3862304688
156.0765686 7441.0576171875
157.0606689 5027.6645507813
157.1336212 75073.890625
158.0930939 7882.8071289063
159.2123566 4874.8505859375
160.0426025 20954.666015625
167.0812531 5120.6728515625
173.0919495 6841.0727539063
175.1182861 59352.2734375
176.019989 11608.5234375
178.0532227 81395.5859375
179.057373 8354.4453125
181.0611725 10795.7412109375
185.1285095 21954.1015625
186.1230316 6531.1352539063
199.071167 20682.4765625
200.1020966 8404.9521484375
201.1229858 8463.5048828125
209.0541992 5622.7016601563
210.025238 19602.84765625
216.0969238 5763.1342773438
226.0818176 52190.91796875
226.1176147 5551.359375
229.1183014 8154.5346679688
242.1506805 8177.4096679688
242.1899872 5497.078125
244.0928955 66910.359375
249.0960388 5813.7661132813
257.1256714 6611.8208007813
258.1434937 5461.970703125
260.1972351 44570.4609375
267.1091003 6137.185546875
271.1408386 7569.8491210938
275.170929 7731.5532226563
280.1304016 36273.63671875
281.1847839 50284.26171875
281.6857605 8654.8095703125
284.1711121 34090.6484375
286.1037292 10987.1201171875
295.1828003 35122.125
297.1554565 34572.14453125
313.187561 31819.017578125
325.1505432 10415.033203125
329.6920776 25542.23046875
338.1836853 7813.630859375
338.697937 24289.193359375
367.2044067 6838.37890625
371.2110596 29531.580078125
371.7128906 22876.60546875
372.2167358 6340.8154296875
375.2248535 10650.9423828125
376.2136536 23915.669921875
380.2162781 87300.453125
380.7200012 35419.6640625
381.2200928 5932.904296875
389.2229919 35228.8515625
389.7220764 25167.640625
393.2355042 48652.5234375
403.7288818 8837.7412109375
404.2315674 9139.154296875
408.188446 7900.7236328125
425.2115479 22403.69140625
426.2198486 5812.5014648438
452.2567139 40095.81640625
452.7589722 20083.125
453.2597656 6322.529296875
454.193573 5729.44140625
507.7728882 9333.49609375
536.2468262 8053.310546875
553.269043 22047.455078125
561.3634033 6452.7104492188
575.8278809 7874.3017578125
579.3168945 6776.8681640625
583.3245239 8265.232421875
584.2497559 8199.04296875
584.335144 90964.3515625
584.7585449 7471.4453125
584.840332 60103.8828125
585.2987671 32895.32421875
589.2699585 7019.00390625
589.357605 7501.57421875
590.3589478 6084.6313476563
605.2897949 7174.1958007813
624.3143311 43340.83203125
625.3079224 8568.7529296875
695.347229 71519.5234375
696.3446045 29347.84375
733.4058838 9273.0556640625
749.4345093 18249.337890625
759.4192505 25725.748046875
760.4231567 20935.88671875
775.4376831 9138.2490234375
777.4317017 36199.18359375
778.4215088 8162.439453125
782.4073486 10034.8369140625
807.3695068 5685.5400390625
824.3894043 68435.7421875
825.3878174 32508.26953125
853.4443359 12310.0634765625
863.4551392 6432.5219726563
880.4841309 65436.0
881.4782104 23593.021484375
903.489563 9727.90234375
908.4780273 55743.70703125
909.4718628 31864.673828125
910.4880371 6608.9106445313
923.4485474 19590.8125
924.46698 14204.029296875
925.4536133 7139.638671875
964.4786987 8536.65625
981.5206299 8861.0888671875
993.5690308 49036.31640625
994.5574341 23458.7890625
995.5625 7884.7524414063
1021.552307 8613.818359375
1022.55957 8890.4912109375
