1763.80175642157 2
129.1023407 63856.9296875
130.0652618 28174.28125
130.086441 15650.9599609375
132.080307 81145.40625
136.0683899 10247.0185546875
136.076004 163928.046875
138.326355 8824.7998046875
141.1021576 13048.2138671875
147.1124878 29854.94921875
155.0806427 12913.009765625
156.6595154 12748.01171875
158.092865 15327.44921875
159.0920105 257372.875
169.0970764 28912.77734375
175.1193695 131311.171875
181.0971985 14040.677734375
181.7693329 10781.1474609375
187.0863342 94918.6953125
199.1806946 459938.1875
200.1410828 13924.4580078125
200.1841583 28186.896484375
201.1230011 67688.0546875
212.1021881 14751.2060546875
213.048584 14154.3232421875
217.0814819 14797.9638671875
227.1555939 24102.443359375
227.1756134 200247.4375
228.1349487 17153.7734375
229.1178894 13425.4951171875
230.0788574 17665.658203125
230.115387 19276.513671875
233.1256104 12788.4140625
233.1646881 88664.3046875
242.1498871 21982.296875
244.0926208 23041.29296875
246.101059 17440.056640625
246.1242523 240893.921875
247.1270752 27173.322265625
252.1348724 15086.1279296875
254.1080017 12252.2568359375
255.1096497 14203.005859375
256.1073914 25056.896484375
260.1952209 18248.70703125
261.1602783 129968.875
262.1643066 17587.970703125
272.1354675 24358.505859375
274.1186829 249179.671875
275.1214905 17909.416015625
277.1557617 15725.5791015625
284.0986938 25037.283203125
287.1387329 13678.0126953125
289.1634521 25944.65625
296.196991 63395.203125
302.1091309 22988.1484375
305.1282349 28101.091796875
314.2081299 89970.4296875
320.1231079 19209.201171875
322.1537476 28277.162109375
345.2178345 17655.86328125
355.1603394 20623.806640625
359.1672668 25100.578125
360.8892517 14643.841796875
369.1934509 18990.826171875
374.2454834 77366.09375
376.1939087 129173.1171875
397.1855469 16662.45703125
425.2400208 20677.03515625
437.181488 26783.482421875
472.2852478 18640.943359375
472.7396545 15920.2177734375
482.2778625 34891.921875
498.2329407 22506.88671875
505.1781616 17901.845703125
539.2577515 69925.28125
596.2792358 265982.3125
597.2853394 72046.125
659.8299561 16885.728515625
726.3137817 29269.78125
727.3275757 19682.017578125
743.3475952 310947.5625
744.3535767 114347.921875
795.4158325 25940.462890625
837.3630371 23282.712890625
872.392395 147358.28125
873.3972778 63516.76953125
969.4084473 61648.0
986.432251 411647.28125
987.4389038 187374.90625
988.446106 29393.802734375
1023.524475 36967.22265625
1038.586426 22380.2265625
1039.580811 28332.21484375
1084.431763 24906.423828125
1093.477539 32007.98046875
1101.459717 359514.34375
1102.459961 225113.515625
1103.466431 78133.859375
1139.633301 26910.58203125
1246.482544 25364.3828125
1247.52002 67294.7109375
1264.523193 540240.75
1265.531128 368167.96875
1266.518799 132001.3125
1305.796631 22360.869140625
1307.744263 25925.6875
1308.730103 69055.5234375
1309.69458 23064.462890625
1450.586426 122267.1015625
1451.609985 94069.9609375
1520.613647 27169.83203125
1521.607178 33088.671875
1537.640503 336832.875
1538.631836 255962.25
1539.634277 97379.6328125
1574.788086 24965.203125
1600.750732 23368.087890625
1714.5979 22360.14453125
