1113.54098742804 2
82.21019745 35190.99609375
83.0610199 39979.51171875
83.39679718 35352.4375
84.04504395 187277.609375
84.08151245 184189.140625
86.09716797 1026645.875
91.05482483 226954.796875
101.0717316 65084.296875
102.0555649 159160.671875
104.0533905 59953.48046875
110.0718918 182565.890625
112.0873032 64481.06640625
116.0713425 150593.4375
119.0492935 93345.90625
120.0812531 321803.84375
128.1024017 41199.47265625
129.1024933 290585.90625
130.0871277 58032.953125
135.0138855 37157.93359375
136.0759277 2350576.5
147.1126709 61319.921875
148.0758972 60816.50390625
155.1181488 44308.390625
158.0920258 55109.80859375
169.1335907 170533.859375
173.1277618 41112.08203125
175.1192169 417116.71875
181.062027 38810.36328125
183.1123962 89993.6171875
187.071228 61357.40625
187.1443176 86139.828125
193.0973969 67085.203125
197.1296844 44616.0078125
199.1809692 81767.2734375
201.124054 136305.890625
207.1124878 82487.9375
211.1090393 48696.359375
215.1390076 167875.125
221.0923004 455051.875
226.0816345 84019.34375
227.1761932 44670.84765625
229.1190643 62570.74609375
235.108017 52607.21484375
249.1600037 330259.59375
258.1447754 60679.390625
276.1567688 76411.578125
277.1525574 52846.8046875
286.1422424 47388.8984375
288.2028809 170610.21875
321.1538086 49640.53125
338.1835938 51311.26171875
350.1346741 300552.03125
364.1475525 54451.9140625
476.2347107 63588.05859375
517.2814331 46181.89453125
534.3042603 582722.75
535.3068237 159564.5625
648.3146973 45257.62109375
665.3462524 301373.5625
666.3464966 64425.25
685.3537598 63837.75390625
755.3885498 62713.25390625
764.4066162 245721.46875
773.4125977 69209.1015625
839.3704224 182299.3125
840.4108276 43862.80078125
893.4588013 51526.140625
950.4678345 234493.359375
951.4771118 63294.6328125
