938.45855005432 2
70.06602478 371292.125
71.06942749 9750.6337890625
72.08166504 170118.28125
74.06084442 45355.56640625
74.87214661 10195.123046875
76.01305389 9688.78515625
82.4836731 9254.9951171875
83.06105804 12330.0810546875
84.01803589 9589.482421875
84.04528809 109179.78125
84.08155823 191554.296875
85.08482361 13372.5810546875
86.09719849 481787.6875
87.05587769 13326.9580078125
87.10038757 24953.349609375
88.04025269 10323.9716796875
91.05484772 40341.50390625
92.03420258 14487.009765625
94.03440857 9209.232421875
94.66188812 10037.9716796875
101.0716171 23623.796875
102.0555115 165960.5
110.0719299 79588.0
112.0872345 25619.478515625
115.0869675 40882.8515625
116.070961 22283.697265625
119.0493622 24159.07421875
120.0813141 120848.140625
129.06604 19799.8359375
129.1025848 332985.75
130.0865631 45413.78125
130.1062012 14735.7216796875
136.0759888 944566.125
137.079422 66297.6640625
141.06604 18171.400390625
141.1025391 22757.93359375
147.0452118 17117.837890625
147.1130676 105928.078125
158.0921021 86365.640625
159.1127472 13329.2001953125
167.0819092 13830.37109375
169.0973511 13855.0263671875
171.1493378 15101.8173828125
175.1192932 351316.15625
176.1225128 12803.66796875
183.1134186 10602.830078125
186.1240845 19064.6171875
187.1449432 13551.828125
190.0975037 13992.6240234375
197.1286926 81173.03125
201.122757 21412.572265625
202.0863342 83420.0703125
215.1391907 54368.0078125
217.0815735 16621.919921875
222.1209869 11715.671875
225.8637543 9626.0966796875
226.1193237 21695.369140625
226.1562805 38515.7109375
227.1032867 16101.587890625
231.097641 13480.62109375
231.4170685 10377.96484375
240.0981598 20083.818359375
244.1661377 133576.71875
265.1184692 343023.75
266.1221619 52796.00390625
267.1498108 71485.9453125
269.1246948 16249.62109375
286.1507263 79000.46875
293.1128235 143505.28125
294.1158142 17549.298828125
296.7988586 11879.9755859375
303.1777954 169262.5
305.1600952 39031.984375
310.1743164 12877.0771484375
323.2080078 16009.32421875
360.9638367 13245.509765625
367.1965332 16792.873046875
380.1523132 10550.2060546875
397.2355957 15695.7509765625
432.2211914 22301.333984375
434.2250366 13687.318359375
448.7365723 11632.6279296875
452.2282104 21003.193359375
469.2566223 285673.34375
470.2578125 120218.2578125
471.2684937 13146.94140625
533.2684326 164561.359375
534.269104 22126.37109375
643.2848511 10798.828125
646.3528442 223962.21875
647.3562012 89469.125
648.3555298 16252.751953125
757.3793945 16407.80859375
758.3630371 11513.81640625
775.3843994 77638.515625
776.3973999 19852.45703125
