2299.14796324617 3
158.0561981 1635.3737792969
158.0917358 1724.1589355469
159.0766602 3270.8010253906
159.0914307 7740.9453125
169.0966034 2081.2275390625
169.1336212 4249.1870117188
171.0766907 2838.4291992188
171.1124573 3350.8503417969
173.0926361 1993.9122314453
173.1288147 4703.8530273438
175.1067505 1433.3190917969
175.1186981 15985.5576171875
180.8773193 1472.4616699219
181.0964508 3385.5998535156
183.0761414 3211.0329589844
183.1127014 4740.5239257813
183.1490631 3531.7163085938
185.0912018 1837.6652832031
185.1286621 2731.7006835938
185.1644592 2897.3571777344
187.109024 2076.7360839844
187.1436157 2632.4865722656
193.0965271 1940.2274169922
197.1282654 4574.3901367188
198.0875702 1579.5059814453
198.6114197 1510.6271972656
199.0538635 3285.1547851563
199.0713959 4556.1801757813
199.1076965 3773.0092773438
199.1667023 1332.0391845703
199.180603 18964.0390625
200.1032715 8920.279296875
201.1077881 1703.5041503906
201.1232758 17987.0078125
205.0974426 2080.2678222656
211.1448212 3857.7526855469
212.1044464 1950.1267089844
214.1537933 2848.3039550781
215.1400909 8191.140625
216.0986176 2385.3513183594
217.0820313 7590.3022460938
217.1340637 1723.6512451172
217.3369904 1577.1469726563
219.1137848 2050.9411621094
221.1279755 2293.2587890625
225.1237488 2809.9221191406
226.1185455 10271.611328125
227.0479126 3031.7888183594
227.0678253 2104.8615722656
227.1031647 4850.3940429688
227.1763306 16511.146484375
228.0975647 1560.2248535156
228.1347198 4457.5014648438
229.118515 8832.076171875
231.0964203 2480.9462890625
233.165741 2968.3002929688
235.073822 2771.5903320313
235.1074829 1791.4809570313
240.0975647 4081.935546875
240.1343079 2621.2861328125
242.1502533 8428.2490234375
243.1335144 4123.4887695313
244.1294098 4756.9248046875
244.1658936 3581.4643554688
247.1427002 2191.6733398438
249.1598969 3978.3493652344
250.1207428 1973.4348144531
250.3652039 1632.5677490234
254.1499939 12118.720703125
256.1306763 2800.8251953125
258.1083679 1843.5640869141
258.1455688 2948.1943359375
261.1289673 2401.1103515625
261.1581726 2964.2834472656
262.0853577 2723.0727539063
262.1402893 12093.875
263.1405334 2949.6301269531
268.0929565 2142.173828125
268.1304321 1935.2239990234
270.1098633 1739.8546142578
270.1430054 2658.7255859375
270.1812744 1736.5539550781
271.1408386 1936.3448486328
272.1244812 4472.8212890625
276.134552 2400.7375488281
277.1184998 3131.57421875
280.1643372 1997.9001464844
282.1473389 1939.9881591797
283.1421814 4613.5805664063
284.1646118 2054.2495117188
286.1030579 4524.3930664063
288.2046204 2374.0598144531
292.1290894 3007.0173339844
299.1763306 2668.9624023438
301.1864929 3847.6701660156
304.1636353 1669.5616455078
309.1531677 1886.5941162109
310.2132263 3799.3588867188
311.1355591 2199.6640625
312.1936951 2306.6008300781
313.184967 14857.5478515625
315.16745 2309.7966308594
318.1463318 2094.5888671875
320.1261597 2411.1235351563
323.1720581 1813.8402099609
325.1522827 2137.615234375
325.1865845 2508.5356445313
325.2226868 2359.8474121094
327.1656799 2536.6550292969
329.1461182 2283.7331542969
337.1555481 2532.2810058594
341.1821289 2351.2407226563
341.2184143 9842.650390625
346.116333 2255.6330566406
355.1617432 2968.8295898438
356.703125 4635.5532226563
371.1569214 7489.96875
381.2487488 2568.0363769531
389.165741 3181.1481933594
398.2787476 1938.4183349609
399.1975403 3185.1044921875
409.1575012 4476.7353515625
416.2261963 2522.9494628906
425.2038269 11290.421875
426.2715759 10267.3623046875
442.1957703 11947.119140625
443.1939392 2563.3234863281
460.2053833 12265.056640625
494.2398071 2133.474609375
494.3376465 3897.087890625
522.331604 2575.0625
538.2906494 4017.2829589844
539.3573608 10624.0244140625
541.2651978 8743.921875
545.2919922 2789.6462402344
559.2868042 3231.2214355469
616.3433228 2442.0290527344
639.333374 2969.6860351563
666.3566284 2426.6765136719
678.3457031 2857.8845214844
696.3543701 25669.37890625
697.3583984 4100.8627929688
712.3979492 2199.0036621094
716.402832 2223.0407714844
756.3643799 2565.5268554688
761.8017578 2362.2490234375
766.4232788 16181.30078125
775.3898315 16049.21875
776.3980713 7981.9033203125
777.4057007 4261.2802734375
780.3413086 2993.1452636719
792.3891602 2918.41796875
795.4232178 13674.943359375
796.4265137 6918.5727539063
808.3908081 2388.9296875
809.4474487 15432.833984375
810.4625854 4391.0869140625
812.4643555 16829.794921875
813.4710083 7140.9365234375
825.4146729 2509.2395019531
827.3724365 2456.8874511719
847.404541 3224.5617675781
862.4249878 15985.2275390625
863.4331055 4523.3955078125
878.4689331 3103.529296875
900.480957 3400.3239746094
942.4666138 3287.0795898438
949.4865112 2829.1108398438
950.4851685 3291.0881347656
951.4760742 2263.5397949219
959.5299683 3743.3537597656
960.5211182 3269.3928222656
965.4925537 3871.380859375
975.5075684 12738.9814453125
976.5110474 4651.8637695313
989.4645386 2781.0383300781
1006.450378 4173.7788085938
1007.440552 6658.1420898438
1074.561768 4370.7275390625
1076.515381 2519.9855957031
1144.517456 4704.5034179688
1343.764893 3605.81640625
1358.594604 2656.2790527344
1489.559814 2670.5307617188
