1337.52920809777 2
92.74020386 22058.5859375
97.04034424 50815.18359375
98.932724 20665.056640625
101.0714493 261630.3125
102.055687 36590.0
102.075264 20478.69140625
104.0533524 169866.234375
107.0497971 22117.994140625
110.0716476 161396.953125
112.087059 29429.466796875
113.0714722 29672.578125
115.0873489 33419.37890625
116.0170212 86419.96875
116.0715485 30348.541015625
117.1023026 20266.19140625
117.8463898 20669.3359375
120.0811844 785045.0625
121.0845566 94650.8359375
129.0659637 35776.796875
129.1027222 283081.46875
130.0865479 101160.71875
131.1182251 140532.0
133.0432434 336032.34375
136.075882 1015808.5
137.0791016 173273.140625
139.050293 309963.59375
141.1022491 400194.9375
143.1182709 142597.53125
147.1130829 251135.234375
151.8347015 21532.1953125
155.082016 22782.720703125
157.0609894 356642.84375
158.0637207 26030.41796875
158.0928955 28386.876953125
159.0922089 40108.125
161.0375977 38746.18359375
167.0818329 28463.97265625
169.09758 232918.46875
170.1018066 28285.162109375
171.0227051 93405.890625
171.1123352 28871.916015625
175.119278 469529.8125
176.1228333 28905.744140625
181.0967407 100720.859375
182.1289215 25979.599609375
183.1131287 33085.67578125
185.0558624 444024.53125
185.0928497 26835.6640625
185.1658173 30005.51953125
186.0874634 33643.0078125
191.1181946 171541.671875
192.1213531 27521.380859375
193.0974579 980598.25
194.1010895 213843.96875
198.2018738 22108.81640625
199.1815338 23089.759765625
200.1396027 94145.3046875
200.4086761 25423.44140625
202.0828247 24785.15234375
204.0806427 32854.5078125
205.0987091 23391.759765625
207.1132507 29078.484375
212.0483704 27726.62890625
212.1035309 26104.564453125
213.0328979 167459.515625
213.0861816 26427.29296875
213.1598816 39335.94921875
218.0600586 45815.73046875
219.1145935 157174.59375
219.1495514 115061.640625
220.1167297 36336.203125
221.0921478 891854.1875
222.095993 253091.90625
223.1004639 32507.869140625
225.1239624 51704.04296875
226.1182251 187688.6875
227.1031189 32839.80078125
228.1343536 128184.125
229.1374054 28951.658203125
230.0596771 781371.5625
231.0625305 50798.203125
240.0983429 24970.939453125
242.1500702 159519.625
247.1083984 111003.296875
247.144516 90916.7265625
248.0697021 210982.8125
248.1094818 27171.048828125
248.1477814 27715.216796875
258.0544434 51523.7265625
259.0387878 121139.3671875
264.1331482 23758.361328125
275.1382141 30651.830078125
276.0656433 433618.28125
277.0658569 24268.048828125
284.1245117 22437.576171875
290.1149902 30896.798828125
292.1293335 605148.875
293.1331787 173950.0
294.1816406 83143.515625
295.1448975 43215.84375
307.1071777 25946.552734375
312.1786499 214001.21875
323.1379395 33665.3359375
324.1029968 37438.484375
337.1334534 26378.2734375
346.1781006 27494.1171875
351.2017517 244656.40625
352.20755 40039.42578125
361.1874084 137159.84375
362.1886292 26694.7265625
365.1284485 103902.515625
370.2109985 28644.2109375
373.1179199 112206.0859375
373.1839294 22154.283203125
381.121521 98496.1796875
384.1541138 34077.44140625
389.1830139 40288.42578125
390.1780701 29414.392578125
401.1846008 32659.349609375
410.1689148 30447.958984375
411.1951599 34113.625
440.2005615 25774.134765625
488.2086487 26740.650390625
489.2179871 27932.513671875
505.2342224 139150.359375
506.2395325 94347.2421875
507.2417297 27328.826171875
511.2330933 406674.625
512.2382813 88042.15625
524.2520752 32821.140625
526.2807617 21286.982421875
531.7393799 80032.15625
544.2846069 90671.25
552.2477417 43598.578125
565.2644653 32211.822265625
605.2285156 22607.89453125
646.7979126 27447.29296875
651.2550659 24376.880859375
668.2989502 206806.328125
669.3030396 280434.125
670.293457 41419.734375
670.3882446 35811.125
671.3135986 24886.123046875
674.2963257 339840.03125
675.3001709 145735.265625
676.2920532 44974.19921875
684.2871704 32860.890625
693.3039551 37186.14453125
779.3331909 114875.234375
780.3363037 130810.7578125
781.3283081 41893.9375
796.3598633 313984.0
797.361084 434896.78125
798.3621826 170039.8125
799.3601685 80799.84375
806.4014282 31569.765625
807.4030151 33720.23828125
837.3565063 94882.75
879.4209595 87787.90625
886.4111328 31906.4140625
894.2148438 34749.62109375
894.3823853 503919.125
895.4042358 349345.0625
896.4293823 402949.90625
897.4337769 196549.796875
898.4367065 31906.673828125
906.442627 33909.89453125
965.4185181 419291.625
966.4230957 181727.234375
967.4222412 42907.27734375
985.4880981 32532.720703125
1026.473633 28075.05078125
1031.490723 31605.9140625
1038.441406 41601.765625
1042.493042 48185.546875
1043.501953 172097.984375
1044.482178 90814.4609375
1045.472534 31044.923828125
1062.468506 364121.8125
1063.478394 192027.40625
1064.453369 94131.6640625
1083.521973 86988.53125
1114.522217 136327.125
1115.537354 46583.1484375
1154.54187 25055.349609375
