1286.62607994 2
92.03479767 62514.953125
101.0721054 28358.1328125
102.0554352 35426.3359375
103.0553589 30211.404296875
103.8370285 22478.841796875
112.3544464 22322.8515625
117.9519119 20301.220703125
120.0811005 1026839.375
121.0847702 49844.203125
126.881424 20728.119140625
129.1025085 110184.5859375
130.0866852 45898.08203125
136.0760803 95405.6875
143.1186676 27140.353515625
144.0810089 32170.861328125
147.1130829 124809.734375
152.0596008 24653.01953125
155.0819702 29737.95703125
159.0917206 28424.447265625
162.0917358 130430.859375
175.1188049 90934.921875
200.1396027 39008.1328125
201.1242523 41676.28125
207.1129761 1187102.875
208.1167908 128632.359375
213.1628876 24668.875
213.3054504 25146.462890625
217.0990448 40178.17578125
228.1332092 26916.8515625
230.0769958 30697.84375
235.1080322 254647.171875
260.1982727 142351.28125
263.1030273 55814.05859375
286.0513 23852.6953125
286.1035156 52295.75
302.3989258 24214.810546875
304.1138916 42537.71875
348.7381592 23511.328125
353.1299133 22796.923828125
377.1445313 49888.46875
410.1671448 27465.42578125
412.179657 24003.845703125
462.2349243 29693.32421875
476.2741089 119004.65625
563.3033447 221305.59375
564.3070068 42258.01953125
676.3846436 32523.89453125
686.416626 102441.6484375
790.4202881 118728.6640625
871.5267334 31309.24609375
905.4490967 116371.5703125
906.4393311 44680.9375
1052.512329 148355.296875
1053.518921 92581.4375
1097.887817 34370.15234375
1117.807983 31450.95703125
1243.381226 29007.802734375
