1033.51374296425 2
72.0816803 158609.609375
74.0608902 6728.5522460938
79.75880432 6934.9741210938
83.57588959 5663.8447265625
84.04535675 12600.712890625
84.0816803 23863.701171875
86.09725189 39437.7578125
88.04034424 5990.8090820313
92.03512573 8944.4853515625
110.0720139 8025.4609375
116.071312 6890.2583007813
129.1029205 30678.11328125
147.1127625 11721.8671875
158.0932922 6598.8979492188
171.1497192 127815.5390625
171.582489 6181.9477539063
175.1197968 49484.06640625
177.5422668 5752.6948242188
185.0929718 7507.5810546875
199.144516 31368.162109375
204.1346741 7945.4379882813
246.1565857 39211.83203125
275.1717224 11576.5498046875
277.4196167 7183.4545898438
284.0881653 8031.7504882813
295.3363037 5949.2880859375
302.1908569 7368.158203125
385.0289612 7325.11328125
411.1279297 6137.2739257813
445.2438354 7018.1557617188
647.2956543 7338.494140625
727.2088623 6196.4750976563
734.3203125 8510.8369140625
793.8104248 6867.8217773438
835.3893433 44978.1484375
836.3782349 14289.4375
928.946106 6904.9340820313
