834.47253396852 2
59.29334259 36770.35546875
60.36727142 43341.08984375
70.06597137 333820.59375
72.08164215 1197812.625
74.06111145 53028.81640625
78.90852356 36979.8984375
84.04528046 215856.609375
84.08156586 458768.6875
86.09716797 1499816.125
87.05580139 49007.37109375
87.10041046 63036.40625
89.07168579 1097120.5
101.0710678 60919.34375
101.1074142 43180.0078125
102.0556183 93864.1171875
105.0665207 60909.3984375
110.0718307 236264.09375
120.0813141 494519.4375
129.1025696 620905.625
130.0864868 316428.09375
136.0757904 370976.8125
141.1022339 89351.4453125
143.1178741 85696.3984375
147.1131439 452107.28125
155.0820313 56562.69140625
158.093277 63648.8046875
166.0500488 300414.875
172.1082001 50266.80078125
175.1187897 309824.5625
183.0764771 494982.28125
185.164856 79240.7265625
194.1667633 37893.06640625
200.1029358 444659.21875
201.1237335 284171.15625
215.1912842 42587.77734375
227.9872894 39427.671875
229.1178894 92129.1015625
233.165329 330082.09375
240.1346741 65867.3828125
247.1085358 215599.46875
255.1454926 50460.609375
257.1600342 62128.49609375
258.1448364 410099.3125
261.1593628 422113.6875
265.1179504 181561.28125
272.1732788 68492.7109375
276.1554565 371541.78125
347.1740417 55153.97265625
360.2302246 58272.515625
373.2153931 166549.21875
375.2234192 337283.5
378.4988098 42438.7578125
444.2937317 320880.6875
488.3052979 94706.9921875
543.3602295 82566.484375
635.3760376 192216.890625
