2089.00746108682 2
155.0816498 4764.7553710938
157.399292 4980.2416992188
175.1188202 14742.1064453125
200.7861023 6016.1708984375
211.1201782 5020.619140625
216.3076935 4883.1342773438
239.1136017 10565.732421875
249.0895844 4788.0810546875
257.1230469 6277.7993164063
274.1878357 44636.71484375
281.8991089 5784.1083984375
310.1489258 9791.4296875
400.1835022 9807.0302734375
453.2562561 9294.04296875
457.1477356 6988.7846679688
471.2719421 10352.7451171875
499.2698669 11674.955078125
542.310791 24162.48828125
543.3081055 6677.3217773438
570.3064575 14280.5439453125
616.741333 9059.7998046875
760.3677979 26763.802734375
760.8632813 27627.462890625
1044.582275 42103.64453125
1045.567871 30657.29296875
1046.587036 48681.10546875
1246.527466 10789.6064453125
1422.664429 30334.185546875
1423.652832 10020.470703125
1497.678589 11847.8359375
1519.717896 102015.34375
1520.717651 68657.3984375
1521.732178 35090.95703125
1558.667847 9000.3056640625
1591.740723 15217.5732421875
