1251.64625453021 3
87.05605316 37133.09375
87.10056305 39909.59375
110.0719452 75381.859375
112.0876312 26565.17578125
115.0872955 24772.650390625
116.070961 22307.5078125
120.0814285 195127.375
129.1027069 259468.03125
130.0864868 88692.8671875
130.1066895 18811.17578125
147.1127777 135574.359375
157.0969391 40351.1640625
158.0929565 42075.6953125
173.1667633 20011.8203125
175.1191254 218627.53125
176.1242218 19936.392578125
183.1130219 32805.69140625
183.1490631 89851.96875
186.1253662 22615.20703125
196.1022644 20248.91015625
201.1235962 79626.0859375
221.129425 23353.328125
229.1187592 37091.578125
233.1654205 96190.03125
245.1237488 27437.998046875
246.172226 36804.0625
262.1522217 156780.828125
285.6304932 21680.625
295.15979 42684.78125
303.234314 18546.73046875
303.6715698 42140.328125
304.164856 21874.857421875
317.2158203 24640.62890625
343.1681519 20317.294921875
374.2383118 23692.51171875
391.1938782 198081.5625
392.1990051 18968.69921875
416.2861633 41502.18359375
417.2919312 262677.4375
418.2936707 32567.939453125
488.2077026 22360.236328125
490.2628784 36334.52734375
505.2356873 196096.796875
506.2418823 37755.38671875
506.8773193 19138.763671875
536.3532715 23192.26953125
545.3305664 26186.1484375
557.2686768 38384.03515625
587.2799072 39264.58203125
604.3039551 211087.25
605.3049927 81716.6640625
606.3267212 24243.701171875
618.3189087 34120.01953125
648.3242188 34038.05859375
702.3016357 37139.0390625
719.3331909 262497.15625
720.3304443 123700.1796875
