1298.58207762932 2
91.05493927 38781.234375
98.06078339 12496.80859375
101.0714493 75930.0234375
102.0553131 82664.2109375
103.0548859 13859.4970703125
104.0534744 51024.22265625
106.0493393 10142.751953125
110.0717926 295771.8125
112.0876389 34484.90234375
113.0714874 14367.5126953125
115.0868225 19908.703125
116.0710373 19302.0234375
119.0497208 12782.896484375
120.0811539 430709.5625
120.0896759 17246.451171875
121.0846176 32324.67578125
122.7058258 9706.4599609375
125.0711212 17571.49609375
126.0552063 11553.373046875
127.0871582 35473.2265625
129.0661774 20235.365234375
129.1025238 190624.578125
129.3695374 9482.3779296875
130.0654449 36682.15625
130.086319 68843.859375
132.0812531 10351.2939453125
133.0433197 34754.00390625
136.0759125 366807.03125
137.0800476 28433.125
141.0665131 12320.1845703125
141.1026459 20783.888671875
143.0824585 11360.642578125
143.1183624 37825.31640625
145.0977173 10797.0478515625
146.0605621 17705.947265625
147.1128845 120210.8359375
155.0820007 9796.279296875
157.0976715 12023.0205078125
157.1343842 17342.123046875
158.0929108 44805.609375
159.076889 33836.0078125
159.0920715 79770.5
166.061615 19385.3203125
167.0813141 13229.1396484375
169.0974884 20556.076171875
169.1341705 13307.248046875
170.0612793 13787.6396484375
171.0768433 18863.275390625
173.0920258 20265.421875
173.1285248 33640.42578125
175.1192322 261891.453125
181.0975952 48837.37890625
183.1125031 13045.2255859375
183.149826 12434.380859375
185.1284637 19200.046875
185.1650391 104785.4140625
186.0883942 17437.41796875
187.0719757 15236.4423828125
187.0880585 35892.7734375
187.1074982 18003.185546875
187.1440735 17673.10546875
189.0871887 14202.8359375
191.1188202 36015.23046875
197.1295319 15340.279296875
199.1802368 13455.3076171875
200.1396027 19558.587890625
201.1242523 43823.91796875
202.0821381 13773.208984375
203.0666199 18307.541015625
204.1351624 12160.4482421875
205.0987701 14092.2109375
211.1076965 10096.119140625
212.1039734 18187.57421875
213.0872192 11401.9521484375
213.1597137 47113.01953125
214.4336395 9031.4765625
216.0973206 13656.3125
217.0820465 45305.32421875
217.1343384 11124.6171875
218.1497498 13587.3525390625
219.1136017 42386.0703125
219.149765 20935.318359375
223.1568451 11363.0693359375
226.0810547 13029.4091796875
226.1192322 21840.2265625
227.1753082 9096.77734375
228.1347504 13085.0537109375
230.1132202 18011.767578125
232.0765839 15882.322265625
232.111557 35797.19140625
233.1651611 14380.21484375
235.1083679 11844.7314453125
237.1230011 8309.01953125
237.1355133 9520.7724609375
240.1353607 18296.34765625
242.1502991 20789.720703125
242.1867676 9743.1572265625
244.1655121 16705.92578125
247.1444397 13655.4833984375
248.16185 15147.4404296875
249.1606445 17908.986328125
251.1026459 425731.09375
252.1066437 45256.6875
256.1472168 24411.162109375
257.1400146 16914.40625
258.1448669 14511.0751953125
260.0880737 13972.291015625
260.1974487 17885.705078125
261.1593323 16775.28125
262.1390686 31729.73046875
275.1717224 13556.69140625
277.1209717 10555.669921875
277.1550598 17545.35546875
279.0975952 243323.390625
280.1005859 37783.015625
284.13797 17486.607421875
285.1355591 46659.86328125
286.1557312 14560.763671875
288.2038269 33571.98828125
290.1472473 96607.828125
292.1294861 48372.0859375
304.1670227 10837.3388671875
313.1877441 12462.8271484375
315.166626 10943.126953125
317.1637268 16320.75390625
325.1858826 13246.8994140625
327.2029114 9638.8671875
335.1402588 57872.37109375
337.1523132 9796.28125
338.1461487 12267.1552734375
345.1559753 13110.55078125
348.1578369 12422.4150390625
350.1351929 206746.0625
351.1376038 35509.44921875
352.1631775 96829.1953125
352.6626282 15902.791015625
384.2028809 43568.57421875
396.1654358 14423.091796875
401.6972046 10872.0927734375
402.1962891 13920.0732421875
405.2115479 12294.58984375
419.1856384 33905.7265625
433.2063904 11301.7919921875
451.235199 10117.318359375
452.2309875 13827.3349609375
497.2019653 11496.7314453125
510.7460022 14561.0107421875
529.2086792 17786.1015625
565.2965698 13017.6552734375
566.2545776 116136.671875
567.2663574 31851.849609375
632.3144531 37794.44140625
650.3850708 12749.4853515625
655.4123535 66072.6875
656.4103394 15035.1005859375
686.284668 14375.169921875
694.3343506 11258.1220703125
703.3168945 184241.59375
704.3156738 72213.6328125
705.333252 19746.19921875
732.4036255 13611.7314453125
745.390564 11899.9111328125
752.3898926 17154.04296875
793.4084473 15404.3193359375
794.4008789 15863.345703125
802.3783569 90224.1015625
803.3898315 65018.6875
804.3858643 15184.9677734375
824.454834 11238.3671875
850.428833 21850.439453125
905.4393311 14707.8662109375
921.4755859 13342.01171875
942.5379639 13569.7314453125
943.5378418 10724.0439453125
949.4660645 62713.10546875
950.4517212 54893.0859375
963.4949341 19065.880859375
1020.475403 53115.95703125
1021.472229 38884.73046875
1085.539917 15222.9326171875
