913.417161039058 2
64.78244019 15910.7509765625
70.06597137 290992.0625
72.08161926 199721.328125
76.43149567 16438.95703125
83.06101227 32919.60546875
83.22119141 18189.64453125
84.04514313 211532.96875
84.08143616 162936.40625
86.09732056 294923.71875
91.05509186 25652.77734375
101.0715866 39515.75390625
102.0555191 77306.8515625
104.0535583 27146.865234375
110.0718918 116080.78125
115.086586 20778.234375
120.0812759 86239.0546875
129.066864 27177.037109375
129.1023102 111421.9296875
130.0867767 75728.375
130.6818085 18726.12109375
136.076004 713418.0
136.0867462 22719.515625
137.0792542 31962.25
140.0822449 86985.3203125
141.0655212 45243.04296875
147.1129761 107100.53125
158.0928497 77163.421875
168.0768127 192949.9375
169.0604553 32697.720703125
172.47052 19104.908203125
175.119339 203033.234375
177.103653 20073.724609375
183.1136017 27549.44140625
185.1646881 24465.15234375
186.0878601 34458.69921875
187.0714264 40066.421875
200.13974 40404.54296875
201.1238403 24575.130859375
212.9563751 23479.37109375
221.0922394 20045.580078125
229.9788208 20303.8671875
288.2028809 32262.1328125
303.144989 21478.884765625
304.1282959 63581.9375
331.1398926 21212.77734375
332.1237793 28902.748046875
379.2099304 129129.28125
380.2103271 35576.21484375
448.2080078 91181.921875
448.7116699 42104.33203125
458.3022766 21699.83984375
508.2521057 28220.9296875
537.3317261 21842.681640625
565.2746582 239064.609375
566.2747192 43152.34765625
613.2597046 21053.65625
681.0999146 20181.7265625
728.3345947 77407.4921875
