1578.66467318367 2
129.0657654 10504.4765625
129.1020966 84497.2734375
130.0863342 33138.0625
133.0424042 11405.1142578125
133.7496643 10026.85546875
136.0756836 23093.04296875
145.5167542 13186.2265625
147.1122894 93088.796875
147.1215363 8942.564453125
155.0817566 117543.015625
158.0564117 18301.015625
169.1334686 16648.921875
171.1123657 17026.37890625
172.071579 15478.9892578125
173.0922852 349662.9375
175.1201324 12376.6103515625
187.1075745 38221.3671875
197.1526337 13293.7470703125
199.0713806 34429.0234375
199.1078033 26626.701171875
201.0874481 337387.40625
201.1043243 29151.890625
202.0899811 16210.0732421875
213.0869293 14787.68359375
214.1180115 16210.66015625
215.1026001 68980.765625
216.0954895 18395.8828125
217.0822449 15793.6572265625
217.1353607 13713.9140625
227.066803 59332.78125
227.1024017 95249.4609375
227.1389923 23851.8359375
229.1184998 26180.18359375
230.1165161 15389.22265625
241.0828705 66292.3671875
244.7943573 13341.625
245.0769806 158565.53125
246.1270142 63765.7734375
248.1604462 19429.57421875
255.1339111 28997.46875
258.1451111 62887.79296875
259.093689 20992.3671875
261.0906677 24946.796875
274.1221619 58397.1328125
276.1565247 28455.55859375
284.1236267 27509.005859375
290.0829163 20984.185546875
296.124939 73036.5703125
298.1404114 37054.3125
302.1370239 15409.125
303.1326904 17036.837890625
312.1191101 16210.875
326.1353149 71435.8046875
330.1307983 85901.4765625
335.1380615 18348.8046875
338.1350403 62434.328125
344.1453247 65663.3984375
345.2140503 61937.609375
346.2162476 101170.765625
347.2197876 93536.5078125
355.1617737 22819.30078125
356.10849 84570.1875
357.1122131 16369.201171875
359.1372986 23233.994140625
374.1208801 103733.7109375
387.1333618 290395.9375
388.1393127 66143.78125
398.1686401 73187.46875
405.1641846 28315.40234375
407.1999817 120166.625
409.2119141 59627.046875
415.1809082 23471.7109375
416.1795349 72961.453125
427.1884766 21474.9921875
445.1544189 116335.1796875
453.7105408 28953.927734375
461.2433472 19745.115234375
470.1748962 18361.5234375
472.2253113 33259.5390625
484.2763672 18509.009765625
492.2425232 18353.103515625
498.1653748 78181.71875
500.2176514 143820.625
501.2212524 27529.203125
516.2313232 55985.19921875
520.284729 28370.080078125
521.2850342 21944.2421875
529.2641602 37028.9921875
530.2614136 29778.103515625
583.263916 18908.21484375
611.2561646 28916.171875
631.2641602 55687.359375
680.3087158 118425.9375
681.3140259 28579.1015625
745.4380493 71667.8671875
746.4446411 26709.009765625
760.3069458 64223.20703125
768.6286621 19795.19140625
771.4207153 95216.15625
772.4303589 21918.416015625
779.8431396 19114.130859375
788.4488525 150363.546875
789.4620361 135832.546875
790.4490967 34660.9765625
809.3589478 27534.55859375
906.4060669 557649.3125
907.4160156 262501.90625
908.4048462 124723.71875
1017.435669 129355.234375
1018.431396 29214.78515625
1035.449341 112477.0625
1036.44873 34030.21484375
1134.509888 29176.177734375
1249.541748 28083.28515625
