1093.57283985506 2
84.04504395 198684.640625
84.081604 169120.234375
86.09712982 1172878.25
87.05599976 24895.767578125
87.10020447 37037.6875
90.74588013 22956.328125
93.07064819 25793.072265625
97.29504395 21015.931640625
101.0713425 87677.359375
102.0556793 103202.03125
104.0534592 89054.046875
110.0717392 178574.859375
112.0871735 28670.40234375
115.0875473 35473.9296875
116.0709839 37238.1640625
120.0810623 746065.8125
121.0850143 31575.115234375
129.1025085 153878.875
130.0866089 40147.765625
131.0814667 49100.63671875
133.0441132 27361.099609375
136.0759735 146615.234375
143.1185303 28223.529296875
147.1125793 88937.890625
157.1345062 47118.54296875
158.0930023 55874.4375
171.1492157 787009.1875
172.1523285 111797.8984375
173.1287994 31267.74609375
175.1195068 391417.4375
176.1235657 28102.541015625
183.1135559 23815.53125
183.1495514 101661.21875
185.1651764 99076.7578125
187.1069794 34134.47265625
187.1446686 45747.60546875
197.1289063 28332.818359375
199.1441498 477676.46875
200.1464539 27353.474609375
201.1233215 80779.078125
205.1004791 25473.306640625
213.1607971 34771.54296875
218.1495209 31859.521484375
227.1764679 35507.734375
229.118454 37096.0625
233.0953979 31201.0859375
233.1282654 43805.74609375
233.1651154 123815.796875
246.1269531 121220.0625
246.1563263 182881.265625
249.1240997 46318.4921875
258.1477051 23232.923828125
261.0913696 24896.34375
261.1605835 56088.16015625
277.1182556 101054.7578125
288.2030945 33723.96875
315.1737061 24041.771484375
331.2100525 27121.287109375
338.6147461 23582.103515625
359.157074 28227.7421875
390.2012024 45013.015625
459.2655029 35861.19140625
478.2698364 29898.03515625
479.2657471 43654.66015625
506.2408447 184354.875
547.2973022 97299.8359375
587.3253174 24665.681640625
635.2783203 201937.421875
636.28479 39042.5234375
732.3820801 94482.8984375
753.4629517 39737.50390625
782.3493652 379606.34375
783.3471069 95666.96875
895.4279785 294034.3125
896.4349976 211846.015625
909.0005493 26521.748046875
994.505188 37771.203125
