1615.84065740399 2
114.4200668 7309.1279296875
115.0864105 19068.6484375
116.0707626 12209.9921875
119.0489502 11704.4794921875
120.0811462 200396.8125
121.0839691 12559.48046875
127.0866394 25006.556640625
129.0660553 10599.83984375
129.1023407 25060.21484375
133.0430908 11305.60546875
133.307373 7660.595703125
136.0663757 12403.4306640625
136.0757904 219973.3125
137.0786591 11799.1943359375
140.0812378 12203.806640625
141.1022491 17810.3671875
145.0959778 8780.6005859375
153.06604 27225.90625
153.6707306 8607.21875
155.0708008 12765.6025390625
155.0814514 193756.78125
155.7496338 8380.544921875
157.1232605 11328.587890625
157.1336212 141511.4375
158.0924683 51335.90625
165.1022186 9843.48828125
167.0814667 11281.5439453125
169.097168 51741.3359375
169.120224 15420.5576171875
169.1337433 357634.53125
171.0761871 16846.005859375
172.0697327 8531.4443359375
173.0908966 9457.7255859375
175.1048889 16452.87890625
175.119278 304418.1875
176.1214752 9253.5517578125
177.1025848 13224.080078125
181.0971985 21177.69140625
184.071579 12192.9140625
185.1286163 83549.46875
185.1648712 29527.755859375
197.1291504 95341.265625
199.1802368 117400.1484375
199.6266785 10791.8056640625
200.1396637 23119.0625
201.1230774 12157.3017578125
202.0821991 29685.658203125
207.113266 18189.009765625
209.8590698 11208.3642578125
210.087616 247598.78125
211.0901337 16866.666015625
211.1079865 13346.2099609375
213.1599884 70014.6796875
214.0873871 18634.533203125
216.098877 9925.763671875
224.1018219 21483.470703125
226.1186523 28463.951171875
227.1753235 16512.501953125
228.0981598 305131.46875
228.133255 90553.203125
229.1003265 25147.83984375
242.1143646 25023.166015625
243.1088562 21811.533203125
244.1670685 11886.435546875
245.1251831 11188.1513671875
246.1085968 47674.24609375
251.1012878 19220.876953125
253.130722 24712.259765625
254.1144562 20239.736328125
254.1499023 57825.77734375
255.1450195 17746.08984375
259.1392517 17282.75390625
266.1505432 16198.1591796875
271.1393127 17486.474609375
272.171936 904494.375
273.1745605 82210.4765625
274.1560059 18018.1875
276.1676025 27018.30078125
281.1260071 14521.373046875
282.1471558 16307.71875
294.1820068 19546.828125
297.1566467 32296.41796875
299.1345215 125637.640625
302.1496277 104414.0234375
303.1546326 20736.583984375
304.1294556 13972.30859375
304.1622314 31477.337890625
311.1721802 15856.9375
312.2304993 22303.6328125
315.164093 18622.1796875
317.1457825 23334.44921875
340.1634521 15063.5986328125
341.2193298 28486.435546875
346.1764221 14199.8994140625
368.192749 17559.771484375
370.1748962 14343.55859375
371.1913147 16021.2314453125
380.1632996 18765.466796875
384.1856079 16187.7236328125
385.1887207 51581.42578125
386.1972961 20691.54296875
390.1786804 17947.302734375
403.2310486 49107.05859375
408.2281799 16562.16015625
411.2383423 27931.66015625
423.2347107 183633.296875
434.2167969 14895.8603515625
439.2290039 26016.046875
440.2843018 26873.240234375
449.1845703 52928.71875
497.2739868 13870.869140625
537.2797852 19536.84375
538.2647705 17048.630859375
547.2318726 22049.328125
558.3068237 31663.16796875
586.2994995 30514.2421875
595.2852783 26530.95703125
614.7671509 21998.771484375
650.3580933 77630.3359375
650.8659668 29681.47265625
652.3060303 186652.125
653.3022461 29939.255859375
654.2996826 19961.353515625
662.7941895 238320.625
663.2941284 121154.4921875
663.7963867 81958.578125
664.2912598 15328.017578125
694.7915649 283082.4375
695.2915649 219505.875
695.7904663 122422.765625
696.2928467 52665.6484375
697.3927612 25973.27734375
714.4151611 324303.125
715.4204102 126120.7265625
727.3981934 17005.779296875
763.3399658 52599.18359375
780.3676147 80586.15625
807.4433594 27062.890625
861.4818115 109643.5390625
862.4857178 103325.28125
875.4068604 68067.3203125
932.520874 58291.85546875
940.3969116 198637.046875
941.3927002 88645.03125
947.4747925 21081.328125
989.5448608 83130.5703125
990.5487061 61146.52734375
1001.543518 50754.109375
1023.421448 90063.25
1024.447021 63233.3203125
1035.434814 111722.0234375
1036.440796 22474.677734375
1046.569702 198897.65625
1047.567383 90633.4296875
1048.571777 19836.4140625
1086.581299 21664.857421875
1087.416748 29676.619140625
1100.599731 53642.9453125
1101.615723 46861.921875
1103.584473 743639.0625
1103.814819 28967.970703125
1104.586182 454626.75
1105.591675 111896.1484375
1170.505371 51824.3828125
1202.659058 164357.09375
1203.656616 81492.2578125
1204.661255 57416.3203125
1227.532471 103826.4765625
1228.534668 87582.6015625
1229.508301 28797.767578125
1269.541138 72314.9375
1270.542847 20817.2890625
1281.691895 23861.490234375
1282.672363 18173.724609375
1291.514404 27689.861328125
1299.708862 605972.6875
1300.709839 431074.625
1301.712402 168817.75
1324.57251 155229.984375
1325.587646 126830.65625
1326.582153 69248.609375
1388.549072 24533.970703125
1389.560303 54823.4609375
1432.576782 23103.75
