1302.56790174967 2
97.49029541 2415.6572265625
101.071373 5493.9799804688
102.0555649 2491.4250488281
110.071785 25239.873046875
117.4315033 2243.8598632813
129.102478 13509.001953125
130.0868835 3036.1142578125
136.076004 15219.2333984375
147.1128387 3465.2614746094
155.0811462 2927.7690429688
156.0759125 2289.3142089844
158.0930939 3795.11328125
166.0617828 3094.9348144531
175.1190186 20602.837890625
176.0814972 4747.4604492188
186.0893707 2879.0698242188
187.1443939 10071.51171875
215.1393433 4974.8857421875
221.1036377 26005.2109375
230.1130371 5101.4252929688
231.0978241 3492.8449707031
249.0981903 37722.0546875
250.0803986 3634.0258789063
252.1083527 5020.212890625
266.1262207 5052.779296875
267.1091614 52522.73828125
268.112854 4346.126953125
293.1130981 3556.2736816406
297.1184082 2372.8168945313
304.1614075 10379.8955078125
311.7368164 2613.7387695313
363.1407471 16922.849609375
367.1984253 2915.2817382813
381.1517639 15627.84765625
381.5202332 2580.0725097656
608.3049927 2486.8937988281
651.3201294 18888.390625
652.3289795 12663.9833984375
723.3840332 4938.9658203125
724.3200684 3942.1015625
785.8514404 2393.9670410156
825.3660278 4421.412109375
905.4249878 3059.3400878906
922.2816162 2799.30859375
922.4263916 51248.453125
923.4243164 26558.119140625
924.4208984 5498.12890625
1036.477539 25691.6796875
1037.457031 14900.8359375
1176.477661 2948.9106445313
1188.082153 2686.0212402344
1284.009399 2824.3718261719
