1491.73027532052 3
110.0717392 1069267.875
120.0805054 130973.8046875
125.1079407 151294.09375
129.0670013 107660.6875
129.1026154 999514.875
130.0864868 633191.8125
133.0432281 558547.0625
133.0607758 188678.09375
136.0754852 145543.0625
141.1021576 113376.640625
142.1231232 645609.75
147.1130829 468424.3125
152.1074829 401724.84375
160.0433655 107967.5234375
169.0973816 163499.203125
169.1340942 137347.515625
171.0760956 114423.1953125
185.1654053 108963.578125
187.144577 782307.3125
189.0865936 134175.984375
197.1298218 196308.75
201.1234283 145699.015625
209.1401062 570583.3125
213.1609497 111810.578125
215.1399689 661515.375
216.1352997 151184.53125
232.1118622 154576.5625
234.1448822 926969.1875
237.1351166 226940.359375
243.1337891 171136.703125
244.1652527 119619.3203125
254.0306396 124519.328125
255.0349731 384050.34375
256.0293274 118161.1640625
256.1298828 105973.328125
272.1317139 108916.296875
276.0647583 200151.921875
286.1020813 184566.0
305.1846619 136099.359375
307.1466064 103071.9375
375.1318359 156904.1875
377.1113892 202765.859375
384.215271 143048.78125
385.1733398 153800.53125
402.2346802 1402693.0
403.237854 407592.25
441.2227478 115017.765625
452.2408752 135339.453125
502.2402344 185254.984375
522.2893066 124431.6640625
536.2138672 127238.171875
537.2174072 119000.3828125
547.3071899 123014.71875
650.303833 104034.6796875
673.3591919 105363.9296875
690.333313 159280.484375
759.4625854 171549.53125
761.3396606 381854.5
775.3671265 112810.59375
804.3919067 339553.1875
876.3652954 525541.5
877.3674927 221858.046875
878.3667603 195321.125
885.4522095 113919.4921875
903.473877 641442.6875
904.4707642 354030.21875
977.4118042 499724.8125
1002.532104 203355.78125
1003.529053 154169.328125
1162.559082 126249.4609375
