2750.28996680939 3
197.1287079 38274.0
199.1792755 21234.611328125
201.0868988 109941.203125
211.1439972 89720.1015625
212.1029205 19062.236328125
213.4241028 15758.640625
215.1391449 43541.2734375
216.0980988 45518.31640625
225.1234283 24688.033203125
226.0825653 29403.73828125
230.0590363 106090.21875
232.0744781 19184.5859375
237.1232605 33942.44921875
240.1350403 30092.1953125
243.108551 38889.9609375
245.0766907 48835.3515625
246.1813812 133406.734375
247.074295 20711.57421875
248.069458 31930.345703125
248.161087 104388.421875
259.0362244 24666.349609375
265.4707336 15467.4052734375
267.1097717 38137.9140625
276.0651245 326883.84375
277.0676575 37444.78515625
277.1181335 40291.94140625
280.1110229 111133.3828125
283.1410522 115869.1875
285.156189 28110.41796875
287.1348877 138199.78125
300.1651611 48291.81640625
308.1069031 46989.66796875
308.1603394 21836.88671875
312.1540222 27619.01953125
323.1716919 33636.1640625
326.1723938 34303.57421875
327.2049866 29878.1640625
329.1802368 27899.595703125
344.1418762 20726.0625
347.2292175 93310.71875
354.1565247 82512.96875
363.2010498 18696.4609375
372.1662903 160634.828125
374.1496582 21451.01953125
377.1546631 27180.580078125
377.2236328 84444.28125
385.2097778 24174.509765625
394.1696167 30441.478515625
395.1679077 80926.2421875
411.1373901 24789.392578125
411.1996765 146647.515625
427.184845 26176.98828125
428.2882996 94587.3515625
428.4382935 21500.59375
437.1497803 22337.53125
438.6510315 22319.5703125
439.1278687 225541.875
440.1333008 49315.5
440.2148743 23986.5234375
473.2174683 34293.7890625
474.2218933 25649.04296875
482.2554626 21469.466796875
484.2785034 40919.8828125
487.2767944 23443.275390625
488.2572021 47229.91015625
501.2095947 155167.640625
505.2118225 22494.01953125
505.2841797 83817.2734375
511.2608948 27195.203125
514.2474976 30445.9453125
522.2299805 71870.3515625
525.2158203 41280.99609375
542.2365723 144296.0625
557.3673706 141811.453125
558.3706665 39287.84765625
565.2805176 27240.1328125
600.3048706 39042.921875
619.3240356 126538.5703125
624.28125 73705.2421875
629.2667847 192261.5625
630.2749023 41741.015625
641.31427 109247.046875
662.8287964 42989.1484375
671.8354492 39745.484375
690.3665161 28319.04296875
742.3496094 250839.734375
743.3560791 78728.3671875
764.37854 45148.1328125
764.8869629 35620.6015625
765.3886108 36221.3046875
769.3569946 25315.224609375
770.3776855 84258.2265625
787.4128418 866843.0625
788.4171143 300354.875
789.4171753 102419.7109375
797.3776855 37845.39453125
811.3729248 214946.59375
812.3782959 78318.328125
829.3824463 174083.765625
830.3838501 122571.7109375
874.5030518 103814.2109375
875.5111084 32744.03125
882.4337158 29011.3046875
898.4501953 147966.984375
899.4489746 49844.7265625
900.4799805 157146.578125
901.4961548 33877.61328125
910.4417114 309151.96875
911.4445801 134029.59375
916.4510498 284821.375
916.9428101 47548.484375
917.5227051 284459.0
917.9337158 32467.83984375
918.5344238 158578.890625
928.4464111 114040.4453125
929.449646 36885.82421875
981.4697266 28111.703125
999.4867554 264614.09375
1000.488342 121733.8046875
1014.550293 36271.21875
1063.522705 193668.203125
1064.531372 97963.4140625
1065.522949 42477.16015625
1088.545044 33812.76171875
1090.03064 32109.212890625
1101.497437 34652.60546875
1110.516479 34074.734375
1128.532104 480289.28125
1129.541626 242125.859375
1143.643799 30935.271484375
1156.567261 33236.29296875
1160.598999 36748.00390625
1199.669678 80704.078125
1223.562378 182557.84375
1224.562256 101204.1796875
1225.558472 73404.65625
1237.594482 34691.52734375
1241.616089 93479.9453125
1242.640747 83551.8984375
1253.581177 29094.767578125
1294.598999 113659.8359375
1295.605713 90060.328125
1325.653931 41823.12109375
1409.625122 49076.69921875
1509.686646 31764.0859375
1510.669556 66813.4296875
