1609.79870178332 3
113.6764908 5352.0981445313
119.0489426 10090.5791015625
120.0811844 88284.4296875
128.8475647 5677.9697265625
129.1025085 77514.9140625
130.0860138 18370.150390625
135.638031 5816.5366210938
136.0665894 9275.58203125
136.075943 197296.046875
137.0790863 17091.310546875
138.0904236 7849.1630859375
147.112915 74577.140625
157.0969391 8626.1103515625
183.1140289 10911.6669921875
183.1495209 185753.0625
184.1516571 13210.451171875
185.3829193 7368.3364257813
193.0970764 60345.8671875
194.1008301 11171.3310546875
201.123703 174082.65625
202.1261444 13384.048828125
210.0787201 10052.9248046875
211.1443329 186831.90625
212.1476898 12065.279296875
215.1395569 9132.1484375
221.0919495 23005.0390625
227.0652924 12569.4033203125
229.0991364 16789.37109375
229.1186218 48375.6328125
233.1658325 11981.982421875
240.1366882 8159.4858398438
243.1347809 14597.4912109375
245.0770569 65275.8984375
248.1609802 14975.9033203125
249.1243286 15123.2158203125
249.1595154 9540.8466796875
258.1452942 60976.71875
261.1601868 16128.2509765625
263.1391602 51241.390625
264.1437683 18230.529296875
265.1187134 53231.171875
272.9375916 11964.7587890625
276.15625 44272.734375
277.121582 32942.55078125
277.1576843 12431.6689453125
293.1136475 44035.01953125
317.1854248 75311.109375
317.6871338 14290.1162109375
347.161438 10501.4072265625
356.1110535 18311.3515625
358.1626282 39904.5390625
358.213501 65963.7421875
360.10495 10489.8544921875
374.2089539 13182.5087890625
392.184021 18602.421875
408.1413574 51327.41796875
412.7764282 10821.84375
423.2252502 157352.953125
424.2281799 49609.08203125
459.262207 12500.955078125
471.1377869 11056.6826171875
487.2567139 65992.359375
488.2614746 16217.6943359375
521.2248535 20780.984375
536.3113403 61936.9921875
537.3161011 12430.8369140625
633.3618164 312047.9375
634.3613892 99287.6953125
635.3723145 41238.6640625
643.3903198 14569.544921875
690.4108276 11237.578125
747.2896729 14039.1875
763.5864868 11863.740234375
765.3046265 31423.828125
772.4331055 39646.85546875
919.5039673 20645.875
