1337.65464843753 2
102.0554352 98821.9921875
110.0719604 117842.4453125
120.0809326 55329.92578125
129.1022491 208699.140625
131.1181641 275110.1875
136.0758209 214169.203125
147.1132813 62518.75390625
178.0535278 67354.4140625
185.0561066 53857.0234375
199.0726929 52252.46875
204.1343384 104290.8671875
207.1130676 59533.3359375
246.1274109 90697.5625
249.1603546 84866.8984375
257.0952148 102996.171875
274.1209717 204819.296875
276.0640259 117648.65625
301.1860352 102761.7734375
321.1349182 56712.1015625
328.1139221 106061.375
346.1263123 68511.21875
346.1725769 48973.44140625
363.0945435 62367.41015625
389.1513062 49804.9921875
457.2871399 113960.421875
570.3693237 114476.8515625
613.8041992 52963.95703125
648.2929688 65861.796875
669.3287964 102395.2578125
676.3223267 120431.6640625
699.4133301 121013.3671875
747.3652954 76201.3125
764.3666992 73656.296875
862.4675293 94898.6796875
863.4741211 80574.1796875
936.4293213 109939.84375
949.5023193 293598.6875
950.4921265 102392.8125
1047.51001 64523.72265625
1064.532715 352234.28125
1065.536987 193836.40625
1224.576904 79804.671875
