1283.75740988921 2
101.0717697 65460.0390625
101.1080933 19032.46875
102.0556488 61504.5390625
104.0529404 10589.724609375
110.0719604 104009.453125
111.0916595 11607.2373046875
112.0875626 10829.001953125
113.0711365 23570.822265625
115.0869598 51940.40234375
116.0711288 39608.6328125
120.0811996 133755.203125
129.0658264 52665.703125
129.1025238 493286.875
130.0867462 82138.5546875
130.1061707 18574.689453125
136.0759888 66331.8984375
138.51297 9955.08203125
147.1131897 124862.765625
155.0817413 21132.927734375
157.133667 10503.431640625
158.0927734 45130.68359375
159.0772095 14215.123046875
167.0822296 11341.4091796875
169.1331024 16140.0126953125
171.1496124 11341.41015625
173.0910645 10758.0205078125
173.1291046 16523.6171875
175.1193237 217654.21875
176.1224518 11839.896484375
178.0532837 22947.87109375
183.1495972 19896.435546875
185.0934143 11510.9052734375
185.1650848 47532.43359375
190.0979462 13174.05078125
191.6747131 12383.3173828125
195.0883636 12932.962890625
196.1450195 59783.421875
197.1290283 98065.5625
197.1651306 46627.28125
199.1815643 26781.001953125
201.1247253 24484.9375
204.1348419 10832.865234375
213.0866699 14514.56640625
213.1599884 48260.8671875
214.1559753 25453.529296875
215.1413727 12882.3486328125
224.1390381 14750.0087890625
224.1765442 25322.00390625
225.1225586 22157.03125
226.1192017 103859.078125
226.4021606 12438.7734375
228.1335297 19394.4140625
229.1188965 24316.81640625
235.1175385 12358.4091796875
240.098175 47307.55078125
242.1140137 19781.65625
242.1506805 15032.0654296875
242.1852417 15367.0302734375
246.1804657 13040.1025390625
258.1094971 25053.751953125
260.1970215 41358.296875
267.1472778 14900.2412109375
272.1722412 262848.53125
273.1745605 14624.9423828125
288.2033691 129035.1796875
305.1612549 24719.509765625
323.2438354 19875.982421875
324.2831116 12978.501953125
326.1743469 13956.12890625
341.2575989 13893.6357421875
354.1655273 15249.1279296875
355.1611328 142919.375
356.1619568 22554.33203125
371.2308655 15795.1259765625
389.2409363 15989.3916015625
401.2867737 23898.517578125
444.2483521 17710.154296875
468.2446594 62258.203125
469.2557373 99383.9921875
470.2588196 14603.501953125
579.3200073 13350.8583984375
597.3188477 13984.1904296875
614.3529663 211382.578125
615.3510742 59962.76953125
616.3446655 14940.0048828125
634.333252 42732.125
641.3069458 192945.578125
642.3060303 23512.07421875
642.8884888 17194.490234375
659.373291 17158.091796875
670.4142456 21955.318359375
787.4249878 24268.419921875
814.4595947 47583.46875
815.4623413 20403.15625
898.4501953 23980.1171875
915.4769287 24269.271484375
936.0968628 14442.13671875
943.5039063 35741.32421875
944.5061646 22606.22265625
1042.567627 66627.625
1043.56897 48389.234375
1044.522217 51242.26953125
1155.644409 22080.740234375
