1384.65319832641 2
101.0714493 13198.6357421875
102.0553436 4295.5249023438
104.0533981 25535.4921875
108.3756714 2038.6373291016
110.0716019 44688.55859375
120.0810928 2701.6694335938
129.0665131 2710.0295410156
129.1023102 42296.0859375
130.0865021 22014.224609375
136.0756378 10880.0205078125
138.7219391 2463.6025390625
147.1126404 27527.22265625
170.0622711 3009.7421875
175.1191864 13950.7998046875
178.0530853 2645.0319824219
183.1127625 2307.1657714844
188.07341 9939.7998046875
201.1226807 32505.19140625
202.1268768 2868.771484375
211.1069031 2908.6008300781
215.1392975 3644.5500488281
226.1165161 2670.7380371094
228.1339569 3508.82421875
233.0955048 27415.25
239.1507568 8088.3095703125
240.134079 13765.32421875
241.0846558 3237.0737304688
243.1094666 3712.259765625
251.1498566 4222.7426757813
252.1079559 12415.55859375
257.1607666 19075.82421875
258.1438599 30263.056640625
259.0918274 3962.2978515625
261.090332 41051.79296875
262.1382751 4566.3784179688
263.1436768 2391.8837890625
275.1712341 14905.7509765625
300.1548157 3933.1176757813
303.2157288 2783.6000976563
315.2021179 4772.673828125
338.6080627 2826.2661132813
346.206543 2794.8413085938
357.1778259 2510.2958984375
365.1924744 2274.8413085938
372.1513672 5008.294921875
372.221405 3705.220703125
374.2390747 10185.2431640625
379.1229553 3180.5515136719
390.1328735 24450.970703125
391.134491 3595.8225097656
441.723175 12103.8369140625
462.2337646 3710.1604003906
470.7512817 4387.7216796875
498.2651672 5373.8422851563
509.2093506 11368.087890625
535.2857666 12016.181640625
553.3521118 3064.5456542969
562.7904053 3114.7963867188
578.7854004 5267.109375
608.2788086 4599.314453125
614.3099365 3433.8088378906
622.2806396 2918.6235351563
629.3537598 4793.5981445313
631.3370972 2868.0229492188
640.2739868 5179.099609375
650.3115234 9742.0673828125
676.2942505 3519.8488769531
692.3236084 15662.556640625
692.8303833 10138.224609375
693.3649292 53584.6015625
694.3171387 3541.5747070313
728.3618164 3291.8049316406
736.3196411 2559.7751464844
745.392334 16834.013671875
746.3846436 3309.8193359375
751.3401489 3554.7199707031
754.3168945 9095.9072265625
882.447937 17170.6171875
883.4443359 3532.1083984375
1011.404846 15036.408203125
1012.398621 10240.673828125
1055.511719 3419.9636230469
1110.465942 3175.048828125
1156.569458 5016.73046875
1157.545776 3395.6372070313
1279.608276 2981.0612792969
