1952.91587798426 2
136.0752716 9241.9794921875
158.7129669 4876.181640625
164.9918213 6546.232421875
175.1179352 11845.4423828125
191.1184387 10017.005859375
219.1127777 15739.8056640625
226.1175842 7884.7358398438
288.2026672 10873.3564453125
325.1872559 11712.6103515625
343.2130737 9001.9521484375
352.1057739 7501.7436523438
578.3327026 14692.9248046875
583.3632813 9900.9990234375
612.3834229 329146.125
613.3853149 123527.1953125
614.3869629 8285.244140625
976.4733276 14900.73828125
976.9487915 16021.435546875
977.4890137 18054.453125
977.9564209 12328.9521484375
984.4968262 146625.15625
985.4989624 98336.1171875
986.4988403 14811.5693359375
1112.588013 34933.671875
1113.557861 12605.005859375
1185.554565 10089.5859375
1332.672363 14458.63671875
1341.544312 17602.369140625
