2572.15769074811 3
183.149353 17237.37890625
185.1283569 7864.2236328125
189.0702972 7721.275390625
197.1278229 8135.0986328125
198.0879211 9921.9111328125
199.0705566 8054.4267578125
199.1074371 9128.65234375
201.1233826 9405.9814453125
202.0845947 6800.7939453125
203.1210938 63031.23828125
211.1429749 9105.298828125
212.1027069 7838.8994140625
216.0991516 6581.5830078125
217.1342468 111387.78125
218.1375122 10788.26953125
221.1285858 14228.3984375
225.0991364 8738.4990234375
227.102951 9839.52734375
228.1345215 8823.0380859375
231.1157379 10410.654296875
232.0759583 8380.8828125
233.1651306 21876.923828125
235.1060791 8485.6025390625
244.1652374 11696.6123046875
245.1287231 48885.23828125
246.0911407 16813.1953125
246.1283875 15555.47265625
249.1590118 9122.87890625
260.1034851 78441.671875
261.1601257 20827.36328125
274.1207275 13672.015625
275.0803223 14745.1162109375
278.1134949 16321.7236328125
283.1437073 14591.982421875
301.131073 11984.845703125
310.1761169 10656.3955078125
311.1369934 9120.0390625
325.1859131 9594.8037109375
332.1609192 45734.9609375
356.1473083 16306.8330078125
360.2278748 11304.484375
375.1362305 11041.1513671875
376.1279602 10862.0283203125
415.1973877 17022.3828125
424.2188416 15412.5498046875
426.1676636 9204.3525390625
431.1812134 11520.2431640625
440.2893982 12874.3623046875
477.2227783 12688.5126953125
497.2827759 15606.6552734375
504.2483215 20161.033203125
535.2542114 21268.927734375
552.2827148 19111.37109375
586.3148193 16815.40625
601.2729492 9954.771484375
604.6550293 9821.2822265625
627.7824707 13839.6884765625
669.7530518 11956.146484375
689.3377686 14117.18359375
690.3421631 13746.12890625
717.4151611 16682.43359375
732.3473511 14838.73046875
776.3709717 53121.875
777.3811646 17594.12109375
786.4213257 17140.69921875
816.4795532 41026.7109375
843.3446655 12452.4208984375
858.4912109 33072.078125
859.4920044 77703.1875
861.3583374 17007.44140625
873.4741821 17404.767578125
884.418396 14311.1611328125
905.4165649 45133.5
906.4300537 13844.306640625
908.3777466 41911.04296875
909.3896484 12628.3203125
924.4829102 36641.453125
991.506897 13602.8271484375
1002.503723 36074.34375
1007.441956 13611.576171875
1052.489258 37949.9765625
1084.505127 35402.11328125
1115.59021 41790.59375
1166.506958 13009.2353515625
1171.617798 98629.265625
1172.629883 58494.87890625
1209.510986 43378.671875
1210.521729 38693.9765625
1236.49646 14961.18359375
1244.542603 13763.0400390625
1253.563843 55023.82421875
1254.561035 38043.2265625
1446.651489 15143.033203125
1463.692505 84932.9765625
1464.704834 67167.515625
1465.694946 19251.50390625
2575.210205 13134.7802734375
