897.413182039978 2
70.06599426 365760.84375
72.08156586 323902.125
79.02532959 34677.4765625
84.04499054 80576.1171875
84.08151245 94793.8671875
86.09223175 46749.87890625
86.09716034 718346.6875
102.0555267 67065.78125
103.1657257 37834.10546875
104.0463943 38828.57421875
104.0533218 1033145.875
107.568718 43939.73828125
112.0876236 48288.4765625
113.0713043 43861.4765625
113.7604599 35633.1796875
120.0808945 210844.71875
127.086998 47292.4921875
129.1025696 207308.71875
130.068634 289152.65625
136.075882 610992.0
147.1131744 89185.9765625
158.0926819 49871.0859375
161.8986359 37043.13671875
175.0899506 464975.15625
175.118515 335906.34375
201.1234589 186784.484375
203.0850067 56679.8828125
206.0953979 51135.1875
249.1618805 47220.54296875
318.1117859 44627.91796875
321.1564331 85468.84375
338.1828613 337807.25
432.1882324 48629.15625
467.2276611 64441.1796875
480.1150513 41553.140625
580.3126831 277511.65625
695.3319092 244957.21875
766.3673706 179122.296875
878.6039429 48429.40625
