928.583351277024 2
68.61597443 2236.8500976563
69.07067108 6072.1059570313
70.06601715 36311.75390625
72.08165741 53072.59375
74.06092834 14309.6572265625
84.04524994 24867.404296875
84.08171844 18556.05078125
86.09716797 372744.71875
87.10037231 20194.802734375
88.04036713 3101.1799316406
91.05535889 2587.8154296875
101.071579 18060.21875
102.0555878 10493.861328125
103.050972 12253.912109375
104.0534592 3313.2978515625
115.0872421 3198.0341796875
118.626915 2736.5317382813
120.0812073 39848.15234375
127.0503998 11304.6572265625
128.8091583 2271.0158691406
129.0665131 5760.103515625
129.1028748 30789.375
130.0654602 3199.744140625
130.0868073 15060.8779296875
131.0456848 6401.8623046875
131.0817871 26240.95703125
131.1181946 10217.7236328125
132.1022034 56801.921875
133.1059418 3837.1655273438
134.1864014 2366.6208496094
136.0758209 39527.390625
143.1182709 12496.9619140625
144.0771942 11551.6552734375
145.0974579 6353.1752929688
147.0766296 3455.7670898438
147.1128693 33027.93359375
155.0449677 3025.1669921875
155.1038666 2567.6994628906
157.0968628 5330.6064453125
157.1338806 15560.4833984375
159.0766602 23976.673828125
159.0901489 4867.9755859375
171.1132202 4241.1440429688
172.0717773 35825.78515625
173.0558472 4653.3803710938
173.0925751 13684.00390625
175.1191864 20736.642578125
184.0721588 61289.79296875
185.1284332 22107.205078125
185.165863 3529.0354003906
191.0811768 3702.5014648438
197.1285248 5330.8178710938
197.5623474 2430.8381347656
199.1811829 17669.0546875
201.1235504 6228.3920898438
202.083252 22269.111328125
203.1395569 13440.0048828125
215.1395416 4962.8984375
217.1328125 2670.75
225.1242676 5622.2744140625
227.1762848 11233.32421875
228.134903 3217.8293457031
229.1182404 5095.8891601563
233.1646423 3745.1584472656
240.1352539 14630.248046875
242.1495972 47026.1796875
243.1326447 5479.0874023438
243.1554718 3736.8190917969
260.1976624 12216.982421875
265.1192627 5846.884765625
268.127655 5221.4404296875
268.1633606 2712.568359375
270.1818237 5051.6215820313
272.1604614 5128.0844726563
279.0969543 2800.4228515625
284.1947937 3722.4636230469
285.1558533 5956.7270507813
287.1725769 11459.4814453125
293.1133728 11302.2138671875
298.2124939 10602.7939453125
304.1874084 3295.3742675781
307.144043 13558.5966796875
315.1676025 19441.576171875
317.2168274 24956.591796875
318.2191772 3533.0307617188
325.1913757 2869.4494628906
327.2367249 5827.2192382813
353.2174988 3226.1821289063
355.23349 24717.111328125
356.2392273 4094.3210449219
402.2141418 10889.982421875
419.2404175 19906.64453125
420.2301636 4284.3583984375
421.227417 3697.607421875
430.3030396 20062.1484375
431.3060303 3420.7341308594
468.3189392 3581.1499023438
501.3381653 44001.984375
502.3427124 5687.6557617188
511.325592 5242.2465820313
532.3230591 14975.564453125
533.3164673 5942.4482421875
614.4231567 41149.2265625
615.4310913 19078.140625
645.4028931 5777.7333984375
701.2838745 3429.4377441406
727.5053711 17571.640625
758.4891357 6351.6811523438
798.5342407 4046.9130859375
799.5444336 3211.3454589844
