1595.73060239813 2
115.086731 7265.3911132813
115.5358887 6949.6899414063
120.0811691 124449.0234375
125.0709991 7341.9140625
129.0655518 16386.8984375
129.1027374 92753.015625
129.109787 9867.5107421875
130.0652008 9763.638671875
130.0858002 47374.109375
132.0803833 8906.6279296875
140.0701904 8724.484375
147.1125946 64760.53515625
157.1333466 14135.267578125
158.0918884 9855.19921875
159.091629 53832.9140625
162.0919647 13711.103515625
167.0813141 51879.60546875
169.1338806 9148.58203125
171.1119537 8660.833984375
172.071579 9998.203125
173.12854 18086.517578125
175.0708771 13114.2978515625
175.1191101 27889.220703125
183.1486359 13966.185546875
184.1077423 45090.0625
185.1280212 9870.68359375
186.0877075 11261.0673828125
195.0769043 14758.6611328125
197.1287231 18438.09375
199.1069336 17258.943359375
199.1804657 51422.6484375
207.1129303 47874.78515625
211.144104 12035.8076171875
212.1031494 85403.8125
213.0870361 23594.08984375
213.1055756 9393.1015625
214.1546631 15222.00390625
217.0814056 16227.6552734375
221.639389 10808.5341796875
227.1016693 9798.6865234375
227.1763153 24428.630859375
232.1378021 9475.24609375
234.1446075 21791.802734375
241.0816498 10416.818359375
243.0792999 9350.591796875
244.0920563 16634.951171875
254.1501465 10890.837890625
254.4207458 9534.369140625
262.1401978 51043.28125
263.1040649 10520.916015625
269.1251526 59020.578125
272.1716309 46989.3203125
283.103241 16062.6591796875
301.1167908 17063.3125
325.1855164 11258.6953125
333.1784058 15788.1279296875
335.1373596 14621.025390625
347.2293091 15329.3203125
353.145813 23687.22265625
363.1318054 11362.31640625
373.1478271 13252.6318359375
380.1577759 12574.7421875
381.1410522 52883.51953125
398.1641541 77334.765625
399.1728821 13760.4091796875
414.3597107 12802.1630859375
415.1444397 16421.775390625
420.2104797 50205.01171875
434.2041016 14809.513671875
444.2827148 64222.0859375
445.2785339 14581.599609375
448.1654358 15388.5517578125
507.2438049 42498.3515625
539.2154541 18527.181640625
567.2231445 15285.5341796875
572.7667236 19926.068359375
594.2759399 115438.453125
595.2843018 44250.69921875
621.293396 54709.078125
621.7981567 22669.447265625
645.3363647 20947.236328125
665.3080444 198575.015625
666.3179321 74127.265625
672.7953491 13318.2021484375
681.3219604 69607.234375
681.8187866 19224.884765625
697.3276978 12720.3310546875
756.571106 11980.24609375
778.3977051 138576.1875
779.4019775 45113.97265625
807.4465942 22592.103515625
889.4212646 14843.7607421875
938.4958496 14363.0947265625
964.47052 148041.640625
965.4802856 59508.51953125
1028.661499 13693.0888671875
1094.512451 16826.755859375
1106.57019 16801.33203125
1150.530518 102570.578125
1151.544189 54760.9375
1230.541504 18153.580078125
1264.596802 85148.28125
1265.584717 63094.9609375
1266.591187 19668.708984375
1361.603516 25012.611328125
1368.652466 18003.30859375
