1642.86674461061 2
120.0806808 56575.109375
129.1023865 73242.296875
130.0860138 15863.41015625
132.8284302 6460.2495117188
136.0755005 51099.06640625
140.0702515 25357.119140625
143.3785706 8324.95703125
147.1127167 57193.40625
147.1233063 6895.966796875
149.4033661 8141.205078125
155.0814056 11479.3583984375
157.0975494 13819.2138671875
158.0925446 8398.34765625
167.0809479 18009.666015625
169.0977631 9620.9892578125
170.5872803 6572.1416015625
173.0562134 15408.453125
173.1283875 24707.58984375
175.1193848 24716.70703125
182.0934448 13385.0634765625
183.1129761 12079.6240234375
185.0920105 16085.1513671875
187.1441345 12046.5615234375
195.0767517 23539.466796875
197.1283112 21605.35546875
197.4546967 7690.6860351563
198.0880585 8357.3291015625
200.1395874 17948.3828125
201.1233978 43795.65625
203.1030426 18139.353515625
209.0921631 11130.724609375
210.0252533 16397.255859375
210.079483 23293.97265625
212.1031494 14871.046875
213.0869904 82644.7265625
214.090332 11905.1064453125
214.1174164 11110.24609375
214.1537628 13388.3515625
215.1394196 24248.923828125
216.0965729 10223.30078125
217.0825195 13102.05859375
218.150238 47160.8984375
219.1504211 11780.0341796875
223.1459351 8800.1337890625
225.1242371 13035.681640625
227.1758728 10108.6748046875
228.1351318 14003.806640625
229.1187134 56131.015625
231.0978394 55034.34765625
234.1453247 13781.1630859375
242.1498871 20898.10546875
243.1092377 17970.751953125
244.0926361 91890.1875
245.0968018 9959.5458984375
256.0930176 24508.654296875
256.1647949 9937.150390625
271.1411133 17356.59375
272.1443481 11437.458984375
274.1029968 15620.505859375
280.164978 23290.53125
308.1622925 18101.603515625
312.1551208 14995.1484375
321.1558533 11226.33984375
321.7870789 8918.77734375
326.1712952 52506.8046875
328.1998596 56884.26953125
329.1843872 70378.359375
339.1673279 16553.08984375
340.1494446 9548.53515625
346.210022 75629.109375
355.1233521 24216.921875
357.1774902 82767.3515625
365.3335876 11893.7626953125
372.1548462 53698.40625
395.1937866 11607.4072265625
413.2043152 11127.7587890625
423.1921692 13831.7939453125
424.1828003 11633.2568359375
440.215271 10784.625
441.2005615 53538.01171875
457.2549744 18146.8828125
458.2250366 11044.1826171875
459.2215271 15342.2265625
459.2947998 111559.0703125
460.2975464 12265.3232421875
468.2077026 17537.3515625
469.2182617 12749.5341796875
485.2378845 71808.421875
508.2642822 11417.8056640625
509.2596741 13134.103515625
569.2603149 15342.765625
572.3776245 54965.046875
596.272522 15872.5537109375
598.3252563 16821.904296875
682.3413086 16801.845703125
701.4205933 25601.90625
709.3555908 17572.7421875
728.3178101 18787.56640625
778.4577637 21465.326171875
804.4241333 18909.287109375
812.4467163 15731.3994140625
821.447937 23408.55078125
943.5123291 109910.3359375
944.5253296 21824.724609375
954.4841309 14512.404296875
969.484314 12284.80078125
991.1688232 12148.3662109375
1074.612915 13221.173828125
1167.643066 16180.32421875
1168.642944 18169.521484375
1180.622314 16557.251953125
1299.699341 22432.205078125
1300.705811 15971.724609375
