2754.40195103906 2
198.0881348 4445.9672851563
200.103241 7941.3544921875
204.1341248 9322.90234375
212.102951 7775.4267578125
230.1127625 4871.9448242188
255.1090393 11640.6328125
261.1577148 23615.4296875
273.1193237 25888.32421875
296.1983948 10719.453125
300.118927 7314.287109375
303.5710449 4880.0795898438
313.1871033 8185.7348632813
314.1931152 5467.470703125
325.1897583 8026.5537109375
340.1986084 6119.9682617188
343.1733398 4948.7338867188
344.1572876 36009.5390625
358.2089233 127619.2734375
359.2115479 24103.326171875
384.1878662 8271.0634765625
414.2348938 6911.966796875
440.2854309 4951.7592773438
454.2084656 8076.1157226563
468.257019 11085.87109375
469.2451172 22401.990234375
537.2313232 6462.7729492188
599.3566284 6886.8974609375
623.3614502 7338.7104492188
683.2999878 8199.6181640625
708.4141235 6817.275390625
746.4143677 7266.6235351563
796.3790283 8210.767578125
833.4480591 22285.734375
849.5296631 7281.9921875
867.4190674 11882.0419921875
928.8936157 6418.12109375
947.4779663 6274.2250976563
1048.536987 17419.607421875
1092.678101 29659.765625
1093.651367 8818.91015625
1119.581787 20482.3125
1190.612183 28272.576171875
1191.626831 18985.478515625
1192.621338 9499.2529296875
1304.695313 9710.701171875
1379.706177 21210.4609375
1416.761719 9054.3193359375
1417.795776 9888.5078125
1418.827271 8328.044921875
1487.79126 10306.646484375
1488.812988 8548.4375
1931.209717 10708.1474609375
1932.17334 10370.5322265625
1985.062988 8687.2314453125
2163.088379 10778.033203125
2189.072021 14251.0029296875
2206.062744 26957.208984375
2207.043457 9307.7470703125
