1957.97367459045 3
136.0754242 14194.1474609375
141.0650787 18768.912109375
143.1175842 22859.998046875
144.0650635 38921.80859375
157.0970459 21833.634765625
158.0929108 16291.4140625
159.0912323 17230.48046875
159.6767883 13679.8876953125
161.7347717 14460.0458984375
169.1340485 17397.16015625
173.0558777 24922.31640625
175.1191559 22393.1796875
183.1118469 17683.26953125
185.1650238 37510.5703125
189.0871582 47344.015625
197.1290894 25579.28125
199.0715942 120788.5
199.1786957 17907.296875
201.1233368 45340.96484375
215.1384735 20297.630859375
216.09729 19543.1484375
217.0823517 98753.5078125
218.149704 123209.859375
219.154541 20954.73828125
220.0947571 20321.4296875
226.0826569 32442.779296875
228.1341858 78033.953125
231.1175232 18292.876953125
233.1637726 45206.078125
237.7651978 22593.14453125
243.1343842 28038.396484375
244.0928802 98829.53125
261.158844 51941.59765625
269.1487122 21694.39453125
284.1626282 34959.6484375
285.1569519 32378.541015625
288.2035522 85443.53125
312.1559448 209641.53125
313.1582642 32179.369140625
314.0479431 23094.201171875
317.2201538 32179.408203125
330.1061096 47570.26171875
330.1665649 115500.90625
355.1253052 25753.91796875
388.2517395 29610.53515625
423.1954041 27240.193359375
493.7279053 22613.361328125
498.236084 26745.525390625
509.2129211 23872.603515625
525.2337036 42665.32421875
526.2293701 30518.2109375
544.2880859 92005.8671875
614.3238525 27292.609375
630.385437 43588.78515625
655.3165283 25905.716796875
707.675354 27095.28515625
713.4439697 24350.80078125
723.3294678 91854.8671875
745.4073486 97903.25
746.4102783 37845.7734375
759.3778687 139135.859375
760.3776855 36908.90234375
817.4234619 38092.3125
822.3962402 46899.96484375
828.4866333 26426.634765625
917.456543 244516.015625
918.4724121 93239.421875
925.5111694 42815.85546875
935.4724731 32684.85546875
988.4974365 113723.1875
989.5009766 48522.7421875
