1396.84345400516 3
97.94490814 60076.46875
101.0713196 103909.4375
103.0544891 67657.5234375
105.5691605 52360.7890625
110.071579 64720.8671875
112.0874786 110437.7421875
115.0869827 1326173.875
115.0949554 71302.2421875
116.0910034 55952.484375
120.0812378 1058496.375
129.0661621 104378.71875
129.1024628 579994.875
130.086319 124192.109375
136.0761719 89355.2578125
143.0817719 889630.75
147.1128845 199373.171875
158.0922699 99096.9921875
169.1339874 205294.046875
171.1493988 306767.0625
173.056839 88142.9375
173.1300201 67936.78125
175.1186981 376089.0
197.1286926 212112.84375
199.1809235 577261.375
219.2200012 57838.68359375
227.1759796 83372.140625
230.1517944 56742.94921875
233.1646576 93184.375
239.1519623 64974.03125
242.1508026 87125.8515625
245.1278381 70208.015625
255.1459045 308216.28125
257.1605835 112059.765625
258.1451111 238214.109375
270.1458435 116779.4375
272.172821 217292.0
275.1709595 209525.96875
286.1492615 57667.04296875
287.1509399 608939.4375
288.153595 222495.578125
293.8005066 48558.6484375
304.1772156 263401.4375
307.1442566 86496.953125
337.1869202 55104.62109375
385.2533569 112972.140625
386.2029419 239413.625
404.2147217 118599.2578125
413.3859253 52842.515625
417.200531 57525.6796875
417.2582703 198444.984375
497.2955017 54995.7109375
503.2615356 61649.90625
503.7869568 162587.4375
513.3146362 101408.984375
513.3901367 52608.75
577.3244629 87433.34375
585.8414917 1233851.625
586.3428955 806816.5625
586.8407593 344231.21875
587.2875977 83087.5859375
600.3426514 225718.453125
604.3373413 100803.765625
642.3839111 902126.4375
642.8849487 724194.5625
643.3829346 268164.5625
652.2341309 62551.9609375
671.3786621 195352.078125
690.4020386 64880.55078125
691.3641357 554101.8125
692.3618164 108817.7578125
786.4072876 72096.9921875
790.4243774 397293.5
791.4283447 107493.53125
867.5049438 778026.25
868.5007324 340362.8125
869.4998169 85465.125
899.5048218 115870.9921875
900.4932251 77546.953125
984.5999756 83593.671875
1187.688599 55954.19921875
1268.20105 61206.16796875
