1567.90827654156 3
120.0813522 400912.125
123.4758377 29833.654296875
129.1026764 376540.1875
130.0860748 40736.6015625
136.0752106 54973.4453125
143.1178284 30943.904296875
145.9855499 28955.498046875
147.1119232 44282.21484375
153.1019745 57761.9765625
157.0969086 188786.828125
175.118866 104353.6015625
185.1292114 63322.9609375
187.1440735 297055.0625
191.1170807 94704.9921875
199.1071167 162412.6875
199.1803589 107182.4140625
201.0879364 43606.7578125
201.1058655 98386.2578125
215.1391907 101269.9921875
227.1020355 84020.09375
227.1753387 56664.33984375
229.1004639 52075.36328125
230.8263245 40555.203125
240.1339111 48879.75
242.0775604 69454.8125
243.1330719 38559.7578125
258.1105957 60528.9453125
258.1448975 190670.78125
259.1804504 84870.2109375
261.1563416 71948.4609375
270.1815186 79699.9921875
286.1762085 178405.65625
287.175354 53766.140625
298.1382446 78579.265625
298.2121277 58806.01171875
343.6949768 309260.90625
344.1983643 58517.00390625
358.1435852 89951.0859375
371.192688 54810.98046875
399.2606506 103823.8125
406.2117615 86990.921875
408.1608887 58721.3671875
432.7199402 51561.4921875
460.2893982 404960.125
505.2067566 69593.578125
589.3289795 356361.84375
663.3171997 171609.953125
686.3844604 756672.25
687.3903809 247797.71875
776.4013672 233843.453125
865.4337769 51836.546875
1119.88147 62542.53125
1141.54541 67684.7421875
