1517.80466623817 3
110.0718384 58228.078125
110.0971909 11270.802734375
115.0868149 17239.337890625
116.0709457 17375.798828125
119.0493317 8435.76953125
120.0811844 361044.5
121.084404 34959.4609375
121.5204163 4329.5053710938
123.6649246 4111.8022460938
126.0553589 7988.2978515625
127.0507889 20197.88671875
127.086731 51708.51953125
128.1072235 9905.4794921875
129.0660095 51405.94140625
129.1025085 297351.21875
130.0504456 20688.18359375
130.0664215 10480.9169921875
130.0865631 97205.53125
130.1064453 22707.951171875
132.1020203 5031.060546875
133.0430756 21200.09375
136.0759277 215039.0625
137.0794067 11232.2177734375
138.0919495 8296.7490234375
139.0869751 6998.625
140.1435547 6231.3881835938
141.0656128 6654.1127929688
141.1025391 26620.939453125
142.0853882 5040.4521484375
143.1181183 18326.0234375
144.0768127 36370.03515625
145.0604706 5679.0258789063
147.1129608 128645.4609375
147.1315002 4634.5180664063
148.1166687 6072.8369140625
152.0345306 4824.2729492188
155.081543 63691.546875
155.117981 92501.0703125
156.1021271 9362.8447265625
157.0973663 67749.4609375
157.1338654 10808.23828125
158.0929108 25482.04296875
159.0921783 30679.828125
165.054718 5893.697265625
166.0614014 6288.8491210938
167.0818634 9033.9189453125
169.0612183 35048.1640625
169.0976563 10788.1396484375
169.1337585 41326.234375
171.0765381 7749.5122070313
171.113327 8597.4990234375
172.071579 90359.0390625
172.1079102 6744.0283203125
173.0920715 5703.8125
173.1288147 28150.71484375
175.0904541 9497.3349609375
175.1070404 6664.9624023438
175.1197357 77527.5390625
177.1021271 6635.9780273438
178.0532532 9798.13671875
183.1130066 49857.8828125
183.1490479 59035.84765625
184.0962067 5988.4584960938
184.1535034 4940.947265625
185.0928497 27206.5234375
185.12883 11338.9921875
185.1646729 18282.39453125
186.0876007 70680.109375
186.124054 8075.89453125
187.0900726 6422.5131835938
187.1448212 5771.1533203125
189.0870361 8092.876953125
189.1028442 6174.361328125
196.1451111 5793.13671875
197.1280518 33761.7109375
198.0881805 5478.3881835938
199.0712891 9239.57421875
199.1807404 63340.6796875
200.1027679 62671.0
200.140152 21035.529296875
201.0870667 7216.9086914063
201.1068726 11267.126953125
201.1235657 255635.046875
202.1279144 5313.8828125
203.0844421 8023.5751953125
203.1032562 10520.982421875
203.120636 62029.1171875
205.0975342 6588.2387695313
207.1138306 5572.8046875
211.1081848 5027.2397460938
211.1439514 41435.48046875
212.1038361 7000.650390625
212.1400146 9413.8037109375
213.0875397 7559.8940429688
213.161087 9944.0029296875
214.1178436 7101.9985351563
215.1158752 6954.6572265625
215.1395264 26276.51953125
216.098114 10242.228515625
217.0823975 24193.525390625
221.1296082 17792.2421875
223.1085663 33572.95703125
224.1062164 4526.4624023438
225.1596375 10620.9677734375
226.1196136 19469.5
226.1558533 27576.787109375
227.1755066 10674.546875
228.1347809 36339.0625
229.0970612 13093.0048828125
229.1189423 50962.29296875
229.1374359 7817.3173828125
230.1140442 5240.5131835938
230.1499481 18571.919921875
231.1158142 32660.095703125
232.1408386 5556.6455078125
233.1651917 81327.1953125
234.1465454 7822.5571289063
234.167572 12425.1904296875
235.1089325 7238.630859375
237.134964 10723.9091796875
240.0981293 7043.9228515625
240.1344757 96304.8046875
241.1382294 7250.8627929688
242.1495514 9325.7412109375
243.1338959 11125.4541015625
244.0922699 7531.388671875
244.1316223 7400.4853515625
244.1411438 7620.2944335938
244.1655121 92509.9921875
245.0760651 7590.8627929688
245.1685333 11123.58984375
246.1808929 7788.0205078125
249.1600189 85411.7421875
250.164444 8049.8037109375
253.0922852 19142.48828125
254.1504059 10343.1484375
257.1323547 7831.5004882813
258.1463013 9039.64453125
260.1057129 53908.09765625
260.1975708 21602.5390625
261.1610107 42666.4765625
262.1169739 6365.8530273438
262.1395569 37177.9296875
263.0857239 19029.72265625
268.1287842 30653.802734375
268.1643982 10822.126953125
270.1827087 7189.6318359375
271.1790466 10141.5947265625
277.1550293 63861.234375
278.1560669 7228.37109375
279.0986328 9096.0546875
280.1121826 36513.83984375
281.1155396 8384.001953125
282.1477051 5807.4633789063
282.1815186 9533.6884765625
283.1419373 9283.251953125
283.1777039 10660.8583984375
284.0869751 7955.40625
285.1582947 32775.640625
285.1879272 6064.552734375
286.1401062 30081.216796875
288.2050476 8110.4008789063
294.1490173 28914.201171875
296.1605835 6035.3002929688
298.210022 5353.90234375
299.1723633 52178.23828125
301.1538391 11303.96484375
301.1870422 215989.546875
301.2201843 9950.009765625
302.0997925 5410.1650390625
302.1529541 5984.7177734375
302.1906128 28651.91796875
303.1495972 23991.05859375
307.1421814 5861.8354492188
308.196991 22352.86328125
311.1369629 5596.7666015625
311.1715698 10387.59765625
312.1524353 7771.7983398438
313.1872864 31560.591796875
315.1316528 6947.6494140625
317.145813 5529.482421875
318.1821594 6580.1079101563
322.1874695 57047.59765625
323.187561 7323.8447265625
329.1815186 7709.8134765625
329.6807861 18456.990234375
330.1669006 28760.8203125
331.1410828 33923.64453125
337.1874695 19032.5
341.2164001 6025.4311523438
343.23349 9239.1953125
351.2033081 6659.2333984375
352.1593018 6705.099609375
354.2152405 11577.7158203125
354.7082214 5814.5375976563
355.1990356 6582.1928710938
359.1806946 6061.8745117188
363.164093 9825.20703125
364.1224976 5760.3828125
368.2280579 7138.3125
369.177002 19122.771484375
375.2006531 6015.5102539063
379.208252 20605.58984375
380.1451111 19463.98046875
382.1351318 6435.51171875
382.2079163 7003.2939453125
384.2581177 8974.8173828125
385.1902771 21455.203125
390.2363281 11333.095703125
391.2410583 5469.658203125
397.1714478 6327.2900390625
398.2377014 5577.9091796875
400.2185669 19298.3515625
402.2167969 22048.412109375
411.2471313 27064.86328125
412.253479 17815.103515625
414.2723999 67881.1484375
415.2743835 8924.41796875
419.7630005 6377.0400390625
427.2165222 8482.9345703125
430.212677 35773.66015625
431.2069092 6243.9462890625
433.2110901 9782.615234375
434.2045288 5874.26171875
435.7196045 19471.146484375
436.2186279 11359.013671875
444.226593 21576.734375
448.2181702 52188.90234375
449.222229 6944.08203125
450.2744751 10201.484375
453.2067261 7175.8725585938
472.3229675 9474.0908203125
480.2579956 38084.6328125
481.2054138 19950.923828125
485.254425 21712.296875
485.7545471 9644.765625
498.2784424 6876.5004882813
506.2977905 24460.33984375
509.2728882 8907.5107421875
512.2510986 22206.41015625
515.300415 8674.6396484375
530.3422241 7115.9545898438
543.2941895 10205.6337890625
561.3414917 110427.859375
562.3434448 38720.953125
570.2940063 29378.9375
581.302124 38358.484375
585.3984985 8619.6787109375
587.2609863 6289.7270507813
589.3520508 7907.6162109375
592.3456421 10366.5859375
593.3508911 11102.912109375
594.2834473 7769.6997070313
610.3141479 7862.0595703125
611.3599854 10962.5234375
621.3254395 27964.212890625
623.3240356 24725.103515625
623.8321533 8455.7744140625
627.3366699 6563.4702148438
638.31427 7522.6796875
642.395752 68101.96875
643.3999023 10213.654296875
646.3272095 8486.3642578125
658.357605 71016.828125
659.3566895 20135.017578125
674.4249268 42503.98828125
675.430542 8820.8974609375
680.3609009 5982.8081054688
682.3503418 89183.921875
685.321228 8911.892578125
691.3742065 7084.37109375
698.4898071 9921.845703125
699.4100952 8038.45703125
708.4034424 9176.9296875
722.3686523 45221.77734375
729.3915405 10985.39453125
732.3649902 9897.015625
733.3703003 21751.103515625
741.4616699 20448.900390625
750.3733521 27250.193359375
751.3677368 16560.7890625
769.5291138 19290.376953125
777.420166 7929.11328125
786.3652954 35833.32421875
789.4492798 18832.380859375
795.4278564 23636.22265625
822.4749146 6786.4541015625
823.4678955 10498.6142578125
842.4690552 6707.0625
846.4726563 65662.625
847.4674072 32159.6484375
870.4233398 25346.37890625
871.4336548 7332.96484375
882.9121094 5849.08203125
904.317688 6878.62890625
921.5345459 6858.88671875
957.4993896 9781.1904296875
969.4996338 10998.6953125
970.4990845 9634.978515625
975.5137329 19015.21484375
