1109.64368066251 2
83.06134796 29490.845703125
84.04507446 158622.203125
84.08151245 214856.78125
86.09714508 797683.5625
87.05597687 62053.6171875
87.10057068 36647.0234375
88.0401001 18005.494140625
90.88301849 7102.7587890625
91.05503082 29977.650390625
92.03475189 9343.0537109375
101.071434 79769.328125
101.108223 28128.56640625
102.0554276 78922.765625
104.0536575 15087.19921875
110.0717926 139800.65625
110.0786514 10002.4619140625
112.0875549 11144.69140625
113.0712814 10532.1474609375
114.0754242 7757.0341796875
115.0871658 66101.0390625
116.0712814 29831.462890625
119.0494156 8591.8115234375
120.0812302 218258.078125
121.0848236 12835.91796875
126.0557251 6942.66015625
127.0507965 6873.2685546875
127.0869522 17692.240234375
129.0565491 7586.025390625
129.0660706 35703.5859375
129.0936737 13271.689453125
129.1026001 217351.5625
130.0653992 15286.5029296875
130.0864716 40264.6171875
131.117691 8704.10546875
133.043869 12473.966796875
133.0615692 10241.2880859375
136.075943 323921.5625
137.0796814 15028.20703125
138.0554199 7738.1186523438
139.0872345 11080.9658203125
141.0658417 9722.05078125
141.1028748 10563.51171875
142.1231079 7761.9833984375
143.0819244 27965.052734375
143.1182098 38733.90234375
147.1125793 74535.65625
150.0557251 7755.9975585938
152.0711823 41393.38671875
154.0976105 69591.59375
155.0813751 96365.6171875
157.10849 11183.375
157.1338806 163930.921875
158.0928345 32233.75390625
158.1368103 15613.6552734375
159.0778351 7540.544921875
167.0928345 11078.9814453125
169.0975037 12569.5810546875
171.0760956 8027.9990234375
171.1129456 13173.912109375
172.108139 121024.15625
173.1290741 33921.1640625
174.0553436 17250.3203125
175.1192474 152039.59375
181.0598145 8381.7509765625
182.0925903 178204.03125
183.0771637 41967.9921875
183.0959015 8763.4169921875
183.1134338 27516.796875
183.1494904 121389.4453125
184.1083374 7204.521484375
184.1528168 14916.345703125
185.0915375 9821.7587890625
185.1282959 119512.4453125
185.1654358 14909.4609375
186.133728 10524.546875
187.0189514 7576.099609375
187.1079865 10154.9970703125
187.1445465 29807.79296875
189.0871735 11620.9287109375
191.0816498 14380.2802734375
193.0974274 30279.67578125
195.1119537 7973.9443359375
197.1289215 46742.90625
199.1082916 12055.1689453125
200.1031036 226653.515625
200.1400299 11715.7265625
201.088562 8433.5322265625
201.1061096 14456.72265625
201.1235199 42265.3203125
203.0848083 12465.9619140625
209.1048431 12220.955078125
211.1449432 46259.27734375
212.1034698 16313.6572265625
214.118515 15459.8017578125
215.1390381 37459.1796875
216.0425262 65833.90625
217.0808563 8931.1416015625
218.1511993 9148.8828125
219.1153412 9352.267578125
227.102417 12540.0400390625
230.1495209 16572.130859375
232.1144257 8725.5283203125
233.1300507 11120.9150390625
233.1656342 9183.8173828125
234.1454315 10306.8095703125
240.1340179 14643.177734375
241.1781769 8695.6943359375
242.1499634 18109.98828125
244.092041 9376.4052734375
244.166687 9191.99609375
249.1585846 56093.28125
250.1561127 33076.12890625
251.1505432 35855.06640625
256.1662292 36989.921875
258.1453552 36931.05859375
259.1495667 7770.5087890625
261.0903625 8929.01171875
262.1188354 29152.814453125
263.1367493 8415.5576171875
267.1822815 11290.8076171875
268.1658325 31071.7421875
271.1418152 10620.8017578125
272.135498 9392.6064453125
274.187561 9395.1025390625
276.1598511 16520.283203125
279.1346436 44720.24609375
280.1361694 11892.576171875
283.146759 7828.857421875
294.1504517 33757.74609375
295.128479 14986.48046875
295.177124 53026.9296875
296.1597595 59391.5546875
299.1732483 12512.8623046875
313.1880493 145986.46875
314.1895142 9042.638671875
326.1734619 8863.2177734375
336.1177368 14959.9228515625
340.1869812 10269.9140625
365.186676 16668.25
366.1401672 10157.2783203125
369.2212219 9886.2060546875
373.1899414 9669.9287109375
375.2292786 34135.34375
399.2376709 52718.87890625
399.7377625 14865.7568359375
400.1938477 7986.2563476563
407.1557007 9317.482421875
417.2090759 30303.48828125
448.2556152 48843.77734375
449.2571411 9783.5986328125
490.2529602 9745.6005859375
491.2624817 35356.90234375
493.2422485 8563.71484375
512.2558594 32265.8515625
538.2918091 9885.833984375
542.3253784 10725.8623046875
555.2624512 14210.6455078125
565.2733765 13652.61328125
587.3260498 122646.328125
588.3267212 35587.69140625
694.3186035 9139.109375
700.4101563 61310.00390625
701.4091187 17648.96875
711.3459473 11784.6240234375
729.9960327 8733.03125
766.4083252 9270.5751953125
780.4452515 11660.4404296875
781.3544312 50063.16015625
782.3546143 29637.701171875
797.4624634 441748.9375
798.3297119 11820.416015625
798.4659424 213303.28125
799.4615479 47145.171875
833.4067993 11491.84765625
910.5422363 31494.033203125
911.5458984 32515.609375
923.456604 10269.998046875
924.4493408 14651.017578125
