2066.90147921108 2
147.1119537 9894.1611328125
152.3101501 6240.2412109375
157.1337891 7134.8872070313
159.0915527 19617.33203125
175.1189728 14013.259765625
175.4470978 7371.8583984375
183.1130676 17764.87890625
185.0918121 20391.79296875
188.3683777 7723.4741210938
204.136734 11731.12890625
205.0992737 8228.2099609375
212.1020813 12494.837890625
213.0864716 52589.9140625
216.0967255 7915.41796875
228.1343536 8526.2265625
233.1280518 90503.015625
234.1313019 10952.6396484375
235.1088257 10689.001953125
243.134903 12266.4619140625
246.1272888 9544.17578125
248.1613464 21139.1953125
249.16362 9080.0810546875
257.0947571 8965.8701171875
258.1242676 21144.525390625
261.1239014 112631.3046875
270.1115417 10267.8291015625
272.1749878 15409.9892578125
274.1223755 42254.91796875
276.0653381 112555.8828125
278.1474609 11697.9794921875
282.0156555 8889.005859375
284.1608582 9074.4736328125
298.140564 22713.296875
300.1207581 9236.8935546875
300.1712341 15087.1943359375
305.1809998 10693.3701171875
310.1038208 41071.6328125
328.1133423 11437.5361328125
332.1607361 167629.53125
333.1621094 11503.7900390625
345.1433716 8574.54296875
358.1631165 10886.533203125
358.2077942 18384.181640625
359.1949158 21073.98046875
376.1504517 51743.25
376.2206421 22835.5859375
389.1489563 94913.1875
413.3091125 10599.12890625
417.249176 9667.3544921875
429.1625061 34172.90625
445.2451782 15802.521484375
447.1900024 43282.65234375
484.2827759 9683.5419921875
486.2042236 12293.1845703125
490.2458496 24305.51953125
505.2633362 41916.9296875
507.188385 13629.5185546875
508.1853638 15398.9736328125
512.2224121 10700.458984375
518.2391357 49970.85546875
544.1887817 13549.00390625
557.2198486 16695.265625
558.2277832 14643.220703125
592.2964478 126878.15625
593.2980957 11533.5673828125
603.3258667 11736.4580078125
607.2192383 41664.5078125
617.3259888 105361.140625
618.3280029 17704.703125
631.3245239 55582.3671875
691.291626 11312.3759765625
720.3035278 54055.2734375
728.3591919 38345.80078125
786.362854 58203.21875
787.3555298 12554.6591796875
793.2969971 17105.623046875
804.3740234 482579.8125
805.3770752 158684.921875
806.3757935 18917.416015625
875.3980713 19568.244140625
902.3642578 16214.1513671875
906.3829346 34145.50390625
919.3994751 102218.609375
920.4042969 13618.775390625
1030.430298 22213.154296875
1033.566528 18236.681640625
1048.435059 117408.9453125
1049.446289 41781.83984375
1161.523804 153545.140625
1162.536377 70893.0859375
1297.880615 13364.5517578125
1347.610474 113963.6640625
1348.6073 69316.3046875
1349.617554 38729.77734375
1418.64917 61679.9453125
1419.651978 20172.888671875
1582.723511 16331.443359375
1678.771606 37473.44921875
1679.740601 34395.9453125
1732.597778 13762.3583984375
1759.897217 16965.677734375
