913.60868775192 2
69.07072449 50414.921875
70.065979 309849.75
72.08165741 373552.1875
75.05597687 44667.19921875
84.04512024 68566.2890625
84.08142853 190318.1875
86.09713745 1961740.625
87.0557785 72276.9453125
87.10034943 116764.640625
88.04004669 283128.40625
101.0715408 58044.8515625
109.137352 31978.18359375
120.0811996 183349.375
129.1026459 308572.59375
130.0871887 133064.421875
132.0814209 35034.91015625
136.0752869 112756.1796875
141.1025238 156886.625
142.3746338 31453.3046875
147.1132965 279063.84375
155.1179352 301947.5625
159.0917511 161325.234375
170.0603638 142565.125
173.1290894 54923.234375
175.1190796 158352.234375
183.1132507 266274.8125
185.1652222 191305.84375
186.087738 116648.59375
187.1456604 51253.7890625
199.1808929 259187.515625
200.1395416 1341757.0
201.1244354 58116.90625
201.1428223 56416.96875
213.1598358 208571.75
215.1396942 46713.55078125
227.1754456 454829.59375
228.1345673 138266.953125
229.0937653 145098.046875
242.1524658 31304.150390625
248.1608734 209813.5625
255.1481781 56128.3515625
272.1749573 109042.3359375
282.1818237 32645.369140625
326.2449646 306379.96875
361.2448425 205264.234375
460.313446 160476.234375
488.3242493 46596.28125
526.9966431 34455.99609375
573.3947754 139230.578125
574.4025879 35534.1328125
587.3832397 74665.765625
612.3804321 63400.484375
616.3345947 73525.859375
686.4772949 225242.984375
687.4719849 57640.5390625
762.5247192 34936.12890625
