1163.59127639226 2
83.06117249 1869.1851806641
84.04515076 5370.2685546875
84.08145142 7340.509765625
86.09703827 9146.0849609375
101.0713882 1525.2514648438
102.0554428 2009.9035644531
110.0716171 44088.234375
112.0874557 2045.5939941406
120.1180649 1273.7857666016
129.1022797 9414.3525390625
130.0861206 1658.0866699219
134.0449524 1275.3898925781
136.0758362 1461.4995117188
147.113327 4576.6435546875
156.0772095 2036.2913818359
157.0976715 1444.0369873047
159.0753326 1235.8647460938
167.0809631 1660.9007568359
167.0934296 1995.1270751953
175.1190338 10000.08203125
184.1701355 2392.3291015625
185.1648712 1260.4859619141
187.0718994 2608.9265136719
193.7211304 1222.3442382813
195.0873566 15276.4189453125
216.0415192 4755.0795898438
226.118927 2118.5390625
234.0989532 1864.9129638672
240.1360779 1526.6145019531
252.1095886 6330.0219726563
269.1251221 1568.728515625
287.0535583 1275.3741455078
295.2427979 1614.9055175781
337.197876 1673.5661621094
365.191803 2432.0329589844
434.2103577 2037.5329589844
452.2224121 2552.7055664063
470.2376709 2701.8232421875
477.2843018 9561.0810546875
477.7874756 5206.7290039063
485.3594055 13519.2666015625
487.2633667 5037.9916992188
504.7763062 1810.3999023438
573.7944946 1580.5672607422
582.3056641 11053.0126953125
582.7992554 5717.9536132813
583.2687378 1286.1911621094
583.7817993 2397.1213378906
609.2901611 1285.4633789063
712.3740845 11783.572265625
713.3739014 2472.0166015625
799.3991089 5252.0703125
903.1280518 1508.3564453125
912.4743652 1718.9772949219
969.5011597 6613.4609375
970.5076294 1983.7220458984
1026.529053 11899.3388671875
1027.526733 7095.9311523438
1028.531982 2268.8176269531
