1701.90639242439 2
117.5619278 1098471.375
120.0727768 1700879.0
120.0809631 45943764.0
121.0836258 1607719.625
133.0772705 1188673.25
143.1176147 8308477.0
158.0925598 1832097.25
163.0977783 1646622.5
168.8387299 1790586.75
171.1129761 18766554.0
171.1247253 1984917.0
175.1186371 11531316.0
179.5103607 1557572.5
181.0956573 2868596.75
193.4838867 1994936.375
201.1234589 8684035.0
219.1494904 14073975.0
229.1185455 3876232.25
245.1665649 2151509.0
247.1445465 8597893.0
251.1833038 2088159.25
273.1601257 5400272.0
274.1874084 14482603.0
298.1755981 1999524.375
318.1816101 19770076.0
358.1598511 2655870.5
362.1732788 16447788.0
403.2272034 18841144.0
479.1485901 2403665.0
508.278656 2597390.0
518.2579346 3400762.5
548.6796875 2401903.0
631.3429565 3905281.5
910.5036621 3522242.25
911.4961548 3985761.0
928.5082397 91682672.0
929.5092163 46030180.0
930.5125122 10354900.0
1039.551147 3287354.25
1057.562378 24334222.0
1058.55896 9721414.0
1170.639038 21430840.0
1171.646851 10044864.0
1267.650269 3404882.75
1285.662231 21082318.0
1286.667236 14047479.0
1287.666016 3894922.25
1369.163086 2957037.5
1384.739868 9148878.0
1385.741455 8371795.0
1386.742798 3633258.0
