1473.83816953552 3
102.0556793 12777.34375
104.053566 14108.9716796875
104.7665482 8533.5263671875
115.0544128 8697.1279296875
120.0665894 9840.72265625
120.0812073 120615.78125
129.066452 54368.17578125
129.1024628 134184.328125
130.04953 9905.69921875
130.0656738 68238.8046875
130.0865631 43043.21875
132.0809631 48425.01171875
133.0432587 15074.474609375
134.348465 8185.5073242188
136.0758057 117186.953125
137.0800018 8886.8984375
139.0504913 10326.01171875
141.1025696 13985.826171875
142.1231689 9108.328125
143.1179504 84116.09375
146.0641174 12187.3359375
146.9075317 9101.658203125
147.1129303 89401.6875
157.0978699 29053.025390625
158.0933533 11064.1484375
159.0917206 138510.265625
169.1344299 13928.955078125
170.0600586 55928.078125
171.113266 78182.4921875
173.0553589 13237.2763671875
173.1287231 20884.150390625
174.0591278 11856.5712890625
175.0725403 11152.896484375
175.1191406 47358.3671875
183.1127777 11099.3076171875
183.1502838 14617.0107421875
184.6585541 10337.3203125
185.1651611 8083.3002929688
186.1248627 19891.021484375
187.0879822 18945.81640625
187.1443024 216246.21875
194.7954254 8884.9599609375
197.1292114 19298.056640625
198.1295013 9917.9306640625
199.1808472 32990.828125
200.1439209 13470.083984375
201.1234894 28628.443359375
203.1177216 12310.85546875
204.1346283 159156.90625
209.0576782 9873.9111328125
211.1443939 38663.9765625
215.1394043 81667.6640625
227.1759033 14007.79296875
240.1369324 9912.9765625
242.1504364 157533.375
243.1308594 11661.0087890625
244.0747833 12608.0771484375
246.1273956 41844.1953125
255.1492767 47220.84765625
258.1079407 10652.0732421875
262.085907 8574.583984375
272.0700684 40357.125
272.1765137 65934.25
284.1609192 15378.8203125
284.1977844 16232.7333984375
290.0813599 50539.98046875
295.1532898 10392.6748046875
303.2026062 82382.25
307.1453857 20585.4921875
312.156311 18046.859375
312.7986755 9350.3349609375
313.2233887 20486.595703125
322.1545715 36544.66015625
324.2277527 12132.8447265625
333.1936646 54707.09765625
340.7333374 9574.8232421875
341.2192078 39206.3984375
343.1419373 17968.0703125
344.1818848 12087.19921875
350.1526794 9649.3896484375
355.2350159 12417.4404296875
357.1582336 10932.1650390625
358.1457825 10724.857421875
374.2409668 65385.12890625
379.2333069 17301.498046875
395.191925 16837.255859375
397.2460022 12885.90625
403.1659241 10815.6220703125
413.2026978 16770.70703125
464.2305298 41289.984375
472.1859436 18206.548828125
487.3235474 13709.310546875
490.1896667 9697.703125
496.2531738 35353.24609375
504.2124939 18393.46484375
526.2905884 11106.6259765625
544.3469238 165051.9375
545.3483887 35418.03515625
549.2666016 13477.7548828125
551.276062 10841.4853515625
569.37323 10376.2255859375
577.3110962 19651.609375
595.3017578 14010.142578125
657.425293 54845.40234375
658.4228516 16443.404296875
682.3396606 14456.0654296875
686.3161621 12458.1142578125
