1924.92479093751 2
136.0752716 38301.83984375
141.8161316 5595.67578125
155.081604 6150.3168945313
158.1005249 6447.564453125
159.0764923 9386.796875
159.091156 13339.7119140625
161.0927124 5754.63671875
170.3378448 5321.8779296875
171.0765076 18240.943359375
175.1186066 37417.91015625
183.0757751 5930.7250976563
183.1125946 9463.310546875
189.0870819 15306.0390625
199.1069336 7139.0092773438
201.1220551 7527.3090820313
203.1212769 18056.63671875
205.0991821 8991.0205078125
212.1029205 12699.67578125
214.1179962 7198.3564453125
216.0978241 10080.8681640625
227.1024017 33686.49609375
228.0993347 10415.3115234375
231.1156769 33922.92578125
233.0973053 6905.9067382813
233.1285553 62696.1484375
237.5843811 6083.8696289063
238.1192017 7809.2841796875
239.1140594 7548.4174804688
240.0982208 33730.68359375
240.1337128 9116.1904296875
242.1860962 6305.2446289063
244.091629 7926.6665039063
257.09552 12776.8544921875
258.1448059 10239.2529296875
261.124054 55647.4375
276.1678467 14986.16796875
294.1803589 8380.18359375
302.1172485 129158.59375
303.1190186 8269.4169921875
315.1632385 7338.0068359375
320.1281433 31749.767578125
326.1708679 39398.359375
332.1622009 10161.3740234375
340.1624451 9917.708984375
358.1434937 11653.8486328125
366.1771545 11677.505859375
368.1556091 30298.0078125
375.2363892 12051.8505859375
397.2093811 9016.2060546875
415.8935242 8115.7192382813
419.1959534 13368.609375
447.2045593 43960.05078125
448.2098389 15018.875
474.3060913 39654.59375
475.3117981 9568.24609375
503.2473755 11572.9111328125
541.2440186 15372.3359375
559.2574463 11565.3818359375
649.2819824 16803.171875
683.3740234 12870.021484375
700.3996582 164533.84375
701.406189 51035.09375
728.3449707 15226.7529296875
771.4359131 151378.765625
772.4371948 57288.31640625
883.4593506 10685.732421875
902.4761353 121789.28125
903.4793091 54268.84765625
962.5285645 15649.958984375
962.9703369 12712.3896484375
963.5214844 17101.8203125
1055.526978 12177.8193359375
1088.557373 143064.421875
1089.571411 71082.03125
1125.783813 9834.8935546875
1178.604614 11605.900390625
1251.62207 71749.84375
1252.620361 35622.8203125
1348.675049 509252.5625
1349.67981 349172.6875
1350.678955 139780.71875
1449.735107 19145.07421875
1450.738281 12380.91796875
1462.731079 14152.68359375
1463.728638 11638.2333984375
1488.714111 17044.982421875
1489.725586 11458.2158203125
1506.744873 137042.78125
1507.748169 126964.2734375
1508.749023 39605.140625
1605.782959 19301.591796875
1935.291504 16118.9345703125
