1415.58240562811 2
101.0712662 12049.62109375
102.0557251 50936.5
103.5923462 11802.8779296875
104.0533218 23863.544921875
108.72435 11617.2216796875
110.0718231 27322.03515625
120.0814209 73713.515625
129.1025696 87283.734375
130.086792 30703.951171875
136.076004 87303.453125
138.8335724 12567.71875
144.678421 12620.3212890625
147.1128387 62995.11328125
155.081192 15628.1630859375
175.119278 50670.015625
186.1235657 16417.09765625
193.0959473 13895.4794921875
201.1241913 18785.91796875
215.1391754 205153.5625
216.1406708 19491.794921875
219.080368 20583.279296875
229.1188507 14066.7880859375
242.151886 14639.4560546875
243.1343842 68559.1875
244.1342621 12473.8330078125
245.0754852 17009.587890625
246.0093689 12672.3330078125
260.1984558 18676.16015625
275.0809937 22248.599609375
345.1013489 14732.9892578125
358.1603394 57007.27734375
423.262085 16415.18359375
509.3085632 16431.955078125
583.2896729 21262.12890625
584.2886963 22093.869140625
681.6757813 13930.4033203125
691.3469238 14035.9345703125
697.333313 60137.37890625
698.3395386 16524.341796875
707.3605347 23549.328125
708.3493652 20196.8046875
746.8878784 18922.6796875
812.3580933 26639.171875
927.3925171 27350.171875
1058.431885 17073.05859375
1133.517944 15716.978515625
1173.432251 59820.11328125
1174.456787 27141.69140625
