1262.62120255369 3
99.69132233 1161.4580078125
102.0553055 1924.0699462891
110.0713959 4182.7944335938
129.0662994 1299.8776855469
129.1022797 38304.41015625
129.1112518 2155.970703125
130.0858917 1526.5612792969
130.1059418 2278.3666992188
147.1126556 8106.1147460938
149.0227509 4249.357421875
150.0269928 1053.1491699219
156.9059143 1130.7994384766
158.0924377 1421.3072509766
159.112854 2075.9208984375
175.1186218 7795.275390625
187.1063538 1078.5859375
210.0792694 205357.8125
211.0823669 80951.1015625
211.1132813 1162.7180175781
212.0739136 90491.4453125
213.0792236 7205.5581054688
216.1343536 6462.4350585938
226.1157532 1250.0568847656
240.1344299 1696.4672851563
246.1269989 8210.5537109375
247.1292572 2181.9438476563
272.1471252 2310.6396484375
274.1208801 1930.0235595703
281.1517334 1079.5408935547
304.1610718 2134.1867675781
335.2569275 1078.091796875
345.1755066 1702.3128662109
362.1913147 1158.2761230469
371.1946106 1591.1549072266
388.5195313 1654.2169189453
403.2041016 1398.4978027344
420.2294312 9928.7021484375
421.230896 8854.076171875
422.2214966 1752.9163818359
432.2571106 4004.3276367188
456.7072449 1778.2723388672
465.708374 1720.2088623047
538.7653809 2618.1896972656
539.262146 1664.8726806641
561.2985229 1874.6944580078
574.2773438 1215.0544433594
582.2807617 10570.69921875
582.777832 7238.3276367188
690.3334351 4622.177734375
713.3624268 1363.2578125
819.3739624 6166.2880859375
899.4968872 1294.9195556641
930.407959 1474.2947998047
948.4208984 8387.0791015625
949.4222412 4270.0546875
