1323.579924 2
101.0713272 4352.8759765625
102.0556717 4398.3901367188
104.0534134 43474.32421875
115.0213699 3632.8427734375
115.8294067 3564.9045410156
120.0812378 7567.9741210938
129.1024933 17813.962890625
136.0758057 13990.3994140625
147.1126709 6708.1352539063
149.074585 18070.48828125
158.0927582 4925.7099609375
175.1189728 23489.517578125
243.0801392 7836.693359375
247.0747681 5037.6572265625
260.1064453 19509.345703125
307.1446228 5060.330078125
339.4385071 4078.2473144531
371.8497925 4357.2387695313
539.8723755 4482.9072265625
548.2785034 19762.8984375
618.3518066 5315.6801757813
619.3346558 4362.7626953125
630.2776489 6504.27734375
661.3369141 28230.916015625
662.3395386 20260.2109375
663.3122559 34861.11328125
824.4707031 4231.75
933.4398804 4455.2700195313
934.437561 5154.1127929688
1021.064026 4640.32421875
1021.416077 6062.0390625
1064.467896 20142.958984375
1065.470337 7002.7055664063
