1461.65650139712 3
110.0718307 78094.1328125
129.1027069 87011.2109375
133.0432587 63309.12109375
158.092804 15916.3232421875
171.0771179 14883.7919921875
175.1193085 66482.34375
178.9163971 10399.8759765625
189.0695801 19323.345703125
230.1523743 12123.2080078125
234.0921478 22313.681640625
286.1510315 14616.83984375
303.1781311 16753.15234375
316.0092468 10210.6875
370.6558838 17676.75390625
379.1705322 20942.7109375
404.225647 45728.12890625
407.7021484 20071.337890625
463.2148438 14302.34375
482.219696 15310.0107421875
482.5472107 21379.8515625
487.8963013 15100.3095703125
488.3197327 156123.1875
564.2582397 160588.40625
565.262207 21703.4453125
601.2918701 15972.49609375
677.3324585 95115.171875
678.3335571 22105.53125
814.3995361 14027.6220703125
1088.199707 12272.3681640625
