1325.75395601856 3
98.02423859 210385.84375
110.0718002 2035978.625
111.0753632 167694.0
112.0879745 201501.078125
120.0814743 260086.171875
128.1593781 187888.203125
129.065979 161612.875
129.1026764 4151665.25
143.0452881 267987.0
143.1181488 958825.75
145.0614014 170341.515625
158.0938568 215158.859375
159.1002502 163135.515625
167.045578 200739.171875
168.077179 353190.96875
169.0967712 598652.25
170.0552673 203883.5
171.0759125 202157.5625
171.1125183 268461.15625
173.1290894 266345.5
175.1192932 2157707.75
183.1126251 184929.40625
183.1502228 167412.390625
185.0562897 1479838.75
186.0608826 195398.3125
186.0869293 166617.421875
187.1452026 156268.640625
195.0401917 624367.875
202.0828094 221241.890625
212.0661469 374018.65625
212.1404877 244663.84375
213.0507202 376755.21875
217.0821838 210824.71875
223.155838 645055.5
225.1239166 175181.765625
228.6507111 299865.40625
230.0770111 1817462.875
230.1137238 170205.609375
230.1502228 800335.4375
254.1492462 216397.515625
271.1780701 371128.78125
280.1301575 293734.25
282.1451416 283638.1875
282.178009 201214.484375
288.2038879 340793.59375
292.7008057 218968.46875
298.1392822 866818.9375
299.1722717 312356.78125
351.1658936 387618.46875
359.2402649 369119.5
428.2695313 644950.1875
428.7771912 207022.28125
435.2664795 216997.1875
439.2682495 690504.5
443.7742615 222702.96875
456.2940369 4168556.75
457.29776 1002090.3125
472.3218079 197185.46875
473.2330933 275477.9375
483.2985229 291010.6875
483.7928162 1764892.5
497.2992554 279240.625
584.3876953 311898.1875
595.3027954 195681.875
600.383606 214772.828125
662.119812 226175.0625
666.3374634 389440.90625
685.439209 1342339.625
686.4335938 680477.25
717.2081909 196087.796875
822.4807739 896969.4375
823.4813843 556915.0
855.536499 980265.4375
