2893.56142756241 3
200.1406097 80254.453125
201.1244049 114391.2421875
211.1446533 74649.2890625
215.140274 81697.4453125
224.1029663 89658.7265625
226.1188354 88262.140625
228.1342316 66252.3359375
232.1401825 69076.015625
242.1122894 111532.46875
242.1507263 59820.3125
246.130661 71303.0625
251.3856964 73620.3671875
256.1281433 93248.828125
274.1190796 67138.734375
287.1379089 95320.2265625
296.1980896 69253.375
325.1882629 342466.65625
341.1835022 78807.203125
345.1393738 98281.2578125
347.7654114 87833.625
351.6358032 98342.125
355.1986389 111514.0
356.1934509 115219.984375
357.1784363 292956.8125
358.2113342 90287.765625
361.4631042 77630.171875
381.8677979 76380.9765625
386.2056885 110741.9296875
399.1956177 136805.890625
402.1712952 147959.625
410.2790527 93088.3671875
411.2301636 88922.265625
416.2275391 104985.1640625
438.2732239 319802.21875
444.2094421 102141.859375
453.2496033 367304.59375
483.223877 581939.4375
483.287262 97069.8984375
484.2229614 113036.4296875
495.2745056 86222.921875
496.2545471 478629.5
501.2311707 444879.78125
502.2358704 109973.9140625
513.2799683 3394970.75
514.2820435 983188.1875
515.2835083 149108.578125
528.227417 98460.5859375
529.2462158 88931.359375
580.2850952 116818.5
586.3130493 159504.546875
595.3309326 95902.578125
596.3081055 504960.125
612.348938 1173609.125
613.3526611 440445.90625
614.317627 871311.625
615.3234863 353465.875
636.335144 109460.0546875
654.3476563 109044.671875
711.4130249 625581.0625
712.4234619 141277.3125
812.4667969 1130722.5
813.4630737 562845.5625
814.4721069 148386.671875
824.4424438 151177.96875
828.4403076 130893.5625
870.4281006 525983.6875
871.4261475 99467.203125
883.5014648 710200.75
884.5050049 273395.9375
938.4856567 121854.9140625
940.515564 126755.1796875
955.5045166 102488.9140625
966.4080811 1075644.875
967.4232788 501310.15625
968.4145508 288645.75
974.5092773 93749.6015625
983.513855 140156.359375
984.5452271 1026160.5
985.553894 673095.9375
986.5466309 276009.71875
1051.56958 165703.375
1052.542847 526863.125
1053.529663 183563.8125
1071.524536 145982.515625
1097.632446 492568.875
1098.629517 156382.4375
1165.606201 118431.5078125
1182.480713 137177.546875
1301.742798 486543.96875
1302.760376 180171.890625
1311.44397 107393.3203125
1515.757568 124020.296875
1686.936401 122989.9140625
1687.961792 167678.125
1692.768677 183046.484375
1693.790161 147214.671875
1694.766479 132914.859375
1769.428223 106054.671875
1785.371094 128840.125
1911.438232 114230.921875
2138.045654 112343.2734375
