1932.89408865437 3
133.0428467 63687.87890625
136.0682068 10993.904296875
136.0758362 208258.015625
141.1017761 14893.720703125
143.1177521 24322.224609375
147.1124725 11192.361328125
155.0805359 11004.228515625
157.0964661 15720.0546875
157.133316 15476.7607421875
158.0924988 62028.58984375
159.0917664 21038.74609375
168.0791779 13211.376953125
171.1127777 16879.376953125
173.1285858 39998.65234375
175.118927 153923.8125
183.1123505 21139.6484375
183.1488647 37272.328125
183.1641235 14396.1474609375
184.1521606 13610.046875
185.1284485 15614.439453125
197.1288147 16886.431640625
198.0867462 25826.330078125
198.1239166 14048.59375
199.1803589 17443.296875
200.1398621 35627.67578125
201.1238708 67439.84375
205.0966187 26746.65625
207.1133118 15666.078125
211.1080017 13045.380859375
211.1437683 19679.509765625
211.3233643 10688.146484375
214.1551514 18412.2421875
216.0980225 89358.5703125
226.1184998 190574.984375
227.1224976 20699.171875
227.176178 17919.66796875
229.1184235 77143.8515625
233.1645355 66665.75
235.106781 15706.2099609375
241.0828552 20384.1484375
242.1488953 23633.29296875
243.1320953 15643.3779296875
244.1429291 14923.205078125
244.1648254 52568.890625
245.1239166 23570.32421875
246.126358 17647.611328125
249.1240387 21886.4375
249.1602478 112230.8046875
250.0815582 13837.63671875
251.1208496 34958.515625
253.1306 59447.2890625
258.1086121 75350.25
262.1513367 30549.302734375
263.152771 15393.5068359375
264.3348083 15131.3935546875
272.1729431 19109.595703125
274.1211243 212222.0625
275.125885 24555.87890625
277.1239014 15120.1806640625
277.1551208 105885.2578125
278.1574707 22291.74609375
280.1130066 31785.341796875
283.1436768 21320.724609375
285.1192017 17093.5234375
292.1294861 81956.8203125
294.1818542 19239.08203125
296.105835 29732.908203125
298.1390381 20318.146484375
302.114563 23345.90625
304.166687 23666.451171875
311.1359863 21188.541015625
324.0987854 17722.259765625
332.1576233 35695.6171875
339.1682434 19003.939453125
339.2043457 92937.125
340.2039795 57437.78125
346.1740112 22711.48046875
348.123291 14359.97265625
349.1820679 132168.328125
350.1852112 16822.498046875
365.1290588 38897.7578125
386.7180786 16247.18359375
410.986908 19702.482421875
421.1739807 69855.1640625
424.225647 29870.056640625
426.2012024 28409.642578125
452.1607971 79508.78125
462.2678833 253684.46875
463.2702026 76628.4609375
489.2161865 23170.759765625
520.2495117 19317.212890625
561.336792 75448.59375
565.2496338 19954.126953125
581.203186 81589.5546875
582.2128906 24505.962890625
601.3274536 19316.611328125
618.357666 593226.1875
619.3599854 135878.796875
620.3608398 23954.81640625
646.3571777 19302.53515625
680.2741089 19951.6953125
694.2879028 123386.8359375
695.2973633 26304.00390625
765.4277954 283274.875
766.4252319 171795.984375
767.4282227 66329.921875
793.3537598 66957.5078125
805.4054565 28688.00390625
832.4830933 23426.578125
833.4830933 25100.43359375
834.444519 251853.828125
835.4492188 460706.90625
836.4541016 223046.21875
837.4559326 38421.55078125
841.4068604 21235.732421875
856.4648438 24573.333984375
921.1307373 20451.751953125
925.4581299 220551.09375
926.4581299 112822.578125
927.4671021 25408.0625
947.5284424 26208.541015625
948.5200806 120337.78125
949.5386353 66548.90625
970.4662476 20002.84765625
987.4859009 35174.90625
988.5163574 21305.998046875
1036.491699 25436.5546875
1037.495117 24651.357421875
1053.517578 21003.83984375
1054.529053 25757.11328125
1056.928589 20020.06640625
1077.600464 26530.63671875
1140.550415 69937.09375
1141.552979 23839.857421875
