1233.61200554862 3
86.09719086 2848034.5
87.10061646 136447.90625
92.0342865 32864.84765625
93.045784 27676.17578125
101.0717697 127031.578125
102.0556641 47643.8125
104.0534363 114018.25
108.2553329 32593.083984375
110.0717621 1058900.5
112.0873642 40186.6796875
113.0714951 36370.84375
116.0712433 61452.48046875
120.0810089 191515.3125
127.0869904 203557.21875
129.066391 31941.314453125
129.1027985 110787.1171875
130.0656586 122027.4375
130.0871124 40399.0
131.1181183 304874.625
132.08078 97643.1796875
136.075943 114171.4140625
147.1128082 106400.59375
157.7783508 28546.875
159.0918579 528456.1875
160.095871 30802.7578125
163.4568176 26080.1171875
166.0621185 25299.38671875
170.0605927 24638.42578125
173.1300201 27749.822265625
175.1192169 782047.8125
182.1291809 321622.09375
183.1128693 254886.171875
187.0869904 51580.95703125
199.181366 36082.87109375
200.1397095 335836.53125
203.1221313 55703.1875
208.0971069 60492.23828125
210.1244659 135769.0
224.1194763 40410.74609375
225.1233826 107682.8515625
228.1352081 117863.1328125
231.1128845 34815.94140625
239.1143646 32469.501953125
242.1503296 150096.375
247.6450348 101257.78125
249.0990143 58401.87109375
258.1614075 57684.13671875
267.1085205 177703.875
286.1530762 33542.41796875
296.1513672 32230.41015625
312.1781921 597365.4375
313.181427 46009.11328125
324.1470642 137832.53125
344.7059937 26965.873046875
345.1594849 27655.345703125
354.1647644 797701.625
354.6659546 208394.953125
355.1669312 49564.55078125
378.1410217 124440.5390625
396.1505127 39736.0234375
423.214386 102904.453125
438.6911621 249940.578125
439.1946106 59621.78125
441.2216187 243264.46875
442.2226257 44331.1640625
447.206665 257380.734375
447.7073669 117856.9609375
448.2095947 43430.72265625
485.2781982 76130.21875
496.7388 51235.94921875
506.2472229 115959.75
543.24823 29378.140625
551.7609863 121441.125
552.2564697 406176.375
552.7592773 56876.2421875
553.2557983 138868.5625
570.2645264 555135.1875
571.2633057 176105.1875
578.288147 28043.421875
582.2296143 27050.0859375
643.8416748 25948.09765625
647.2839966 31631.2109375
663.2854004 36227.2109375
707.3218994 649386.0625
708.3240356 247790.65625
712.6530762 28902.109375
732.3718872 33796.890625
792.3303833 33137.90625
793.0702515 28095.255859375
893.4038696 334213.53125
894.3979492 142425.40625
1013.10321 28120.857421875
