1661.76688089639 2
114.9380493 25921.966796875
120.0812836 506949.59375
129.0654297 41417.7265625
129.102417 45689.1015625
135.6099854 31860.4765625
157.0496521 30278.640625
159.1128998 376215.15625
175.1187897 231198.34375
187.1077576 426574.90625
199.1073914 230785.15625
227.1026611 340174.0625
229.6945038 33734.83984375
245.1283569 72023.4921875
246.1556702 159550.75
355.1616516 238791.28125
356.1631165 58503.35546875
426.2037048 58398.8984375
432.2377319 104665.3671875
451.3452148 41148.00390625
451.8193665 41928.7890625
561.2800903 67094.234375
656.2872925 67245.0
664.8068848 145535.484375
665.3023682 101555.5859375
665.8002319 68306.3203125
675.3278809 67583.8515625
676.3226929 79253.6953125
738.8448486 50714.48828125
831.4880981 91093.65625
884.904541 51494.1484375
903.4024048 448860.15625
904.4061279 70691.5234375
974.4432983 495074.8125
975.4525757 252406.0625
976.4541626 182383.65625
1047.51355 59305.7421875
1085.478271 205137.5
1102.502075 412891.40625
1103.515137 314101.375
1214.542969 62865.3359375
1231.550659 340654.0
1232.546021 264813.59375
1328.595581 740779.5
1329.608032 454220.625
