3223.53285296632 4
227.1741638 9596.5146484375
235.1819 7200.2895507813
252.0356293 13667.998046875
261.0914917 7678.9521484375
266.1871948 9930.7578125
274.1215515 9026.3193359375
294.1822205 11870.7763671875
295.1860046 7619.166015625
298.1035156 10798.095703125
311.2073059 8782.720703125
315.1306763 12354.3955078125
351.168457 11633.599609375
363.9990845 9411.1640625
371.2424011 50156.125
372.2447815 11109.9072265625
373.6871338 12576.1318359375
382.2185974 12954.169921875
388.256897 14365.6201171875
389.0642395 9355.3232421875
397.4981384 9315.8115234375
399.6985474 9590.884765625
422.2001648 10252.1494140625
422.2478333 30458.78125
422.7093811 12017.904296875
470.7355652 10498.2626953125
520.2669678 13333.68359375
520.7672119 10805.2099609375
545.2855225 13903.7587890625
563.2769165 9633.81640625
578.3137817 11232.2890625
580.3120117 15016.255859375
583.9926758 11684.0263671875
608.3079224 13289.0517578125
612.812439 46233.00390625
613.305603 11532.1357421875
614.3085327 14846.9541015625
626.8189087 14842.3447265625
632.3183594 17850.37109375
634.8265381 211496.078125
635.3273315 154824.765625
635.8323364 42850.875
636.3270264 11304.9150390625
677.3289185 11679.3349609375
684.3271484 11380.0693359375
692.3458862 18365.28125
692.8359375 13369.021484375
693.3313599 18427.474609375
693.8543701 11616.103515625
701.3327637 38259.6953125
712.4295654 17090.2421875
718.3564453 82324.453125
719.3668823 20525.90625
727.8560181 16805.44921875
728.3574219 44073.96875
729.3421021 20450.734375
746.3584595 554394.5625
747.3589478 227690.140625
748.3654175 81273.21875
756.3720703 163216.34375
756.8719482 128207.6484375
757.3709717 61990.625
789.3823853 19978.0234375
805.4744873 343531.34375
805.9057007 21013.236328125
806.4616699 298889.84375
806.9124146 20593.904296875
807.4058228 146789.328125
807.8833618 11484.4111328125
808.3892822 43075.640625
812.3861084 15458.6318359375
820.8897705 122078.171875
821.3960571 89263.0859375
821.9031372 14133.3154296875
822.4002686 15270.7041015625
826.727417 66517.8046875
827.0652466 55324.6796875
827.3966675 53052.578125
827.741394 12254.4912109375
873.4118652 20674.4140625
878.3974609 16448.623046875
881.4578857 12226.9833984375
886.4102783 171926.875
886.9144287 153856.515625
887.4163818 103570.8828125
887.9232178 18221.080078125
935.9494629 112631.6484375
936.4386597 70246.6796875
936.9505005 36802.1640625
953.4828491 11613.75390625
994.5085449 33614.796875
1000.966736 35418.03515625
1009.528503 29451.8828125
1010.527771 14889.7822265625
1011.533875 80253.78125
1012.531189 35862.48828125
1028.989014 97823.5234375
1029.480225 199408.796875
1029.967407 84220.6171875
1030.487305 35413.1875
1039.529541 104574.015625
1040.533325 70221.4140625
1084.496338 66055.921875
1084.993408 66514.8828125
1085.494751 44410.5078125
1085.999756 17227.57421875
1093.006958 67126.421875
1093.516113 57790.6171875
1094.009888 31298.755859375
1094.515991 20510.376953125
1099.506958 19576.0625
1121.530029 18089.05859375
1142.535645 38228.25
1143.043579 19278.634765625
1143.540527 21145.7890625
1144.053711 16204.3525390625
1167.609497 12841.1962890625
1168.607422 18494.5078125
1191.05957 50233.6875
1191.588379 37361.17578125
1192.065796 19690.806640625
1353.648438 15590.0283203125
1354.652832 21230.4296875
1366.65271 12929.2509765625
2992.361572 13493.6865234375
