1250.5940518595 3
87.05612183 4010.0671386719
93.04521179 2780.7355957031
101.0713577 12104.80078125
102.0554581 6849.6982421875
104.0535049 30746.625
104.3179016 3092.0246582031
110.071846 88064.8125
112.0878754 3801.0888671875
120.081337 4183.1567382813
129.0660248 3812.5148925781
129.1025391 46851.11328125
130.0865784 25035.150390625
143.1181183 3157.3950195313
147.113327 29916.78125
155.0815735 4862.6528320313
157.0971069 4385.7373046875
158.931488 3266.3793945313
166.0612946 3592.310546875
167.0810699 6447.4340820313
167.0937042 4505.0249023438
169.1347656 3097.7077636719
175.1191711 28656.48828125
179.3274689 3023.1501464844
182.0934143 5543.1694335938
185.0921173 5615.716796875
196.1445923 15010.9658203125
197.1287231 13208.65625
210.0791779 6943.662109375
213.9286041 3024.0769042969
214.1543884 3122.9597167969
217.0812683 4472.0244140625
224.1392975 10615.837890625
225.0984192 4105.1689453125
230.6242065 14989.5107421875
235.1186218 6197.7670898438
240.1339722 6426.0502929688
258.1468201 9571.251953125
267.6611938 17100.19921875
269.1077271 4391.4389648438
276.1538696 5095.7299804688
282.118927 6738.9379882813
296.1213989 3408.3354492188
297.6907654 3711.6569824219
304.6560364 3946.5141601563
316.6505737 4165.9306640625
332.1413879 4146.796875
345.1775208 4989.48828125
353.5460205 3141.9562988281
363.1860046 17184.74609375
367.1650085 3158.1923828125
371.1805725 4891.4018554688
373.1820068 12835.6142578125
373.6759644 18460.150390625
374.171814 3463.2302246094
374.2394104 10976.2412109375
375.1988831 4572.93359375
391.1838379 4816.8842773438
400.2677002 7015.8759765625
408.1940918 6127.25390625
416.2659302 3572.1872558594
417.2443848 19979.21484375
439.7092285 4135.8198242188
440.2085266 3615.8039550781
449.8734741 3187.3825683594
460.2445374 21478.58203125
580.4051514 3477.1396484375
634.298645 5607.189453125
635.2662354 4512.591796875
637.2810059 3443.2915039063
741.3602905 4322.3974609375
746.3383179 4593.453125
