1776.80532646199 2
129.1022949 19329.5078125
130.0862732 12552.9677734375
132.0694122 8024.0537109375
132.0768585 126040.1796875
133.0431366 16794.728515625
136.067749 9707.919921875
136.075882 157209.953125
137.0804596 8151.1635742188
139.8256683 5987.8598632813
147.112854 14759.0654296875
157.0972595 8715.908203125
158.0921631 13496.9296875
159.0911102 13685.4375
161.2653503 6687.44140625
167.0820465 7470.4165039063
169.0970306 10294.5849609375
175.1183929 15393.40234375
183.1495972 16726.171875
184.0727386 8758.470703125
185.0921326 22600.705078125
186.0882721 8293.8955078125
186.122757 12877.4833984375
197.1294556 9960.07421875
211.144165 18164.013671875
213.0323792 12250.5048828125
215.1376801 14245.576171875
223.2651062 8456.2119140625
226.1556091 14459.1796875
228.1342316 21752.998046875
231.0610809 23314.796875
242.1515808 8971.2265625
244.1429291 11254.97265625
244.165329 83117.296875
246.1536102 10132.34765625
247.0864105 40350.28125
247.4498138 8847.294921875
252.1334534 9234.5517578125
254.1510773 11763.7236328125
258.0551453 62978.421875
264.1345825 14917.2373046875
270.1463013 19136.68359375
273.0711975 12299.4423828125
275.0809631 184529.4375
276.0845032 11004.244140625
280.1672974 12322.1201171875
288.0986633 42228.80078125
325.187561 43160.296875
329.1245422 19204.447265625
330.1089478 17402.017578125
347.1366577 78956.6328125
369.2156982 13624.63671875
388.0973511 73629.171875
438.1492004 95891.7578125
473.1876831 16618.291015625
482.2904053 11216.1123046875
488.2539673 18551.5546875
501.1853638 45660.234375
502.1878662 18143.326171875
505.2789307 17354.208984375
572.2209473 87168.78125
573.2217407 11475.6298828125
578.2936401 19015.734375
643.256897 16072.7734375
664.3441162 17807.900390625
668.3468018 20672.4609375
672.3363647 15851.8681640625
686.8377686 13338.509765625
746.5390015 13808.21484375
845.5211182 14896.3564453125
888.9570313 14767.5029296875
919.3813477 13856.73046875
920.3829346 13379.6962890625
945.4460449 18581.171875
1019.480347 17383.767578125
1096.511108 18885.400390625
1131.551392 16442.201171875
1155.595215 53785.3984375
1156.590332 23697.27734375
1244.627075 15671.3310546875
1262.621338 107536.546875
1263.625244 69208.875
1264.633667 20032.609375
1322.643188 24381.052734375
1339.668335 119129.640625
1340.672241 62562.15234375
1341.681274 21600.486328125
1373.667603 16850.630859375
