1321.7055818361 3
92.03501129 30490.818359375
101.0714493 26242.076171875
102.0554581 28220.779296875
104.0532074 26272.62109375
110.0717773 432299.03125
112.0876083 34537.640625
113.1073685 51029.2734375
115.0869522 77416.203125
116.0708389 23043.619140625
120.0811844 486305.875
121.0846558 33071.265625
122.0716782 25384.11328125
127.0870361 17522.939453125
129.0937195 28559.53515625
129.1026154 437709.1875
130.0655823 157580.578125
130.0866547 271445.8125
131.1183929 21237.4453125
132.0811462 26033.171875
136.0757446 164104.359375
138.0662689 19970.93359375
138.0915527 25273.33984375
141.1021881 185022.375
143.1181793 166490.09375
147.1128387 411339.9375
148.1170959 18004.294921875
148.4503937 13391.1328125
155.0820007 165141.265625
157.0727692 21197.34765625
157.1331787 15804.51953125
158.0928955 68710.3671875
159.0919342 188594.640625
160.0926056 15992.6748046875
163.0861511 20529.685546875
166.0615692 17252.05859375
167.0933228 18633.587890625
170.0921783 18169.201171875
171.1127777 53055.65625
173.0923615 121274.9921875
175.1192627 308204.75
177.1021881 22244.03125
178.1340332 13542.4423828125
183.0766907 83596.828125
183.1128387 63535.3984375
183.1493073 254044.421875
184.1530762 16985.46875
185.0918732 16179.634765625
185.1649933 104986.1796875
195.0881805 86525.765625
198.1240845 15302.4150390625
199.1811676 131628.21875
201.0869751 98253.7265625
201.123642 361360.59375
202.0824127 17810.291015625
202.127594 14349.8779296875
204.1344299 15670.125
211.1215515 31249.216796875
211.1444855 212270.453125
213.1605835 62260.171875
219.1132202 76563.453125
222.0872192 22414.59375
226.1187897 84220.328125
226.1550903 35285.80078125
227.1019745 15669.85546875
227.155426 20831.30078125
227.1755676 64412.4921875
228.1344452 69755.15625
228.1752625 18348.498046875
229.1176453 30062.63671875
229.1547699 27326.60546875
230.1507874 15443.1015625
233.1655731 72161.7421875
238.0832825 18885.625
239.1144257 108775.2578125
242.1498871 20106.4453125
242.1859131 21048.751953125
244.1658478 63513.98046875
254.1257324 21118.734375
254.1505127 55472.30078125
255.1088409 24963.505859375
258.1448669 30230.234375
260.1965332 125825.3125
267.1158142 22193.373046875
272.1360779 152005.6875
272.1754456 26497.359375
277.1575317 17292.365234375
282.1439209 33332.0859375
283.1478882 22588.033203125
284.1996155 17579.6953125
289.1615906 112266.7265625
311.1391296 17523.794921875
324.2262573 27951.115234375
339.2386475 19167.775390625
340.1609497 140046.375
341.1617126 24636.2421875
353.2679138 14589.5673828125
357.2063904 29072.58984375
357.2499084 772072.75
358.2524414 115844.3046875
363.1560974 18849.626953125
366.4312439 17340.787109375
367.2345276 63018.953125
368.1940613 25636.373046875
381.1661072 24390.62109375
385.2190247 33940.4375
394.1736145 18669.939453125
395.2268982 26757.49609375
402.2463684 468006.09375
403.2458496 74795.8671875
407.1838684 34843.15625
425.1897888 30721.5703125
428.1914978 34910.0859375
444.2804565 72476.5390625
452.2436523 20630.42578125
452.3242798 23904.216796875
453.2441406 19023.53515625
461.2532349 19754.71875
468.2531128 64500.46484375
470.3355713 339140.71875
471.3375549 58244.6328125
487.3245239 19745.5546875
498.3123474 20684.134765625
515.3307495 388280.0
516.3306274 64342.49609375
536.3204346 36159.1015625
548.3330688 18941.03515625
548.8388062 23833.314453125
582.328064 61408.60546875
583.4174194 163729.109375
584.4214478 34831.19921875
610.3359375 19639.904296875
619.2914429 21381.849609375
628.4105835 33869.98828125
649.3986816 18349.302734375
679.336731 33608.06640625
681.8101807 19992.060546875
682.4761963 22551.41796875
687.380249 26398.810546875
696.3629761 104165.125
697.3619385 24392.55859375
742.4523926 27522.4765625
753.5393066 18388.748046875
766.3548584 26788.8203125
784.4373779 235619.390625
785.432312 87564.5078125
786.4489746 22707.443359375
967.5648804 19416.994140625
1235.998901 19712.28515625
