988.568362347962 2
69.66262054 85120.9765625
70.06581116 386187.1875
70.58787537 86956.7265625
72.08168793 1999223.125
74.06050873 291176.78125
80.96005249 107443.4609375
84.04504395 191305.875
84.08139038 704780.5625
86.09710693 5590211.5
86.10237122 183103.828125
87.1006012 187001.578125
101.0713196 376429.15625
110.0716324 138148.421875
120.0809555 252186.890625
126.6676788 99580.140625
129.0663605 145887.953125
129.1023712 580657.875
130.0863342 242784.578125
136.0761871 113289.828125
143.1179657 2000199.375
147.1125641 561457.3125
160.042984 207743.359375
171.1127167 696258.625
172.1161041 144564.0
175.1194763 456929.25
183.1121216 128377.4921875
201.0850983 103860.9765625
201.1243744 172896.15625
215.1391602 174627.421875
217.1377869 114808.203125
228.1347504 475920.25
243.1337433 160066.296875
246.1308289 104246.4453125
257.1641846 221687.8125
258.1462402 571629.125
275.1708679 405238.4375
279.1053162 93853.84375
314.1348877 125280.2109375
361.2473755 114820.8203125
475.2874451 156742.46875
495.29422 164948.796875
561.3239136 235778.359375
576.331604 209355.765625
692.3612671 191568.875
705.3737183 212126.25
706.3800049 120195.7578125
763.3999634 178384.1875
