2156.98662092226 2
173.0928192 14518.7861328125
212.121994 14558.673828125
227.1036682 15040.60546875
228.1460114 16999.892578125
240.1339264 17713.05078125
258.1439514 47393.40234375
265.0946655 13627.0888671875
276.1549988 15867.494140625
316.8191528 14149.125
347.1937561 62258.03125
457.243866 25582.341796875
458.2278748 19553.423828125
475.2518311 31250.412109375
571.7325439 59123.54296875
588.3397217 48476.7734375
589.3422241 13345.5634765625
620.2825317 15260.533203125
679.3547974 15059.4619140625
685.7874146 21494.689453125
686.2865601 20685.3203125
787.3118896 59985.2890625
787.4325562 46788.51953125
959.8866577 19197.97265625
1013.41394 22902.568359375
1030.018433 21311.396484375
1078.606934 71244.09375
1078.996704 161838.421875
1079.472534 128811.0625
1080.001587 83613.796875
1080.557617 20637.212890625
1142.447998 108824.71875
1143.459473 56059.359375
1255.546387 31630.71484375
1256.520752 18860.82421875
1290.583984 49412.49609375
1370.55249 104576.625
1371.560913 79907.1796875
1372.568848 25706.84375
1441.628784 29560.787109375
1443.611206 21624.576171875
1569.649902 54067.21875
1570.687744 23664.154296875
1655.726074 21517.0078125
1682.736816 24927.55859375
1683.772949 20127.794921875
