1750.88664838897 2
127.0865173 14444.64453125
129.0650482 7485.7729492188
129.1018982 42279.1640625
130.086319 11466.5166015625
136.0754089 51784.46484375
141.1017609 9819.390625
147.1119232 9769.427734375
152.3071442 6915.8969726563
155.0816193 14153.78515625
158.092392 8764.767578125
159.0914154 54058.9921875
159.1125336 21005.32421875
169.0967255 18740.8046875
169.1345215 8194.462890625
173.1273193 10307.46484375
175.1185455 48222.12890625
179.0688934 7120.5551757813
181.0979614 11003.0458984375
185.0924225 10476.8037109375
187.086792 10871.32421875
197.1289825 14315.3681640625
199.1083527 10659.123046875
199.1802673 38756.98828125
201.1233978 8442.62890625
216.0984497 13498.9921875
217.0978394 9458.8017578125
221.1285095 98001.03125
222.1298218 11301.03125
226.1187439 11526.4990234375
227.1024933 19716.947265625
227.1750183 36196.6640625
242.151474 8816.572265625
249.1238403 65673.4296875
252.1334229 18167.013671875
262.0899353 7710.876953125
266.1582031 10755.6044921875
270.1453552 37219.27734375
284.1720886 19268.060546875
286.1555786 12682.7021484375
294.1815186 12052.06640625
304.1639709 9475.162109375
305.4846497 8764.4013671875
316.1652832 16345.123046875
318.1447449 156540.671875
319.1464233 12921.3623046875
321.1181641 10300.1875
322.156311 11908.2275390625
326.1723328 18699.376953125
336.1556396 47396.85546875
350.1500854 21354.5703125
387.1846008 9777.1494140625
416.2622375 46831.83203125
417.2122192 58537.32421875
442.2431946 19573.021484375
494.221405 10634.2109375
543.2901001 44350.37890625
585.375061 46432.140625
586.3775024 36250.8046875
587.3778687 40184.375
642.3607788 37611.05078125
648.0921631 10410.3876953125
722.348938 36302.83984375
740.3560791 14539.3115234375
850.4464111 44596.1953125
868.4536743 220390.4375
869.4439087 71429.953125
870.4718628 23077.29296875
875.4571533 84855.46875
876.4632568 49579.95703125
877.4873657 20039.375
967.5222168 50645.2421875
968.5245972 21208.388671875
1100.464355 14298.9658203125
1112.564819 79759.78125
1130.587402 47469.08984375
1131.597046 19415.201171875
1132.595703 17836.578125
1264.637451 13406.1396484375
1316.676758 48403.0
1317.664917 20626.091796875
1369.748535 97991.7890625
1370.73999 69776.546875
1371.741821 21708.216796875
1554.421265 14867.70703125
