1470.66653160233 2
102.0555878 64608.2734375
103.0546112 47323.9453125
114.6725082 42573.05859375
115.0870361 1410237.875
116.0711365 46211.26171875
120.0813599 745400.375
121.0845566 59400.515625
129.0662079 72493.5234375
129.1029053 65167.4375
130.0653534 45520.8359375
130.0979614 48247.6328125
133.043457 44109.1484375
136.0758667 458401.65625
137.0801849 52598.52734375
144.4455566 42771.359375
157.0969238 51820.17578125
158.0926361 169160.578125
159.0920868 202586.890625
169.0600128 63137.8203125
175.118927 571675.5
181.0970154 170357.5625
186.0883636 57687.91015625
198.1238403 661443.9375
213.0859375 53402.0
218.726944 48542.94921875
226.118927 2066632.375
227.1222687 235039.546875
230.0774841 63356.29296875
235.1070557 44216.91796875
245.125412 102105.6640625
246.1248169 79614.5546875
247.1076813 216827.078125
255.145813 76544.25
260.1383667 50282.59765625
262.1517944 91093.9453125
264.134613 194960.71875
272.1710815 217053.78125
273.1770325 56241.6640625
274.1202393 61761.59375
275.1026001 85250.1328125
292.1294861 259375.265625
332.1252136 46604.359375
341.1102295 274279.46875
349.1497803 54353.9375
350.1958008 44604.015625
359.2034607 298616.53125
375.1675415 84302.0078125
389.182373 386033.46875
392.1069031 72063.78125
403.1604614 74334.921875
409.218689 471347.84375
443.1575012 55313.8046875
445.1690063 52821.5703125
460.1828003 72209.8515625
472.2850037 71792.5859375
488.1786804 72119.40625
504.2110901 49574.48828125
538.2633057 411624.46875
539.2625732 105978.265625
543.3239136 88233.125
589.2421265 56859.875
667.3068848 360382.125
668.3078003 101416.96875
669.7915649 55045.984375
678.2995605 78158.609375
703.3530273 216925.03125
704.3587036 64097.234375
737.4099731 66489.2578125
853.3800049 572685.8125
854.3786011 249795.484375
855.3874512 66615.4765625
863.3847656 631459.625
864.385376 414672.71875
865.3792114 289005.03125
954.4320068 796250.9375
955.4381714 370244.0
962.4439697 254507.96875
963.4412842 105968.9921875
1065.474609 330485.28125
1066.46106 83515.5078125
1082.487915 525683.9375
1083.483398 330683.09375
1110.502563 61594.09765625
1140.473267 55274.609375
1210.512085 60872.39453125
1245.555542 1290733.5
1246.557617 1036237.0
1247.560791 329673.0625
1356.567505 275103.625
1357.556152 74491.0546875
1373.5979 174664.1875
1374.599854 165384.328125
1375.607178 70221.921875
