906.5286313443 2
63.21748352 19656.375
69.070755 150440.078125
70.02934265 27742.978515625
70.06600189 127940.03125
72.08165741 253801.03125
84.04488373 95517.3515625
84.08151245 418648.75
85.08503723 29992.228515625
86.09712219 2887063.75
87.05607605 259002.234375
87.1003952 178747.484375
102.0555801 33957.69140625
104.0538025 24742.05859375
105.066452 29522.62109375
108.6503601 20991.013671875
120.0811768 497527.5625
121.0847015 33734.3671875
128.1071472 261155.96875
129.0668488 29530.724609375
129.1024933 596309.8125
130.0654297 137823.40625
130.0866394 249069.4375
130.1061249 25009.154296875
132.0811462 54445.34375
136.0756073 235598.671875
140.7315674 20800.65625
143.1178741 180215.140625
145.0603333 34487.68359375
147.112915 578354.5
148.1161804 28507.619140625
151.6697998 20509.353515625
159.0920105 218491.65625
159.1126251 35103.00390625
169.0953064 22470.44921875
170.059845 113744.890625
171.1124573 41055.25390625
173.1286469 3364969.25
173.3698425 20762.6875
174.1325226 296676.90625
175.0867462 49027.3984375
175.1194 167550.296875
177.1026306 84756.2578125
181.0613861 26401.53515625
183.1140442 28180.515625
187.0717163 26077.34765625
187.0875549 31901.59765625
187.1079865 30478.498046875
197.1288147 36522.7265625
199.1807251 360522.125
199.3797455 25777.396484375
200.1415863 131101.171875
200.1839294 34079.12890625
201.1234589 572893.875
202.1266479 53423.5
207.1133423 127053.625
207.9976654 21805.921875
215.1398315 145021.5625
217.1364746 23161.2890625
227.1755371 228167.59375
228.1355286 33887.1875
243.1341553 149442.875
255.1498108 92904.1484375
262.1404419 143537.34375
272.1746826 127816.8515625
286.1395569 42065.8828125
288.2033997 26833.396484375
294.1810913 191564.78125
300.1564941 162107.46875
301.1581116 30534.4921875
314.2075806 28048.36328125
329.2225647 29982.31640625
351.2036743 427166.8125
352.2051086 115286.4609375
385.256012 127654.828125
386.2600403 40330.3828125
419.2257385 107591.3515625
447.2254333 35915.72265625
457.2886353 52719.2421875
462.2330933 199358.75
474.2853088 29884.681640625
480.2444458 335251.8125
481.2461853 99639.421875
565.9014893 26974.169921875
593.3269043 359844.6875
594.3320313 140434.734375
659.3415527 87786.1796875
706.4154663 468613.21875
707.4193115 212990.671875
708.4129639 26404.8515625
