1691.86785759582 2
118.8923569 30625.94140625
120.0807571 102962.3828125
129.1021881 57811.26171875
130.0861206 52344.25
135.9729309 29235.8359375
136.0757446 58429.2109375
147.1131439 49405.73828125
150.8120575 38323.2265625
155.6993561 29698.751953125
157.1338196 564950.375
173.1282501 231770.640625
175.1186218 68544.3203125
183.1489258 43620.0859375
185.1286926 583831.9375
193.9452515 41978.875
197.1278229 91650.8515625
199.1077728 187015.296875
201.1236115 41845.38671875
215.1393585 67803.90625
218.1503448 223615.28125
226.1200104 48702.64453125
227.1033936 464876.46875
230.1131897 45355.20703125
233.3527069 35169.5546875
240.0977478 56875.65625
240.1703033 50688.76171875
241.1532593 47065.5078125
242.1502686 169875.84375
253.1571198 46369.5546875
264.2524719 37732.0625
268.1373596 73426.859375
268.165741 1705604.0
269.168396 190335.46875
286.1766663 651711.5625
287.1786804 44215.3671875
313.188385 41482.87890625
333.1773071 50664.546875
339.2395325 188841.21875
340.1866455 219298.109375
358.1720886 73898.5546875
367.2346497 181842.046875
404.1852112 63836.0859375
428.2892761 101225.7421875
441.2378235 59312.46484375
480.2442932 105523.3046875
569.2930908 81266.8984375
611.2866211 201650.421875
654.3218994 183889.40625
697.3547363 74023.34375
739.3461304 84564.515625
760.4065552 60757.3671875
828.3907471 82659.8125
896.7920532 65376.625
968.4505005 265283.40625
969.4648438 82329.9140625
1073.471191 60798.31640625
1081.538086 217630.40625
1082.532471 102883.25
1090.482788 98461.5859375
1210.556885 83506.1484375
1211.606323 62426.71875
1307.633789 805455.3125
1308.627441 604578.0
1309.630005 185889.265625
1492.020874 59762.93359375
1613.072754 76226.609375
