1387.65947638896 2
104.0533066 315799.9375
120.0811844 93611.328125
121.0490189 60361.546875
121.0644455 55879.27734375
129.1026154 89032.5625
147.1128387 69484.1484375
151.8686981 62279.14453125
158.0999603 128772.921875
159.0770111 77174.7109375
174.2743378 56570.52734375
203.1223145 771298.75
204.1341553 66889.8671875
215.0855103 77582.65625
231.1166382 274937.40625
335.1751709 122663.6875
345.1586304 81241.2109375
359.157196 81471.828125
448.259491 67804.1875
608.2808228 68245.359375
672.4816284 67662.21875
701.4238281 89131.265625
816.4508667 91328.0390625
821.8936768 75143.7734375
826.3858643 80964.8515625
915.5266113 122927.4140625
966.0912476 441848.40625
966.5722046 335978.09375
967.0823364 140925.921875
