1541.80061351587 2
112.0878677 19615.205078125
120.0810089 172769.578125
129.06604 22472.666015625
129.1024323 87021.265625
130.0652466 63031.55078125
132.0726624 16986.287109375
132.080719 149847.09375
133.0610504 17546.697265625
136.0756989 191648.703125
137.0796967 22265.212890625
142.4688263 17916.9765625
147.1130981 107825.5390625
159.0794983 24166.021484375
159.0913086 132871.046875
169.061264 15672.3662109375
169.0976105 17526.853515625
171.1127472 33312.125
173.0561981 17866.634765625
175.1191864 117435.125
187.0727386 20406.0625
187.0870209 248321.171875
197.1293488 22598.677734375
215.1398621 27906.8671875
221.093399 38499.67578125
228.9559021 21204.8828125
230.1287537 204083.6875
233.1659088 26964.240234375
243.1345825 28165.48828125
258.1245117 251525.046875
259.1283875 26533.833984375
260.1969604 70863.4296875
261.1602173 21819.375
265.1188965 28421.083984375
272.1236877 17485.953125
276.0674133 21091.193359375
286.1412659 27141.61328125
293.1135254 36254.10546875
363.1893921 20290.830078125
366.138916 22598.22265625
373.2813416 23781.90234375
394.1626892 25029.970703125
399.2257996 65577.125
401.213501 30069.2265625
502.325531 28797.390625
549.2741699 23235.083984375
567.1912842 18675.720703125
703.3745728 32644.51953125
743.8800659 22125.513671875
766.4249878 21188.76953125
767.4263306 23369.810546875
771.4896851 18685.654296875
951.5087891 93382.390625
952.4996948 37016.35546875
1016.572754 24846.767578125
1094.528198 22173.66796875
1121.607178 76595.9765625
1122.603882 67229.7265625
1284.659302 33017.71484375
