1952.85519924376 2
136.0758667 69384.5
139.8606262 4260.2104492188
147.1126099 16588.2109375
148.1164703 4405.1284179688
155.0832672 5130.3344726563
159.076004 7739.8549804688
159.0912781 5996.4052734375
169.097702 8119.9091796875
173.0917511 5154.9506835938
173.128418 14158.08203125
174.0915833 4837.5043945313
187.07164 15900.7861328125
192.1016388 6639.6337890625
195.285141 5596.818359375
197.1278076 5982.2954101563
201.1231842 13429.57421875
212.1031342 5139.126953125
213.0873108 6243.2080078125
215.1387329 6096.5522460938
219.1119995 10051.052734375
223.1071472 6528.0732421875
226.1192169 7500.84375
237.1235962 155297.34375
238.1260376 14032.31640625
242.1122894 7181.5810546875
244.0920868 9361.806640625
244.1654053 11909.791015625
245.0785522 8721.7880859375
246.1812439 12737.7841796875
251.1018982 8964.884765625
258.1091614 14628.138671875
262.1190491 16054.037109375
263.1014404 6239.220703125
263.1379395 7361.6000976563
265.1183472 42559.0859375
266.1204529 6163.7905273438
274.119751 10091.9326171875
279.098114 15863.494140625
290.0819397 12936.0234375
299.1121216 7272.970703125
314.7754517 6869.2924804688
317.1253052 6733.6538085938
323.1377563 8101.5385742188
327.1299133 16398.443359375
329.1801758 7551.0219726563
334.1400757 14117.6630859375
341.1469421 30770.29296875
341.2184448 52475.51171875
350.1347046 35210.32421875
361.1178589 52887.49609375
361.1868286 46709.05078125
362.1366577 8683.7099609375
370.1251831 6585.7319335938
375.2286377 9450.5498046875
380.146637 101309.109375
381.149292 9427.6220703125
392.1438904 10338.138671875
406.1642151 7173.974609375
432.1541443 23633.990234375
451.1809998 14497.6748046875
474.2070618 7349.1977539063
484.7459412 7358.2895507813
490.2528381 36725.90234375
504.2067566 8714.6328125
517.2352295 7568.7900390625
524.2563477 9110.7216796875
549.3049316 11844.8623046875
573.2388306 12502.0087890625
595.2197876 6674.6459960938
637.3199463 44371.765625
647.9838867 7460.75
708.3569336 35521.94140625
709.350769 12326.9541015625
771.9730225 8962.8125
779.3944702 26184.615234375
780.3948364 11999.662109375
801.3803101 13236.5146484375
908.4412842 13027.2294921875
978.4916992 9925.4951171875
1068.472656 66547.3671875
1069.472412 39867.94921875
1119.632324 12169.2490234375
1181.561279 45124.23828125
1182.545776 11168.17578125
1191.59375 11008.251953125
1344.616577 34057.08984375
1345.618652 14628.9453125
1431.642822 39611.87109375
1432.66272 36498.82421875
1433.673706 13216.7919921875
1502.698242 13710.9873046875
