838.380297822322 2
60.04510117 21901.291015625
70.065979 210483.890625
72.08163452 593202.0625
74.0608902 455294.84375
84.04512024 177728.796875
84.08157349 175841.65625
86.09713745 479151.5
87.05590057 20607.06640625
87.10086823 27553.5859375
101.0717163 25416.298828125
102.0555725 98235.6953125
104.0535355 168054.453125
105.7545013 18581.28515625
110.0719299 39185.9453125
113.0714722 34355.43359375
120.0812531 112750.0859375
127.0868301 31046.404296875
129.0661469 18025.29296875
129.1024628 233793.078125
130.0864716 122372.9140625
131.0817719 103851.3671875
136.075943 587321.875
137.0791016 28090.78515625
145.0611572 23368.24609375
147.1124573 181481.78125
158.0929565 18460.833984375
159.0769043 119417.328125
159.1134644 19258.171875
160.1771088 16163.53515625
171.0767975 20852.078125
175.1194305 113479.9453125
187.1079254 78652.4296875
205.1186066 31616.94921875
207.1131897 60114.0625
210.0255737 207131.578125
215.1393738 21364.369140625
216.0978394 25951.2421875
235.1446075 143549.9375
248.1608124 36902.25
278.1536255 99125.4140625
329.1835632 23209.994140625
349.2107239 39956.16015625
393.1799011 33008.66015625
492.2493591 31343.57421875
508.2900085 23951.99609375
576.3383179 130985.640625
576.4185181 19317.2265625
737.3275146 32419.783203125
