1081.58841640656 2
78.90241241 85635.3828125
84.04514313 157397.171875
84.08144379 788115.6875
86.09715271 2144109.5
87.05593872 90753.0625
88.04001617 374299.90625
92.02838135 148121.078125
101.0716171 176559.765625
106.4252319 76276.578125
110.0717773 105331.2734375
120.0810089 1130617.375
129.1023865 954111.1875
130.086792 183733.8125
130.1064301 87305.46875
133.0437775 126444.296875
136.0757294 132358.0625
147.113205 500765.28125
155.0813141 184349.4375
164.7120209 92993.8046875
169.1336517 138987.15625
171.0769043 137464.234375
175.1191559 175008.015625
178.0656738 183438.984375
179.3813019 97428.8203125
181.8390961 78486.0390625
183.1491699 720635.75
185.0559387 338402.375
185.0929718 100648.1953125
191.1187592 147799.25
195.0409241 150172.015625
197.1279755 200117.015625
199.1801605 112937.96875
200.1387177 91042.9296875
201.1233673 301849.53125
202.0826111 103067.1953125
211.1447296 108708.359375
212.1013947 115086.2578125
218.1502533 402623.25
219.0803375 170780.65625
230.0776978 383018.5
247.0747223 155146.671875
294.1799927 120780.4140625
310.2138672 159310.296875
312.1556702 155539.4375
321.0682678 110800.6640625
326.1707153 554597.5
329.1263733 95746.9765625
331.2341003 201015.859375
381.2498474 122312.4140625
425.2365723 106078.9921875
426.76651 142249.609375
513.3128052 196616.59375
527.3536987 756130.5
528.3587646 178159.453125
577.2802734 98702.2109375
589.3049316 156120.65625
642.3803101 209142.3125
686.3604126 341223.78125
687.364502 185823.84375
727.4398193 96599.5
728.4480591 108404.40625
755.3377075 126283.0546875
755.4630127 91626.1640625
756.4642944 131393.703125
766.4199829 94313.0859375
770.5339966 92435.4765625
780.4364624 106632.578125
