2807.35176227615 2
195.4231415 3608.9208984375
201.1232605 20861.404296875
209.8795471 3696.5322265625
214.1538696 4250.2309570313
217.0804596 4669.7685546875
218.1492615 6450.7709960938
226.1186981 28798.873046875
229.1186371 73365.0078125
233.1638336 4629.8022460938
240.0983124 5203.8251953125
258.10849 6381.7729492188
261.1610718 6690.6596679688
276.16922 9693.9169921875
289.1870728 33307.3515625
303.6754761 3918.1584472656
304.1287842 4298.3764648438
331.1645813 5776.6215820313
341.2185364 5123.0131835938
342.2020264 52724.5078125
343.2044983 5312.6943359375
346.1274109 6380.5766601563
390.20401 8326.388671875
402.2731628 32367.697265625
412.2019348 5749.2880859375
461.2778625 11376.65234375
489.2703857 10762.2890625
499.2283936 5718.3154296875
515.3573608 8153.7412109375
532.2055664 5540.62109375
636.3430786 7333.6762695313
642.2541504 5912.0678710938
643.4191284 8930.7451171875
684.4375 5909.83984375
757.312439 11420.25
758.3117676 6381.3525390625
773.328064 6099.6064453125
830.8591919 7471.5317382813
839.3319092 6223.177734375
870.3718872 6056.0385742188
878.8794556 35168.9375
879.3897095 24887.720703125
879.8861694 7538.0854492188
885.3720093 7418.4306640625
901.5043335 6523.0263671875
920.3904419 17472.7578125
921.3939819 7970.0864257813
929.4296875 6549.53515625
988.5261841 24575.37890625
994.4824219 8164.0708007813
995.4992676 6313.5634765625
998.4552612 9541.951171875
999.4483643 8740.796875
1065.523804 18438.80859375
1174.605713 9379.6962890625
1180.552368 10769.0654296875
1181.552246 9207.0380859375
1378.628052 6926.1708984375
1390.633789 7703.81640625
1391.61145 18674.12109375
1392.625366 7440.7841796875
1399.720337 68478.328125
1400.734253 54731.71484375
1401.723267 23139.673828125
1403.745239 9162.9248046875
1404.706299 29224.646484375
1405.68396 10685.701171875
1408.642212 42993.11328125
1409.631714 50237.82421875
1410.62793 15233.9013671875
1551.746826 7096.3168945313
1587.723389 6826.8315429688
1659.711548 9817.66796875
1693.280151 8002.8955078125
1756.747681 27773.115234375
1757.755859 39783.62109375
1758.764771 23772.96484375
2228.969971 7135.5625
