951.443382536284 2
70.06596375 259614.09375
72.08164978 358027.5
84.04479218 61843.12890625
84.08127594 74920.140625
86.09701538 493575.6875
87.0559845 113843.1015625
91.05503845 229677.96875
101.0712891 82945.125
115.0866852 62823.59765625
119.0493851 119177.984375
120.0811844 98825.7734375
129.1026306 100904.734375
136.0758667 2496187.0
137.0797577 102658.3125
147.1131744 79114.4765625
148.0761108 75147.8984375
175.119278 362354.0
193.0971069 98971.0625
221.0916901 130013.2578125
223.1079102 80845.203125
226.1186371 59212.265625
361.1984253 62870.88671875
546.2820435 102872.390625
617.3095093 97956.09375
731.3477173 77570.4765625
770.8005371 68479.2265625
770.9425049 53889.62890625
788.3731689 124526.1328125
930.8084717 62318.76171875
