1193.65583464278 2
84.04510498 125008.4765625
84.08139801 192271.703125
86.09712219 1672044.75
87.05589294 18107.59765625
87.10044861 78191.1953125
88.03981018 20629.27734375
91.05497742 16807.91796875
95.30459595 9118.7822265625
98.06062317 17701.8046875
101.0713272 79222.6953125
102.0550842 69361.2734375
104.0534973 60401.8046875
110.0714035 95680.328125
112.0876999 13204.0361328125
113.0713272 13869.9384765625
115.0872192 42862.62109375
116.0706711 76984.7421875
120.0810928 278829.4375
121.0848694 17071.951171875
127.0505447 17322.94140625
129.0661316 46628.44140625
129.1025238 479978.5
130.0494385 11478.888671875
130.0866547 59895.4609375
130.1061707 11282.669921875
133.0432892 11828.783203125
136.0757904 264816.03125
137.0791016 11118.478515625
140.0708618 12319.2255859375
141.1027374 21576.279296875
143.0810394 28884.47265625
143.1181183 13508.263671875
147.1130066 158078.78125
152.2158051 10290.7568359375
155.0819855 43069.13671875
155.1179657 14600.5439453125
157.0609131 10375.31640625
157.0974579 151562.453125
157.1335144 11582.9453125
158.0927124 51098.89453125
159.0769958 18485.576171875
159.0915375 15240.365234375
159.1127777 16944.3984375
161.0914764 76822.9140625
167.0810852 14345.576171875
168.6754608 11682.947265625
169.0975189 24396.39453125
169.1341095 23938.537109375
171.0767822 61183.86328125
173.1286469 104275.21875
175.1190643 216423.359375
183.0774689 11308.6044921875
183.1131592 56065.640625
183.1498871 18760.599609375
184.0713043 9798.23046875
184.1083374 11725.0546875
185.0917206 21404.798828125
185.1275177 19615.310546875
185.1651154 55714.8125
187.1445923 52159.50390625
189.086441 108225.1796875
193.0972137 22696.419921875
195.1129761 17607.529296875
197.1280823 42327.19921875
199.0720062 11337.75390625
199.1808319 165073.125
200.1036377 43931.13671875
200.1398773 49157.83984375
201.1236877 140401.703125
202.0818634 16674.70703125
202.1279602 19057.10546875
203.1022949 12908.310546875
204.1350861 13931.2421875
205.0980072 12857.29296875
207.1119537 14250.978515625
211.1443634 15738.083984375
212.10289 64110.265625
213.087204 42239.78515625
214.1192474 13658.0888671875
215.1388397 84906.46875
217.1381683 14720.0205078125
226.1190643 74618.734375
227.1035461 12951.525390625
227.1757507 61065.54296875
228.1000824 12082.775390625
228.134613 23642.375
229.1183167 160379.296875
230.1233673 10548.3125
231.096817 13736.4658203125
233.0933685 14419.33984375
233.1655579 45866.2265625
234.1451416 62216.33984375
243.1352234 46646.50390625
244.1305542 15054.70703125
244.1676788 14968.1455078125
249.1607056 21866.1796875
256.1664124 45164.22265625
264.0990906 17818.2890625
271.1768188 21392.23046875
278.113739 17634.12890625
282.1676025 20079.54296875
283.1297607 12288.4677734375
284.1607361 152851.65625
285.1612854 14080.0771484375
288.2038879 44211.23828125
294.1823425 13377.6533203125
302.1715698 41550.56640625
311.1351013 18568.212890625
313.1519165 18173.203125
314.2072754 38174.2109375
325.188385 22727.583984375
328.1133118 24106.833984375
329.1466675 13513.91796875
330.695282 37639.93359375
331.1982117 53360.14453125
341.1456909 16144.796875
342.2030334 98033.75
343.2363281 17661.841796875
349.1715698 15632.953125
355.1605835 19514.931640625
363.164917 18433.09375
370.6871643 16219.3681640625
379.2201843 53912.46484375
381.2102051 12506.642578125
399.1505737 18369.236328125
430.2672119 23514.576171875
444.2103577 14288.18359375
454.2308655 12533.4052734375
512.2475586 50328.5234375
527.2055664 16728.87109375
528.2116089 13270.4736328125
529.2700195 48697.94921875
530.2756348 13705.3671875
539.2842407 37627.20703125
555.3598022 11347.4228515625
563.3303223 43326.94140625
564.2598877 68860.5625
565.2617188 15345.0029296875
579.3259888 16832.810546875
598.3700562 111755.8984375
650.3632813 160230.9375
651.359436 48304.73046875
677.3468018 20568.525390625
718.6257324 13241.8291015625
738.3779907 14877.7158203125
740.3687744 471683.5625
741.3712158 153428.421875
757.4293823 51723.41796875
762.3872681 12659.669921875
779.4024658 260517.5625
780.4105835 110819.4375
781.4125977 19834.53125
808.4142456 11298.974609375
825.4203491 56171.5
835.4666138 13799.6962890625
853.4469604 20235.34375
892.4865112 190730.765625
893.4921875 133285.9375
894.4887695 18249.90234375
939.4554443 47310.16796875
966.5317383 22297.90234375
967.5387573 12268.2099609375
1005.569641 50637.23046875
1006.563049 36021.56640625
1038.521973 23988.591796875
1151.648193 12538.826171875
