1403.732924 2
98.76228333 2506.732421875
99.41394043 2544.1381835938
104.6292572 2195.9291992188
129.1026001 64313.4609375
130.0868378 17873.095703125
147.1128387 26665.076171875
172.1094513 2854.4167480469
175.1188965 19364.216796875
178.0540314 5854.9692382813
186.1247101 14576.8720703125
187.1088867 3902.099609375
197.1040192 4744.6977539063
198.0882416 4852.80078125
199.1076813 3035.8930664063
200.1036835 4892.818359375
204.1345367 45084.5546875
210.0264893 2672.8818359375
214.1309204 4450.689453125
216.098999 9610.9248046875
220.0640411 19355.451171875
232.1424408 3214.8195800781
236.0425568 2810.810546875
239.1510162 5528.4545898438
240.1340332 2522.7192382813
244.1669312 11338.89453125
257.1712646 2540.6940917969
260.0429077 2671.7446289063
305.1838074 19250.13671875
312.1317749 14741.6513671875
329.1590271 14817.177734375
344.1940918 6128.666015625
362.2047729 18121.794921875
383.2069702 3821.5366210938
389.2501221 22729.994140625
390.2549438 3109.2231445313
397.1808167 3185.9770507813
411.1986389 4489.6181640625
428.2272339 11238.228515625
431.2287292 4315.9184570313
449.2359619 26493.50390625
450.2416687 3920.4108886719
487.2525635 10016.4677734375
488.2390747 3645.5869140625
504.2756348 2895.5336914063
513.3175659 12535.51953125
541.3096924 24599.80078125
560.2716064 4195.6455078125
566.5935669 3054.1040039063
572.802124 2554.6354980469
578.3060303 2644.4252929688
584.3623047 3208.3486328125
612.3491211 22009.365234375
613.3544312 3568.2592773438
614.3320313 2802.3879394531
638.0274048 2466.3603515625
641.3392334 3546.9416503906
658.3505859 44058.95703125
659.3561401 19238.373046875
664.3278198 17467.779296875
684.3629761 10116.796875
684.8529053 10191.6376953125
685.3536377 18253.052734375
693.362854 15513.1796875
693.8587646 13031.9453125
694.3601685 4538.935546875
701.2906494 19807.8671875
701.394165 9176.7783203125
702.3751831 223626.4375
702.8668823 85916.0546875
703.3763428 90921.1875
712.4101563 10468.0625
713.4134521 3125.3483886719
740.4030762 27958.720703125
741.4091797 9742.1162109375
792.3962402 2944.0278320313
799.4413452 4959.3100585938
809.4378052 3472.0427246094
827.4348145 3608.9094238281
863.4216309 11881.4501953125
927.4939575 5994.6567382813
955.4983521 13732.67578125
956.4970093 4047.1384277344
1014.529724 5933.8930664063
1042.533081 8108.51171875
1099.55481 11563.052734375
1172.602295 10286.138671875
1173.587769 3730.7993164063
1257.619385 5151.3686523438
1258.616333 5198.59375
