1324.84524510999 2
104.0530777 18538.81640625
120.0810776 63104.8828125
129.1024475 132133.328125
130.0504913 35239.47265625
130.0866089 30175.193359375
136.0758972 68922.296875
147.0767059 59892.71875
147.1131897 86443.921875
157.0973511 28154.1328125
163.0884399 15075.798828125
169.1336823 677360.8125
170.1373749 27679.404296875
175.1193848 18664.03515625
185.1651154 275189.21875
186.1681061 26478.708984375
187.1438599 20485.34765625
197.1288757 312193.4375
198.1317139 18347.525390625
201.1245422 28645.123046875
213.1599884 117817.9765625
215.1391296 26827.3828125
229.1188507 32385.232421875
230.0780792 17618.83984375
235.1087646 35202.453125
243.1364746 18067.814453125
260.1970215 32135.8203125
263.1034546 66258.921875
278.1183777 16592.291015625
284.1609497 22975.505859375
296.1969604 23139.99609375
301.1881409 23856.1796875
310.2109375 19814.01953125
326.1714478 271506.4375
327.1743774 27347.064453125
344.180603 22912.0859375
376.1878357 73128.3828125
382.4916687 18173.921875
385.2552795 26073.521484375
403.8806763 18330.7734375
411.2623596 21310.41796875
415.2543945 36861.85546875
439.2546387 107052.6484375
460.315918 108674.359375
461.315155 20705.189453125
494.2919922 17176.630859375
508.2792053 25792.5
521.9793091 20550.640625
522.2923584 34439.37890625
526.2819214 18695.455078125
540.3034668 22670.615234375
556.850769 75203.7265625
557.3495483 92174.375
557.8510132 21604.884765625
609.3235474 26713.044921875
621.3551025 24350.46484375
639.3729858 33206.984375
674.4407349 96038.28125
675.4408569 27470.8984375
705.3943481 21916.98046875
722.4127197 22074.197265625
739.4746094 54851.63671875
787.5233154 91912.34375
788.5300293 28360.625
852.5491943 23376.20703125
857.4572754 28987.2734375
898.5574951 22487.76171875
916.5680542 290183.03125
917.5749512 159060.171875
1015.643799 118625.1640625
1016.645935 24047.8671875
1112.681396 91151.671875
1113.679443 66982.15625
