1378.61379809571 2
101.0718765 19500.02734375
102.0556946 41106.9921875
104.053688 8622.564453125
110.0721359 10501.923828125
112.0877914 9953.5361328125
113.0714951 6085.0747070313
115.0879364 7858.0068359375
116.0715942 7934.0678710938
120.0812683 8207.033203125
120.553772 5373.8891601563
123.9891663 6639.8115234375
129.1025848 113523.4921875
130.0868835 23226.3359375
134.9942169 6467.1162109375
136.0759277 209890.34375
137.0798798 19760.388671875
139.0395813 5210.1640625
147.112793 39308.01171875
150.8749542 4809.7045898438
155.0828247 5516.3608398438
155.1185303 4750.9360351563
158.0930939 8843.923828125
160.043335 6200.5458984375
167.0818329 51565.96875
167.0937195 4601.810546875
169.6113281 4862.8735351563
173.0927887 5434.5610351563
175.1190796 99335.984375
175.1321106 5260.9033203125
178.0544128 10357.666015625
183.0773926 6102.837890625
185.0918732 54626.57421875
186.0866852 5676.060546875
192.9995728 11024.5380859375
199.0723572 5151.1528320313
199.1091766 7869.9594726563
199.1817932 4863.1665039063
201.0882263 27156.359375
201.1244354 11840.8447265625
202.0823822 68659.375
204.1363068 21198.775390625
204.5032806 5051.451171875
208.0493469 5014.1064453125
210.0254517 164132.34375
211.0095062 269654.4375
212.0146637 8700.3583984375
213.0058136 6399.109375
215.0863342 21704.787109375
215.1400604 11932.5244140625
226.1552429 8131.7836914063
227.1039276 7990.3540039063
233.0959625 58998.52734375
240.1348267 12104.34375
243.0807648 36888.11328125
243.1344757 6900.3120117188
244.1672821 32157.587890625
245.1258087 9738.689453125
248.1407318 5918.48828125
249.101059 6177.5571289063
249.1598663 121358.9921875
249.1822815 6240.0654296875
250.1651764 9518.6005859375
252.0369873 9905.716796875
254.1511383 30177.67578125
260.1073303 8996.0595703125
260.197113 11078.0859375
261.0923157 23782.326171875
272.1608276 7533.181640625
273.1195068 9011.2333984375
277.1564331 30567.12109375
278.1554565 6390.6357421875
298.1416626 5928.1943359375
303.1445923 7012.3662109375
303.2177429 7516.34765625
304.1631775 23104.32421875
305.183136 25611.638671875
312.1209717 6658.5961914063
315.1658325 66567.078125
330.1304626 6975.6845703125
343.1619263 7446.7763671875
355.1994934 21660.287109375
358.2119141 9099.8935546875
367.1668396 5741.3374023438
372.1259766 30369.30078125
374.1520081 5738.6274414063
390.1336975 6903.8051757813
409.2217407 8385.046875
418.2707214 21476.013671875
428.2504883 7264.724609375
432.2565002 59114.8984375
443.1574097 11235.927734375
480.2599182 9462.7265625
488.2869263 6420.9716796875
495.2528076 11705.83203125
516.8015137 51265.93359375
517.3060303 33870.76171875
517.805481 11566.9287109375
547.2833252 21833.16796875
594.3065186 22614.068359375
645.3789063 24661.4765625
646.3851318 11509.8828125
647.3552246 6120.4453125
658.3131104 6727.9228515625
661.3171387 7433.2241210938
664.3096924 6237.0170898438
671.3786621 24966.97265625
672.3720093 22955.263671875
676.3283691 35557.03515625
677.3309937 10596.2890625
681.3311768 179409.34375
682.3341064 73069.40625
688.3828735 109314.796875
689.3969727 447299.6875
690.4005737 201393.578125
712.3522949 8394.7060546875
761.3826904 8249.9638671875
789.4129639 37954.17578125
790.4087524 26659.302734375
794.4194336 27397.76953125
795.4107056 7302.2651367188
900.4298706 5900.123046875
918.4535522 28695.892578125
919.4643555 8654.2119140625
940.4588013 7334.1059570313
957.4793091 224589.71875
958.4810791 112695.171875
959.4883423 27997.017578125
989.487854 32988.60546875
990.479126 24154.8046875
1118.536377 23851.1484375
1140.556152 21114.0859375
1141.570435 7194.1977539063
