2040.94493832949 2
147.1128235 9884.0546875
158.0929718 9140.2177734375
159.0765533 22792.71484375
171.0761414 8131.4565429688
175.119278 88314.2421875
183.1491241 10789.1318359375
195.8308868 8001.79296875
199.0719299 21314.482421875
201.1228638 11833.76953125
211.1442261 24233.5546875
213.0888519 10579.6376953125
215.1390839 8669.7822265625
216.0974731 12853.3544921875
217.0814362 52640.30859375
217.0989838 16933.771484375
226.0821228 13718.6474609375
228.0974579 39915.67578125
233.1648865 111032.4375
235.1082306 14984.322265625
242.1483917 11460.462890625
244.0937805 21668.830078125
246.1089478 14191.7880859375
257.872345 7821.6708984375
261.160614 90838.6171875
270.1064453 11470.3466796875
277.1193542 22802.41796875
287.1359253 13800.7294921875
288.1309509 8269.7099609375
306.1488037 9764.6416015625
310.2122192 16978.83203125
326.1756592 13222.447265625
330.1819763 91575.53125
331.1880188 10988.306640625
339.1309204 13900.0927734375
341.1825867 11444.921875
348.1928711 53497.27734375
357.1413879 51343.390625
364.1508179 16787.470703125
371.1925354 22461.04296875
374.2061768 10164.1259765625
375.1626587 19679.2265625
392.1442566 22086.0859375
401.21521 16049.181640625
405.2095947 170832.015625
406.2165527 14022.638671875
435.1854553 16878.8515625
439.2645874 11913.2822265625
520.2410278 78558.9609375
537.2401123 13046.921875
599.2858887 12873.9267578125
617.2824707 14581.857421875
635.3164063 12438.96484375
641.1734009 12271.9130859375
644.2858276 19328.625
649.2785645 14373.490234375
689.2736816 17942.828125
699.3565063 13407.0380859375
706.3012085 318950.25
707.300354 88553.859375
737.3562012 13289.109375
805.3706055 104159.421875
806.3684692 42888.4296875
918.4567871 21588.068359375
935.1362915 13511.02734375
951.9418335 13289.5673828125
977.5172729 13314.8193359375
997.5009155 20713.66796875
998.4918213 39008.015625
1003.537903 13757.91015625
1015.506104 1020140.8125
1016.513855 398647.90625
1017.510681 87168.453125
1020.539978 13186.5751953125
1063.530029 15145.0390625
1097.505615 48854.6796875
1098.514526 22180.44921875
1105.178345 13346.5556640625
1105.522583 15528.5146484375
1130.536743 139791.125
1131.544067 49952.859375
1241.582031 14316.23828125
1259.574219 120496.7578125
1260.585693 77597.8984375
1283.586792 22263.34375
1406.649536 166020.21875
1407.647217 94935.515625
1408.65271 24676.123046875
1535.687378 52727.76953125
1536.690186 17129.638671875
1622.716187 105059.125
1623.713135 62635.46484375
1671.664673 13921.9326171875
1693.800659 39304.703125
1780.755737 19909.015625
1781.793335 41424.69921875
1985.158936 15829.9892578125
