2265.044572 4
157.0965271 4868.52734375
157.1331177 13943.3876953125
158.0923309 32607.958984375
159.0764313 10390.61328125
159.0913391 29410.173828125
165.102356 9586.2861328125
169.0967255 5208.3559570313
169.133606 12008.66796875
171.0759735 11486.6845703125
171.1120605 8142.63671875
172.1142426 4523.6127929688
172.5712738 4466.3715820313
173.0557098 62505.859375
173.0927582 4501.927734375
175.0533752 7747.115234375
175.0864563 6843.779296875
175.1191559 107232.109375
181.0604095 6771.84765625
183.0767822 11010.00390625
183.1125641 6823.5771484375
185.1279602 7057.6723632813
185.1650238 15157.734375
186.0897827 9760.7265625
187.0714111 29591.681640625
187.0869141 5122.6645507813
187.1079102 13415.59375
187.1436157 26949.490234375
191.116745 6766.5244140625
193.0978546 51164.4296875
197.1284485 24698.404296875
199.0707092 11011.263671875
199.1807098 12982.1142578125
200.0717163 5614.5693359375
200.1032257 9237.9345703125
200.1405029 9015.56640625
201.0872498 5398.1953125
201.1234741 29622.291015625
203.0850983 6571.3276367188
207.1126709 15778.0791015625
209.0934906 6197.4169921875
213.1604919 6662.4282226563
214.1180725 8304.2734375
215.1037903 7371.5590820313
215.1388092 15860.390625
216.0984344 54805.1171875
217.1366119 34440.10546875
219.1130219 5401.6435546875
221.0920715 15373.841796875
221.1282501 9347.6904296875
226.1195374 6162.6655273438
227.1752777 8817.869140625
228.0974426 10709.4404296875
231.1138458 10108.5068359375
233.1287994 37101.52734375
233.1651306 11154.041015625
235.1088562 54706.859375
242.1510925 8232.0322265625
243.1338806 6789.6118164063
244.092514 98430.2578125
245.0947723 10582.17578125
245.1318512 8663.1103515625
246.1260071 7891.7568359375
246.1818542 15255.1142578125
248.1388092 6511.0590820313
249.0996704 10505.1416015625
249.1231384 65598.6171875
255.1460266 5970.73046875
256.0928955 11469.1201171875
258.1456604 24621.318359375
260.1979065 7921.6567382813
261.1243286 15839.564453125
261.1557922 6717.2236328125
262.1173706 6411.361328125
263.1015015 12130.6318359375
269.123291 6610.7866210938
272.1719971 7960.3090820313
276.1347961 28772.576171875
277.1179199 57238.34765625
283.1426392 9446.7900390625
286.1495056 14607.408203125
288.1373901 9243.5283203125
288.2034607 31941.24609375
289.2086182 8654.4052734375
290.1142883 8171.0595703125
293.1138306 8954.1953125
303.1769104 13941.251953125
306.1430969 10307.3974609375
308.1254272 7012.8759765625
311.1715698 28096.32421875
316.1681213 15928.5791015625
327.1674194 10972.1513671875
329.1825562 42609.6328125
332.1266785 7886.0913085938
332.1619263 39326.44921875
340.1650696 13230.001953125
347.175354 7221.3217773438
349.6862183 7665.8125
357.1795654 24412.841796875
358.1719971 10394.158203125
374.2145691 103941.15625
375.2174988 30887.447265625
377.1968994 11731.505859375
403.1992188 15601.1796875
404.2000732 7586.1728515625
420.6777649 13270.37890625
426.2441711 11490.4541015625
433.2178345 9090.6767578125
447.2356873 8831.939453125
447.7232361 9585.345703125
448.2295532 27126.638671875
458.247345 12312.6435546875
460.3196716 6933.7143554688
472.2462463 8609.158203125
473.2861633 98367.171875
474.3000488 11678.595703125
476.2486877 13952.6845703125
486.3035278 25313.025390625
487.3015137 10509.4580078125
490.2262573 7412.9995117188
492.2675781 9324.107421875
500.2144165 11727.1083984375
511.2146912 12177.005859375
513.3198242 11044.9150390625
518.2254028 9020.8349609375
537.2470703 29106.94140625
539.2337646 8916.2880859375
540.2611084 35234.24609375
541.2655029 8605.7705078125
546.300415 11964.916015625
546.7363892 38650.0703125
547.2351074 23876.638671875
548.2833862 13556.330078125
560.3131714 10106.2265625
572.2766113 8892.5537109375
573.2610474 7270.9526367188
577.2943726 38639.46875
582.2528687 28619.119140625
582.7548218 15879.9794921875
583.2575684 10562.2392578125
587.2435913 25859.9765625
588.3127441 122990.5546875
589.3154907 34816.5
595.3032837 10175.3017578125
615.7862549 25582.396484375
616.2879028 9874.7734375
619.3208008 52559.34375
620.3186035 7708.3564453125
634.3032227 9441.9404296875
636.3046875 8225.115234375
647.3239136 8718.56640625
660.3821411 37940.79296875
663.2570801 50112.80078125
664.2685547 8276.255859375
669.3012695 15405.541015625
672.833374 7966.1396484375
674.2695313 13072.0751953125
675.3425293 30057.419921875
676.3408813 10208.052734375
678.3445435 52745.796875
679.3450928 12620.6728515625
685.4379883 9984.9521484375
687.4196777 13200.0771484375
693.3668213 62322.078125
698.3627319 8397.439453125
699.3453369 46608.65234375
700.3522949 11927.185546875
709.3439331 9342.0634765625
713.4248047 11885.1669921875
714.3446655 40377.00390625
715.3338013 8550.1689453125
716.3731689 61576.87890625
717.3761597 14073.2666015625
718.3751831 29794.224609375
719.3758545 9278.30859375
733.3129272 38677.92578125
740.3123779 8613.228515625
743.2977905 56363.74609375
744.3061523 18188.654296875
744.4319458 76170.2109375
745.4367065 25214.923828125
759.4537964 50372.125
760.4562988 13287.841796875
761.3095093 77501.390625
762.3137207 24841.392578125
771.367981 33339.51953125
772.359436 14662.732421875
776.34375 40284.75390625
777.3439331 14271.2568359375
787.4060669 62403.6171875
788.4099731 13339.833984375
789.4399414 11401.3720703125
806.4499512 40165.66015625
825.4165649 25149.890625
832.3590698 29827.044921875
833.3527222 12463.525390625
849.4129028 8490.412109375
855.5397339 36997.4765625
856.5548096 11311.494140625
857.5203247 79315.4375
858.4387207 13189.708984375
858.543457 11922.908203125
859.447937 11757.9091796875
860.4643555 10729.986328125
871.4292603 10475.4873046875
886.387146 9730.9521484375
912.4431152 48476.40234375
919.5192261 15716.1376953125
920.4666748 13428.8583984375
971.527771 10873.404296875
972.5234985 8820.1943359375
985.4296875 9911.8486328125
1021.431946 11326.2685546875
1092.459473 15311.0126953125
1102.577393 10399.13671875
1138.575562 12361.4150390625
1163.490356 47694.5859375
1164.496582 30256.388671875
1294.541504 12526.6650390625
1295.565308 14773.2216796875
1296.544922 9979.3994140625
1404.352173 8537.1787109375
