1354.58278346304 2
94.82936096 7881.2866210938
98.06075287 8421.0771484375
99.76980591 7132.3129882813
101.0715714 60294.99609375
102.0555344 18542.322265625
103.0549774 16830.958984375
104.0533371 63446.3828125
110.071701 117670.5390625
112.0877304 9733.880859375
115.0873489 14833.4951171875
116.0713882 12952.94921875
119.0493927 6805.8056640625
120.0811691 313539.46875
121.0846176 33917.53125
127.0867615 30038.796875
129.0660706 18565.619140625
129.1025696 137879.171875
130.0652466 39638.4453125
130.0865173 43051.34375
130.8004761 6901.888671875
133.0434875 10221.6005859375
136.0759277 141793.5625
140.0704956 11939.697265625
141.0660706 9131.837890625
141.1022644 10616.5498046875
143.1181793 18600.36328125
147.1128235 111931.3125
154.188736 8306.4580078125
155.0825195 29541.966796875
155.1186523 32022.595703125
157.0982513 10362.490234375
157.1335144 9640.4306640625
158.0927582 42856.30859375
159.0776978 8217.9013671875
159.0917969 32167.533203125
169.0975189 14411.0537109375
169.1338806 10293.751953125
171.0759735 9983.935546875
171.1122437 14628.2607421875
172.0751495 12693.61328125
173.0922852 9575.826171875
173.1283112 136263.890625
175.0874176 51571.34375
175.1192017 143754.875
181.0976868 14964.6806640625
183.1134033 36325.94140625
183.1496429 34330.328125
184.1087799 13431.8115234375
185.0922546 17085.796875
185.1652069 18300.6484375
186.0878754 18872.052734375
187.1437988 11375.40234375
190.0872345 12202.8701171875
194.0932312 15946.2568359375
197.1290894 19129.78125
199.0722504 9260.3017578125
199.1079865 56812.01953125
199.1807709 31664.341796875
200.1397705 43133.609375
201.1234589 81893.6328125
203.0861816 10223.4951171875
203.1021729 60275.75390625
207.1124268 10084.4072265625
211.1448212 33253.09765625
212.1026306 55164.6484375
213.0868378 15633.69140625
213.1597137 41368.6953125
213.9197235 8513.30859375
215.139267 43188.04296875
217.097702 35947.87890625
217.1349182 16022.2158203125
226.118042 9315.2685546875
227.1029205 77731.46875
227.1757965 15344.109375
228.1346588 46350.98828125
230.1132965 12375.3984375
235.0839233 16073.6728515625
235.1077881 388275.03125
236.1107483 51660.1875
240.1364746 27003.779296875
241.0820007 11581.5205078125
242.1494446 13461.685546875
244.1651154 15884.361328125
245.0926819 10281.197265625
245.131424 13760.3193359375
258.144165 68220.515625
259.1456909 14763.3359375
263.1026611 150155.984375
264.1060181 29820.986328125
271.1766052 7850.0205078125
272.1715393 17118.20703125
274.121521 10612.595703125
276.1569824 64512.44140625
277.157074 9367.478515625
278.0883179 29578.232421875
283.1436768 14088.765625
286.1409912 12401.2421875
287.1477661 7854.4057617188
288.2042847 16649.701171875
293.1616211 9892.595703125
294.1434631 13031.802734375
295.1144104 17739.8984375
311.1382141 11183.0244140625
311.1721802 18369.974609375
314.114502 8800.7451171875
314.1530762 12039.1533203125
318.0903931 15914.712890625
329.1861877 12067.3037109375
332.1236267 210152.171875
332.1600342 20817.73828125
333.1243896 19609.16796875
337.1893921 11302.712890625
340.1884766 11064.2939453125
341.1453552 8244.830078125
350.1342163 83361.6328125
355.197998 12650.94921875
359.2060547 13362.0068359375
373.2084045 289411.875
374.2117615 66370.765625
375.2066956 13569.0361328125
389.128479 9041.80078125
417.2145691 17785.201171875
432.2497253 11549.498046875
445.2082825 32683.8125
486.2949219 62270.9609375
487.2997437 13099.978515625
488.237854 46183.6875
497.2456665 9138.423828125
502.1625061 11082.712890625
514.0639648 8803.5908203125
520.171814 12427.6826171875
595.3223267 16424.12109375
603.2603149 11623.66015625
633.3640137 58381.1796875
634.3616943 48709.9453125
635.3577881 13013.5107421875
657.3641357 18480.6953125
659.3345337 9272.6494140625
677.3637695 12844.099609375
678.375 8465.1025390625
690.2910767 56355.39453125
691.2948608 29775.306640625
694.3892822 27908.201171875
761.3300171 117322.0
762.3306274 45023.39453125
779.3673706 14656.1923828125
785.0164185 9154.98046875
793.4542847 15142.9951171875
874.4191284 32920.73828125
892.3617554 98367.1796875
893.3787842 40448.359375
894.5007324 30791.775390625
896.4621582 16615.61328125
912.4494629 42734.90625
913.4338379 13833.646484375
1005.449219 42742.00390625
1021.460327 12143.765625
1025.530884 41861.3515625
1059.523804 31864.708984375
1060.520264 13064.7734375
1092.473633 32279.583984375
1093.484375 13802.234375
1121.540283 12977.603515625
1124.613525 13400.01171875
1127.501709 13202.232421875
1150.551636 11745.142578125
