1924.9769197743 2
136.0665741 3979.509765625
136.0758362 80006.8046875
147.1132507 5454.0043945313
155.0809784 9807.6640625
157.1334991 4100.4311523438
158.0917664 9600.404296875
159.090744 5308.3681640625
169.1334839 6711.86328125
171.1121979 5686.9555664063
172.0714111 9305.2978515625
175.1192322 34708.55859375
183.1129303 4504.7163085938
183.149353 5235.5634765625
185.0920868 7244.1010742188
185.128067 8880.2958984375
187.1443939 37044.73046875
197.1287079 9057.923828125
199.0697784 4253.77734375
200.1027527 11539.3427734375
201.1229095 6188.66796875
207.1129913 71209.640625
211.1077576 9694.888671875
211.1430969 4471.4140625
212.1036987 7626.9541015625
214.1546478 4433.5546875
215.1388092 33185.25390625
223.0706482 4610.6635742188
226.1179962 5524.5009765625
228.1341248 9986.3916015625
229.1168365 6843.3061523438
233.1284027 8654.0380859375
235.1082916 37414.02734375
240.0981598 34896.1875
240.1343079 6222.5307617188
244.0925293 26550.501953125
258.1082458 33198.796875
260.1072083 5880.9155273438
260.1972351 5463.7954101563
265.1194153 7397.5668945313
266.1499329 4427.470703125
268.1654663 19804.34375
272.135376 7639.1469726563
283.1392822 6072.4956054688
285.1551514 49238.45703125
286.1578064 5696.4350585938
289.1618652 12257.046875
293.113739 26236.412109375
299.1686401 6067.5961914063
306.1575623 6579.91015625
311.1352234 21951.517578125
312.153656 7184.0444335938
313.1886597 8029.451171875
325.1891479 5584.443359375
327.1288147 5034.3295898438
329.1458435 12300.6259765625
330.1658936 7197.1616210938
335.1358643 4530.70703125
348.1943359 6684.9409179688
357.1786499 6856.2612304688
364.1493225 20074.302734375
381.2529602 10713.3818359375
385.2104492 9303.8642578125
386.1762085 5720.5756835938
398.2407227 52392.984375
399.243103 6927.1630859375
403.2058105 39588.37890625
421.1715088 11747.435546875
440.2234192 5144.9477539063
452.2546387 7815.1904296875
458.2261658 6601.9145507813
474.1915283 5774.6323242188
480.3191223 18914.791015625
492.2103271 8076.05078125
493.2358398 5434.5888671875
499.2670593 6756.396484375
511.3270569 21999.7890625
516.2902832 33625.328125
517.8056641 9760.9140625
518.2276611 5803.53125
524.2821655 5394.7583007813
563.2444458 25001.4140625
593.4052734 5687.3735351563
629.3745117 55702.31640625
630.3724365 7068.7099609375
635.3206177 7964.771484375
739.5083008 56611.24609375
740.5133667 20767.57421875
758.4170532 27257.634765625
831.4463501 78855.8203125
832.4576416 26086.015625
859.4616699 62029.5390625
860.4689941 40707.42578125
944.5349731 32836.09765625
945.5298462 22765.048828125
962.5609131 26887.97265625
963.5457764 22752.708984375
978.515625 8438.3095703125
1005.501282 6830.9975585938
1022.529602 109195.484375
1023.523376 62860.56640625
1024.523926 8356.720703125
1057.603027 8905.6826171875
1135.613037 58446.33984375
1136.618164 31051.5625
1140.663696 8352.5966796875
1211.575562 8375.35546875
1232.637207 11847.5830078125
1233.655029 8491.8046875
1249.656494 115084.546875
1250.6521 85751.6015625
1251.666016 12089.576171875
1287.721191 20085.23828125
1345.712891 20935.68359375
1354.750366 19453.70703125
1355.766479 12145.1865234375
1362.738403 75952.28125
1363.735229 57025.578125
1364.730835 24570.802734375
1416.77478 18870.97265625
1433.783569 42506.93359375
1434.791382 46470.828125
1435.782715 19784.3203125
1561.830566 7739.6220703125
1607.779297 7510.228515625
