1149.65304875811 2
84.08167267 115798.2109375
85.367836 45215.703125
86.09713745 1834815.5
87.10043335 56226.546875
87.88996887 47773.3359375
88.33894348 46062.73046875
92.02755737 85213.15625
115.0868607 468872.875
120.0810928 1367930.875
129.1022644 75828.5078125
130.0868835 68619.2578125
140.6230011 49828.703125
143.0816345 344038.625
147.113266 229179.34375
157.1335297 236623.9375
165.1031036 56883.25390625
166.086441 83322.1015625
185.1294556 64858.2421875
201.1235962 107507.6171875
217.0982056 91521.171875
234.1237946 99323.4609375
234.8148499 54983.3984375
243.1326599 57654.66015625
245.0925598 113814.7421875
254.151123 114798.0703125
256.1664429 98126.5
260.1969299 104385.3359375
262.1188354 580757.0625
263.119812 75690.0546875
272.162323 56060.9140625
283.1400452 75716.0234375
313.1563721 175398.921875
364.1629028 50215.09375
407.2633667 84548.046875
488.2492981 62517.56640625
494.2920837 177372.78125
517.1922607 57661.64453125
623.3395386 106640.875
736.4193115 118638.6171875
807.4616699 94119.359375
894.4985962 377890.5625
895.4877319 209702.0625
986.9178467 53643.0234375
1035.957764 57219.828125
