2865.46473815019 2
197.1284485 3990.4294433594
199.107254 7593.607421875
211.1443634 31214.595703125
215.1390076 3714.05078125
216.0977783 6852.931640625
218.1507263 4406.736328125
227.1021881 38667.609375
230.4187775 3201.7368164063
284.1260681 4147.7045898438
306.847229 3954.7585449219
314.135437 19916.15625
326.1710205 10850.5
331.1644287 5219.349609375
340.1856384 15967.166015625
381.2142334 8750.9365234375
409.2046509 4484.8666992188
424.1834412 19103.529296875
442.1930847 47281.91015625
455.2161865 9532.947265625
496.2402039 7695.2202148438
504.2613831 7164.5991210938
513.2664185 9462.43359375
523.2493896 7305.1909179688
526.2490845 5718.6372070313
527.2563477 7219.58984375
541.2619629 55547.5234375
542.2647705 8657.06640625
555.2797852 5428.9321289063
597.2885132 6478.1533203125
625.2918091 8922.087890625
636.3383179 6972.7768554688
637.3352661 5944.8388671875
652.3288574 5949.7749023438
654.3486328 38676.1796875
655.3480225 10869.3876953125
696.3250732 9471.310546875
720.3657837 6495.6108398438
726.3356323 8727.9755859375
737.385437 19458.4375
738.3920288 8518.0
751.4002075 19573.8203125
752.3973999 17345.24609375
755.3939819 16915.001953125
765.416748 18431.638671875
767.3529663 9944.8916015625
768.3692627 5444.2211914063
841.3637085 23382.08984375
850.4725342 8184.7514648438
851.4780273 7156.6518554688
864.4821167 33740.00390625
865.4829712 18235.521484375
866.4207764 27180.90625
896.4031372 8301.9755859375
977.5658569 10269.9345703125
1025.453979 7027.7119140625
1038.844849 5304.3056640625
1060.600098 6870.0366210938
1061.627441 6232.4873046875
1065.520996 7699.8427734375
1078.477173 36716.99609375
1079.507324 6378.8256835938
1180.548462 6120.2783203125
1203.579346 7461.9086914063
1221.571411 69143.453125
1222.572144 43792.6953125
1223.569458 20451.8828125
1298.587402 9879.0361328125
1299.597168 7789.2265625
1334.644165 9157.89453125
1335.656128 8759.40625
1432.730103 14992.8681640625
1433.742432 20918.98828125
1463.689209 7699.9682617188
1560.740723 82238.125
1561.740234 70536.4609375
1562.752563 15680.865234375
1610.732666 62859.609375
1611.738892 39944.95703125
1657.773804 7655.9086914063
1674.804932 42573.390625
1675.765991 35536.234375
1676.804565 16048.78125
1788.897827 7526.12890625
1797.847046 7198.4077148438
1888.914185 19497.82421875
1889.886963 20167.740234375
1931.172119 8633.0390625
1932.19519 15860.2099609375
2002.00354 19557.345703125
2003.031372 9114.9482421875
