1954.932848 3
136.0755768 40718.35546875
139.0963135 10459.4931640625
143.1177368 15783.552734375
147.1121216 26129.2109375
155.1176605 19028.693359375
159.0913696 27935.107421875
171.112442 14309.3896484375
173.1282806 155789.8125
173.3941498 11278.4677734375
175.1194458 59239.2109375
179.0477905 24129.1015625
183.112854 13030.513671875
183.1499481 20011.4453125
195.5165253 14427.7421875
201.1224365 39118.015625
207.1140137 23598.125
210.6896667 14693.73828125
212.1037292 22099.662109375
213.0853424 18845.376953125
229.1184692 19330.791015625
233.1648865 16019.10546875
235.1078186 20650.701171875
260.1065979 16806.068359375
260.1962585 19190.443359375
261.1549683 16193.6669921875
276.1022949 102766.53125
282.1818542 16123.3701171875
324.1250916 19702.4140625
326.1708374 70400.625
343.1637878 21531.017578125
347.1405334 19736.921875
348.1896057 20126.541015625
377.6412354 15643.11328125
494.2975464 66387.6953125
553.7873535 18057.791015625
574.1871338 20696.892578125
598.2074585 19287.361328125
622.3544312 34995.83203125
642.2541504 21046.7109375
650.8826294 174665.9375
651.3834839 120243.8359375
651.8898315 65939.9921875
697.4231567 70312.7265625
732.3389282 21063.23828125
751.4290161 19447.56640625
753.4024658 76846.9765625
756.3016357 24664.05859375
761.4215088 80627.1015625
762.425354 29556.357421875
852.4692383 40199.828125
853.4656982 30879.48828125
965.4968872 23343.943359375
981.5159912 37207.54296875
1520.622437 19078.5703125
1829.654175 25794.03125
