2451.23203454367 3
169.1330109 11826.5517578125
171.1125946 8966.1376953125
175.1189728 50514.38671875
181.0970001 7725.1372070313
182.6200104 6148.041015625
183.1124878 9814.6123046875
185.0917664 8549.1796875
185.1283569 34209.88671875
185.1638336 11415.8896484375
187.1075745 7674.740234375
197.1280975 15503.47265625
199.1802673 7885.5600585938
201.1235352 13467.8349609375
207.112854 31499.90625
211.1451111 9116.00390625
213.0869293 13983.5166015625
213.1055603 6537.3549804688
215.1151428 9387.6689453125
215.1366119 8170.7709960938
217.1369781 10217.4755859375
228.1343994 42833.00390625
232.140152 12292.1650390625
233.1285553 35968.17578125
233.1645813 11102.990234375
235.1082916 11698.7900390625
242.1499023 8783.060546875
243.1082764 13689.052734375
250.1194611 8454.732421875
261.1239929 30837.8515625
261.1568909 13279.892578125
263.1035156 6746.5947265625
265.1173706 8562.966796875
270.1074219 14726.6044921875
270.1431274 7427.283203125
278.1141357 15046.4619140625
285.1585083 8565.443359375
285.1921387 8527.6015625
293.1124573 10637.423828125
294.1806335 9156.09375
299.1715088 38188.91796875
310.2145996 9370.3701171875
313.1872864 40891.80859375
313.2227783 15071.4453125
328.1943359 8887.794921875
339.1677856 11980.24609375
341.2208557 9787.76171875
344.1989136 10410.67578125
345.158783 14645.2724609375
345.2252197 40159.12109375
356.1940918 11445.0595703125
358.160614 8466.166015625
364.2091064 9755.5830078125
376.1875916 14172.169921875
381.1236877 8407.57421875
384.2615967 50811.1640625
393.2848511 8832.1123046875
396.1523438 10953.15234375
412.2576294 45725.5234375
413.2602539 7998.6684570313
414.1800232 8659.3193359375
424.1860962 10895.837890625
444.2919006 35435.98046875
515.3288574 128508.4765625
516.3364868 35612.6796875
538.2324219 40822.89453125
566.300415 11862.728515625
583.3230591 16737.005859375
630.3572388 33268.84375
727.4109497 99494.265625
728.4195557 36446.6484375
753.4730225 11311.998046875
767.4393311 31977.52734375
768.4468384 17144.5546875
774.4606323 10274.4853515625
784.4324951 169546.40625
785.3057861 12891.7216796875
785.4364014 53617.265625
786.439209 13527.4775390625
814.4118042 12364.4052734375
817.4556885 55713.8828125
818.4676514 38587.71484375
855.4671631 170519.1875
856.4691162 118221.7265625
857.4714966 14783.5029296875
882.3997192 16171.8525390625
966.4873657 15565.6591796875
984.5073242 79872.9375
985.5123901 15902.1953125
1013.430969 15230.08984375
1074.538574 15910.955078125
1077.603394 14089.6337890625
1126.523438 10972.1611328125
1147.579956 40949.5390625
1148.570313 11195.3369140625
1261.613159 13319.4375
1262.623535 18779.7734375
1311.671387 12875.6328125
1424.675415 14579.27734375
1425.670044 13938.2841796875
1922.624634 11394.900390625
