2105.03439409086 3
146.8890991 1403.896484375
150.1388855 1286.4294433594
155.0801239 1650.4193115234
159.0910492 3222.2250976563
173.1292267 1467.5274658203
183.1120148 1397.0393066406
183.1510925 1564.2993164063
191.081192 2757.6706542969
199.3140717 1479.2330322266
210.0783691 2428.6669921875
212.1012878 2200.1008300781
213.0865326 1752.3460693359
215.1134338 7156.1298828125
229.1533813 1744.5067138672
242.1498718 1971.65234375
248.1602936 2577.1064453125
253.6734314 1632.3403320313
270.1071777 1648.8205566406
272.1748352 1825.7905273438
280.1123657 1772.2875976563
286.1383972 1818.0999755859
300.1691895 7105.7475585938
330.1668091 2860.0346679688
338.6312561 1667.2110595703
357.1739502 4099.2875976563
362.1802368 13318.8671875
460.2038879 2372.3298339844
507.79245 2643.9106445313
577.3237915 3631.7409667969
632.3036499 2541.6667480469
690.4033203 8601.3974609375
757.3922119 4112.1010742188
789.694397 2698.4128417969
803.4743042 2308.77734375
917.5283813 2389.1164550781
1014.58728 3212.0571289063
1445.854492 2594.1530761719
2136.134766 3043.9641113281
