1512.72505520089 3
109.9934235 19657.93359375
110.0718613 374433.71875
112.0871735 37174.2890625
115.0871506 56090.17578125
116.0710373 34814.84765625
120.0812454 206386.640625
121.0844498 22842.943359375
126.0549927 26589.93359375
128.1073914 28493.236328125
129.102478 382397.6875
130.0387726 22123.44140625
130.0866241 143860.34375
131.1182098 155547.15625
133.0429077 55511.59375
136.0759277 390588.46875
137.414032 21147.951171875
141.1025391 54036.66015625
143.0819855 55640.16796875
143.1180573 52862.83203125
147.1127014 264295.8125
155.0816498 46137.6796875
156.0773163 26573.953125
157.1341095 41982.36328125
158.0928497 109440.1796875
166.0615692 108990.40625
167.0800629 28900.4453125
169.0975037 40993.76171875
169.133667 26921.580078125
170.0919647 45914.703125
171.0769806 50819.8828125
173.1288452 297136.78125
174.1326904 24247.61328125
175.1192627 409198.9375
180.0766602 29256.583984375
181.1090851 47353.0859375
183.1130524 132606.75
183.1496124 34636.4296875
185.1643982 28071.337890625
187.1444702 132606.671875
188.1030884 32768.9609375
197.1294403 36142.05859375
198.0881958 162711.296875
198.1039276 27616.3125
200.1391296 25916.2890625
201.123642 215844.78125
204.0832825 25187.140625
207.1243286 54363.37890625
209.1040802 134298.234375
212.1029968 119560.2734375
214.1192169 44989.453125
215.1149902 48074.51953125
216.0975952 49650.89453125
217.1368256 41187.77734375
226.1553192 38735.76953125
229.1194458 29227.501953125
232.1402435 113228.4140625
235.1192932 692215.1875
236.1223297 106371.046875
244.1649323 189544.84375
246.1826172 34325.421875
249.1611786 45405.65625
253.093277 33489.65234375
256.1300354 24086.61328125
263.1391296 120214.9140625
264.1421814 33901.4921875
268.1655579 56115.6328125
283.138916 28691.5625
293.161377 53021.13671875
303.1124878 54409.0859375
306.1562195 150703.4375
311.1725769 45434.9921875
321.1532593 23787.068359375
325.1856384 26734.384765625
329.1811829 32446.783203125
337.2226563 25663.8515625
339.2029724 97778.9296875
341.1446533 41629.48046875
341.2181396 124497.0859375
365.2194214 30971.5625
369.2226563 24034.2578125
378.1734314 42794.69140625
395.2037354 356696.0
396.2062988 50062.95703125
410.2735901 28305.310546875
421.186615 30402.224609375
432.1874695 33915.40625
436.2529297 38152.07421875
458.2356873 127803.0859375
504.3225098 35709.515625
506.2717285 30875.615234375
508.289093 354068.4375
509.2895813 135257.0625
534.2683105 48138.921875
535.3270874 78778.6640625
553.3345337 44397.8359375
584.3779297 205862.890625
585.3755493 107213.265625
618.3007202 28458.083984375
639.3237915 134047.0625
640.3208008 29276.4140625
643.3475342 143627.34375
644.3505249 28530.73828125
646.2947998 166685.9375
681.3409424 27584.111328125
681.4312744 418742.125
682.4291382 106739.34375
746.4171753 46882.98046875
756.4318848 125748.6015625
790.4116821 28264.556640625
956.56604 30166.3203125
979.4743652 201258.609375
980.454834 150190.90625
1027.563599 33961.171875
1050.493652 40347.56640625
1051.498779 50702.703125
1125.23999 34674.41015625
1357.907471 34164.3515625
1492.844971 35020.75
