1966.93553397163 2
136.0750732 57750.58984375
139.6599426 9010.7822265625
141.1015778 8542.9248046875
147.1123657 30591.931640625
157.0960083 10357.9208984375
163.4014587 9306.41015625
169.0975494 19855.9140625
184.0719757 21568.228515625
185.1644592 88053.890625
212.0663757 54853.49609375
213.1590881 64317.68359375
215.1386261 12631.4892578125
218.1500854 13081.3115234375
223.1811676 11239.216796875
226.0819855 11633.9287109375
226.1182098 70255.9765625
227.174469 12024.6279296875
228.1333618 32788.74609375
229.0931396 111938.921875
233.5936279 11798.91796875
243.135025 14996.970703125
246.090332 18892.5625
246.6320496 10898.89453125
261.0895996 19493.7421875
275.1717834 66228.84375
297.156189 12530.302734375
325.1513062 18306.564453125
325.1909485 14983.521484375
327.2015381 30367.9140625
342.1789246 25068.306640625
343.106781 26387.369140625
355.1945496 16313.6962890625
360.133728 83958.3359375
365.2260132 13623.5595703125
375.1315613 20405.740234375
383.1938782 29634.115234375
386.2046814 27414.4140625
387.1502075 15004.0126953125
396.227478 24458.67578125
404.2139282 64159.2578125
424.2182617 55020.046875
438.2436829 13126.9716796875
441.2460022 18796.681640625
452.2175598 16026.568359375
472.147644 40503.9453125
473.2199097 15807.16015625
489.1771545 28890.14453125
496.2896423 14392.076171875
515.2476807 20808.21875
521.1925659 15752.3818359375
527.263916 17593.60546875
533.2564087 98426.6875
555.2653809 15131.6630859375
563.8206177 14443.2763671875
568.206543 25094.537109375
572.2852783 28828.56640625
641.2902832 21997.716796875
648.2824097 99196.2265625
795.3499146 109916.546875
796.3581543 25698.58984375
908.4375 50765.78515625
933.4738159 19580.419921875
985.5647583 65002.9296875
995.4755859 102751.15625
996.4724121 27164.6015625
1070.503906 21508.119140625
1096.524536 67609.21875
1126.638794 17343.693359375
1130.14856 18734.041015625
1135.529663 21471.451171875
1153.539917 270696.875
1154.536865 147192.578125
1155.538696 25086.275390625
1266.615112 137481.21875
1267.633911 93280.453125
1268.608887 20543.634765625
1288.612183 17953.349609375
1377.678223 20149.54296875
1395.664063 84467.1875
1396.674194 65137.89453125
1526.702393 52161.97265625
