6550
2
1081.42437
# +15.9949|* +79.9663|
C=160.030649
1081.42233	0.0000	23.74	0.921	5	16	K.NMM#AACDPR.H	F
1081.42233	0.0122	23.45	0.886	4	16	K.NM#MAACDPR.H	F
1081.42271	0.9650	0.83	-1.38	2	14	K.AAYRT*S*PR.L	F
1081.42271	0.9650	0.83	-1.38	2	14	K.AAY*RTS*PR.L	F
1081.42271	0.9650	0.83	-1.38	2	14	K.AAY*RT*SPR.L	F
1081.43098	0.9650	0.83	-1.38	2	18	M.GAT*GDAEQPR.G	F
1081.41975	0.9650	0.83	-1.38	2	16	R.SDS*DEVPPR.V	F
1081.41975	0.9650	0.83	-1.38	2	16	R.S*DSDEVPPR.V	F
1081.41973	0.9650	0.83	-1.38	2	16	R.SPDEAT*EPR.H	R
1081.41973	0.9650	0.83	-1.38	2	16	R.S*PDEATEPR.H	R
