4962.34461500116 4
365.2190247 84263.625
379.2365723 51594.48046875
382.2457275 52350.234375
396.1858826 60674.08984375
410.5896606 46308.2734375
481.2384644 52491.3984375
499.2537231 74850.890625
528.2456665 52228.265625
561.3425903 64642.3671875
573.3035889 305296.53125
573.3914795 52198.80078125
573.8050537 224195.484375
618.3602905 167408.171875
621.8046875 52040.46875
703.2062988 87089.1875
715.3809204 55550.24609375
724.3638306 60771.3515625
729.3850708 58877.12890625
732.4069214 79454.3046875
739.3831177 70706.390625
781.2507324 74721.0390625
795.4092407 70908.390625
799.276123 95843.890625
816.296814 91927.0
819.3140259 149266.765625
908.4868774 67963.8046875
928.4560547 62061.7265625
935.0102539 57256.94921875
991.5280151 56905.8359375
1005.554199 67432.5
1045.412354 227433.515625
1046.405884 65594.7109375
1128.567627 104811.765625
1145.599121 900902.625
1146.605713 497942.875
1147.601685 100223.9140625
1186.454956 59451.58203125
1199.649414 67417.1875
1242.692017 475818.65625
1355.734619 1106415.0
1356.736572 778437.25
1357.729248 332821.8125
1455.627197 73151.546875
1456.769287 446843.09375
1457.779175 356338.9375
1458.779053 183321.4375
1860.700317 260858.21875
1861.704346 221556.125
3423.445557 77826.265625
