1040.57198526007 2
72.08164215 593251.6875
74.06047058 44227.35546875
84.0449295 350084.53125
84.0814209 351224.71875
86.09715271 1171207.0
87.05596924 443148.5625
87.97766876 42424.96875
88.03971863 71354.1796875
91.05476379 41620.80078125
101.0714569 289840.96875
102.0554276 97906.1484375
104.0536728 155631.640625
104.3474808 33178.3125
105.0660324 56930.546875
105.3240891 39635.8515625
110.0716858 94581.203125
116.070755 43768.70703125
120.0811691 1371052.375
121.0847092 148947.390625
125.0711441 58239.8515625
129.0663147 45821.81640625
129.102417 359666.5
130.0864258 219864.28125
132.0771027 49159.6484375
136.0759583 219624.078125
143.1180725 194155.859375
147.1127319 344699.03125
156.0777283 38246.7421875
156.7904205 37952.68359375
158.0930634 75836.2109375
165.1022186 189426.71875
167.0815887 369361.96875
171.0773926 51329.91015625
171.1130981 63105.421875
171.1489105 53833.55078125
173.1283264 80193.3671875
175.1191101 516285.9375
185.0924072 736461.3125
185.165741 179160.21875
186.0884552 34983.50390625
186.1243134 78307.84375
195.0769196 45995.109375
197.1279449 66677.4765625
210.410202 43573.58984375
212.1035309 167591.421875
213.0866089 93813.2421875
216.0984039 87967.25
218.1498566 216614.90625
233.0961304 391819.28125
244.1647491 136973.203125
247.1105194 41252.83984375
253.0942688 60720.8671875
260.1989441 45456.015625
261.0914307 76958.765625
266.3958435 38379.94921875
276.1340332 90518.8828125
285.1557617 174715.875
288.2020874 82218.4140625
292.0938721 58181.71484375
301.1871033 49664.6171875
311.1711121 90540.4609375
327.1303406 181128.25
331.2359924 64489.8984375
345.2251892 183346.734375
370.2081909 47999.62890625
416.261322 74879.0625
426.1998596 55785.24609375
456.3144836 68964.9609375
503.294342 563534.5625
504.2951355 97017.6171875
516.3125 238518.9375
517.3154297 52152.87890625
614.3286133 204385.828125
615.3798218 228361.5625
631.3499756 225386.9375
632.3494873 160538.71875
671.3087158 46548.8828125
714.4501953 61837.078125
778.4187622 309806.0
779.4256592 55908.89453125
828.4876709 44083.32421875
829.4518433 257238.34375
842.4786987 42092.3203125
883.4315186 41868.11328125
