1253.59976344774 2
101.0714569 165933.546875
113.2383957 153235.25
120.0811768 2536573.0
129.1023712 227481.0
130.0867157 1277171.5
136.075882 1132215.25
147.1129303 186518.21875
157.0974579 359210.625
158.0922089 210986.921875
175.1072388 668338.75
175.1203308 1532569.875
185.092392 1087781.5
187.1457367 212482.359375
196.3194122 148073.84375
203.1025391 1043275.5625
215.1390381 186617.109375
217.0975189 258392.3125
225.0771179 138027.3125
249.1607819 293029.71875
263.1022949 286925.5625
278.1527405 288997.125
290.1463318 1246504.75
293.1142273 185226.421875
298.1763306 597279.3125
331.1235962 162077.015625
378.1296997 567316.5625
435.0595093 154835.359375
462.6672363 166493.609375
480.2097473 168321.0
533.2269897 279652.75
646.3181152 1432156.375
707.3448486 303589.59375
775.3568726 1121692.125
776.3538208 326486.03125
938.4234619 1916671.75
939.4163818 839799.0
940.4211426 249276.828125
1051.499878 621936.0
