1499.81110450703 2
129.1027374 11840.072265625
130.0866547 2528.6872558594
136.0757294 2041.2249755859
146.7562866 1377.5267333984
147.1131897 5897.2553710938
165.124527 1357.3288574219
173.0919189 2787.64453125
175.1195374 1807.4300537109
183.1493225 1586.6467285156
185.0918274 2019.8699951172
216.1322937 1467.0146484375
225.9476776 1393.1928710938
226.1200104 1545.8709716797
230.1142578 1322.5031738281
231.1161957 1546.2076416016
234.1448059 6975.9189453125
241.9535065 1462.1796875
258.146759 1582.0817871094
331.1978455 29207.24609375
332.2027283 1985.3127441406
336.1553345 8282.3212890625
358.7971191 1376.3862304688
391.4284363 1563.3907470703
505.2661743 2071.2980957031
541.3319092 2602.6608886719
585.3123169 1873.3719482422
585.8029175 1647.5552978516
609.5366211 1641.7783203125
686.3633423 7919.4672851563
687.3642578 2165.9045410156
749.3884888 13834.0556640625
750.2966309 25116.18359375
750.4105225 5436.5229492188
750.9044189 6848.4399414063
751.2987061 2822.6877441406
751.4065552 6266.0893554688
846.4591064 1689.8970947266
926.008667 1925.1643066406
1142.620605 2322.6569824219
1152.57605 2183.1198730469
1169.603882 7299.7880859375
1170.598511 2098.6936035156
