1540.775173112 2
110.0716171 40103.53125
112.0875244 8835.8017578125
113.0714569 11604.56640625
113.0798721 6791.2651367188
115.0873337 11173.08984375
116.0712433 10630.9287109375
119.0496445 6891.0703125
120.0810089 200803.921875
121.0845413 7896.33984375
124.2460098 7180.45703125
126.0551529 10048.875
127.0499573 10653.220703125
127.0871658 9782.0185546875
129.066391 14030.451171875
129.1026611 71800.984375
130.0500793 7948.0795898438
130.0863647 39885.24609375
133.0431519 15276.6552734375
136.0757904 226376.078125
136.0856171 13374.107421875
141.0659943 36164.14453125
141.1020813 33228.84765625
143.1173401 9648.4560546875
147.1125641 46538.40625
155.081955 32852.94921875
156.0763245 14228.1044921875
157.0603485 7936.7841796875
157.0970612 10020.357421875
157.1333771 16676.380859375
158.0924377 29782.458984375
159.077179 12249.3759765625
159.0915833 16655.755859375
166.0866089 17462.099609375
167.0465088 8265.890625
167.0813904 7957.7221679688
169.0608215 16790.279296875
169.097229 40939.66015625
169.1334229 29660.07421875
171.0382385 7640.1123046875
171.0761719 7564.9340820313
171.1127777 9333.1728515625
173.0923157 9995.7509765625
173.1282196 8469.3857421875
175.1188507 106664.421875
176.1056824 8624.525390625
177.1031799 7889.1391601563
183.1129608 14297.603515625
183.1493225 74713.625
184.0718536 11005.15234375
185.0921173 46405.44140625
185.1291046 7726.1206054688
186.0873566 67164.109375
187.0882874 9925.978515625
187.1441345 9200.1796875
189.0872803 33284.4375
192.0830994 8994.28515625
195.1133728 9378.2646484375
197.1284485 15278.1806640625
199.071106 11106.83984375
199.1806488 131205.078125
200.1036072 14511.083984375
200.1386108 9963.609375
201.1237488 27012.455078125
202.0830994 13002.3525390625
211.1442413 48606.62890625
212.0673981 15588.798828125
212.1034698 16093.33203125
215.1398315 39440.2421875
217.0814362 64933.75
217.1163483 8806.265625
219.1135101 7586.45703125
221.1286926 15964.5693359375
224.1036072 10742.921875
227.1758881 108975.0078125
228.1346741 18025.3984375
229.1173706 10288.98046875
230.0771027 60227.0703125
233.1651917 27375.8671875
240.098114 32521.716796875
240.1339722 10020.0712890625
242.1495056 16934.9296875
244.0932159 13239.955078125
245.1280823 13453.91796875
249.1237793 58062.84375
249.1609955 12223.6796875
251.1028137 33184.05859375
258.1092529 15621.2060546875
259.1398926 15199.486328125
262.1401367 9323.634765625
267.1326294 52347.2265625
268.1346741 9022.853515625
270.1443481 10107.693359375
271.1773376 10790.6865234375
276.1659851 12042.2998046875
277.1546326 16877.69921875
279.0986938 53099.4453125
280.1670837 11400.0068359375
282.1098328 12330.681640625
282.1811523 12725.658203125
283.1064148 14742.765625
284.0873413 14720.443359375
286.1391907 11798.591796875
294.1835632 12474.84765625
295.144104 9365.1142578125
296.0863647 11140.775390625
299.0995789 29838.685546875
299.1705627 13136.03125
300.117218 13075.078125
301.1144714 61400.01171875
304.1648254 8959.490234375
308.1972656 14052.138671875
313.1146851 18012.5
329.1835022 8446.4208984375
331.1247559 13320.11328125
332.1605835 8953.67578125
339.1281738 7993.6586914063
342.2077026 8740.435546875
347.1672974 10268.1337890625
357.1394043 8434.4296875
359.1711731 9585.685546875
362.1312866 10846.9521484375
364.1503906 17671.875
367.1235046 14385.0009765625
380.1443481 41469.93359375
384.1504822 11335.171875
385.1359558 16260.458984375
392.1798401 33733.96875
396.1515198 10137.8876953125
397.1409607 8714.349609375
399.2273865 11504.515625
402.1614075 11833.6201171875
403.1620483 10357.8583984375
406.2058105 15886.4384765625
409.2084961 18134.634765625
414.1635132 12596.4990234375
423.235321 38411.94921875
427.2229004 13511.4111328125
440.1821289 8071.9692382813
442.1637878 13279.2255859375
450.1609497 13446.9443359375
468.1706848 7302.3813476563
474.2357483 10277.404296875
485.1996155 13222.822265625
517.277771 10623.091796875
523.3046265 7055.455078125
527.2182617 8963.6357421875
562.2908325 10343.578125
579.3286133 74549.46875
580.3283691 30394.650390625
631.8511353 62162.7421875
632.3567505 20787.224609375
633.3189697 10567.544921875
650.3614502 107384.9375
651.3632202 35316.09765625
696.3734741 8571.263671875
715.3280029 9389.4326171875
721.4003906 179546.78125
722.40625 68751.1796875
727.3867798 8984.04296875
748.9240112 10127.6259765625
770.4172974 48637.65625
770.9208374 11374.4619140625
771.4937744 12363.490234375
778.4315796 11210.06640625
802.3966675 9382.744140625
834.4771118 48341.0390625
835.4818115 31590.30859375
847.4069214 11168.5234375
873.4631958 30847.970703125
891.5055542 237645.9375
892.5113525 99982.0625
893.505188 17782.759765625
938.4453735 10609.07421875
955.4919434 108289.984375
956.482666 46872.63671875
986.545166 17895.30078125
1038.572998 169393.03125
1039.573975 103392.09375
1040.565063 29740.06640625
1041.548218 8359.3349609375
1091.575195 10449.0810546875
1139.627441 105230.2109375
1140.637085 60710.66015625
1141.625854 17838.0625
1165.610229 28685.55078125
1173.644653 10025.779296875
1187.415283 9407.623046875
1240.647095 30650.951171875
1241.665283 15717.080078125
1262.672852 17971.107421875
1355.658081 10025.234375
