2182.12002596726 3
155.0813446 2092.103515625
155.1167603 1495.0715332031
156.1023865 1945.5047607422
158.0927582 1574.7346191406
159.0918427 3126.1853027344
159.1118317 2192.59375
166.0864258 4138.44921875
167.080719 2330.1843261719
167.3237457 1499.8980712891
168.3115234 1604.9443359375
169.0969391 3412.0786132813
169.132843 2894.6123046875
171.1132813 2386.9428710938
172.0714569 3285.9050292969
175.0533905 1846.2751464844
175.1189117 11377.6201171875
183.1128998 4359.4580078125
183.1495972 25215.197265625
184.1529541 3312.5434570313
187.1081085 2296.5571289063
187.1446381 24050.79296875
197.1289215 5390.609375
198.0872803 2417.3269042969
199.1077423 2636.4555664063
199.1812897 2076.751953125
200.1038055 17963.41015625
200.139267 1888.3518066406
201.1240082 32995.3046875
202.0874634 1812.0946044922
202.127243 2942.736328125
204.0447845 3008.6455078125
210.0795898 1877.8854980469
211.1447601 22733.3125
213.1594238 2003.9768066406
215.1393433 21401.611328125
216.0981445 13099.0908203125
216.1348267 2061.7275390625
226.0814972 2060.8447265625
228.1342621 9984.7998046875
229.1185913 3945.5705566406
230.1159058 2055.15625
233.164444 2736.2536621094
234.1454773 16296.8310546875
235.1482086 2147.7375488281
240.1377716 2020.3114013672
242.1500702 3892.4184570313
243.110199 2352.6538085938
243.1322632 2133.001953125
246.1542969 2251.0769042969
249.123703 2997.1296386719
256.1664124 2959.8334960938
262.1183167 2621.876953125
271.1405334 2982.9221191406
271.1750793 3252.3425292969
274.1217651 2532.939453125
277.1187134 10049.076171875
283.1440125 13351.3935546875
284.1950378 2599.6977539063
285.1575623 3689.8686523438
286.1772156 2575.6645507813
287.1364746 2452.6606445313
287.1704407 2413.1520996094
292.1311646 2709.8269042969
294.1820374 24797.845703125
297.1557922 8314.6572265625
299.1730042 5479.9145507813
305.1287231 3065.3110351563
305.1824341 15079.9560546875
306.187561 2597.1877441406
311.1390686 4882.078125
312.1925354 13463.3662109375
313.1921997 2665.0932617188
315.1674805 15565.1884765625
322.1560364 10851.103515625
325.1877441 9749.021484375
331.1433411 5493.623046875
342.2125854 3115.0852050781
343.1618042 2296.9331054688
344.1452026 2567.4855957031
347.1403198 3748.666015625
350.1529236 9899.4599609375
358.1641846 3277.2600097656
358.2100525 2790.9501953125
359.2056885 2467.0451660156
363.1694641 4566.3168945313
370.2089233 4745.1708984375
374.1701355 2964.6921386719
376.2216797 5333.2124023438
387.1083984 4548.6591796875
400.1647339 2512.0534667969
405.2196655 2775.8720703125
407.2673035 3542.2121582031
416.1643372 3302.6359863281
418.1773682 4714.5405273438
430.0499878 2288.8000488281
433.188324 9235.392578125
433.2421265 35993.421875
434.2466125 8963.201171875
440.1817932 4739.9760742188
441.2516479 3513.7136230469
446.2084351 3595.3195800781
451.2009888 4888.4995117188
517.2443237 4093.3642578125
532.3120117 21139.14453125
540.8218384 2594.6472167969
567.359436 3291.9230957031
570.6242065 2517.7780761719
603.3477173 37993.37890625
604.3518677 4824.2631835938
619.0502319 2587.8269042969
645.3033447 9669.603515625
646.3118896 2794.6062011719
674.3869019 46935.44140625
675.3881836 19456.146484375
686.4376221 15652.0302734375
702.3787842 10301.830078125
709.2980347 4182.5786132813
729.4431763 47711.2421875
773.4484253 4754.21875
774.4240112 4074.16796875
787.4754028 19642.546875
788.4718018 3247.7770996094
789.4770508 3967.189453125
791.3613281 4517.5166015625
808.3721313 12410.2490234375
810.3792114 3187.5534667969
827.4769287 20300.134765625
888.5178833 27230.91015625
889.5143433 11571.4560546875
890.5349731 3616.4147949219
940.5513916 4478.9345703125
1080.640625 3508.2416992188
1084.484375 8812.90234375
1085.48645 4822.0258789063
1098.652466 17164.19140625
1099.654419 12253.1103515625
1100.662231 2942.0568847656
