1082.52654694919 2
81.47687531 496423.84375
86.09689331 4563615.5
103.0548248 596677.8125
120.0810471 19221162.0
121.0843658 2254621.0
133.6052856 613020.0
140.1521912 629574.4375
158.0925293 1034595.875
172.0753479 939744.25
173.1289215 4014742.25
175.0869293 680757.1875
175.1194458 8391698.0
208.6366577 563763.25
212.1036987 538424.9375
217.0982361 6715344.0
217.1331329 10293311.0
218.1018524 589133.5625
218.1369934 1180483.625
219.1497498 615221.5625
228.065033 659941.0
234.1231842 1051904.375
245.0926056 3705442.0
245.1277924 6009435.5
246.1320343 1026995.125
262.1186829 3594911.75
263.1221924 894917.8125
342.1459351 808546.375
344.1968689 1964230.5
360.1514282 738076.4375
377.1769714 933010.0
411.2144775 656856.1875
411.7138672 864351.1875
427.2302856 629548.3125
478.2261963 6546220.0
479.2267761 660787.1875
577.2961426 9968839.0
578.2956543 2938907.0
724.3622437 7555646.0
725.3575439 3072127.25
779.3892212 607708.6875
821.4150391 9619473.0
822.4121094 4562855.5
1057.835571 636340.875
