1245.63020896896 2
86.09722137 656097.5625
92.0362854 35863.48828125
95.58931732 34208.28515625
101.07164 212663.796875
102.0555191 53083.515625
110.0718079 386440.0625
117.5704269 30260.34375
119.0819702 52149.62109375
120.0810394 223269.171875
129.1027679 489788.15625
130.0867767 141033.828125
133.0436707 39683.05078125
136.076004 264963.40625
138.9731293 40661.7578125
141.0663605 87799.328125
141.1026001 53158.078125
147.1129456 266634.0625
148.0613403 44560.62890625
155.1178589 46738.03515625
157.0972595 579523.5
157.1334686 77127.4453125
159.0764313 144172.453125
159.091156 71993.4375
166.0618134 69959.4140625
169.0972443 72684.1796875
173.1290436 49511.62890625
175.1190948 90315.5546875
181.0977325 44387.14453125
182.0820618 48549.4375
183.1135101 60020.33203125
183.1494293 482396.71875
185.1284943 87538.8671875
187.0711823 74147.953125
187.1450195 66718.234375
201.1241455 71573.4765625
209.1396942 40470.609375
211.1445618 250785.40625
215.1388092 39520.1328125
220.1089172 47287.23828125
228.134613 39834.4140625
230.1134796 55300.7421875
237.135376 67781.2578125
240.1340942 40314.5
248.1416779 37500.203125
249.0459442 39270.87890625
260.1067505 44919.40234375
260.1979675 55040.390625
397.163208 47986.52734375
403.1669922 45706.95703125
458.1726379 45626.0625
509.7553711 184832.90625
510.2614441 57140.078125
549.2680664 69988.8984375
574.2892456 70426.515625
587.3121338 46507.31640625
709.3019409 228949.75
710.3092651 61353.41796875
733.3363647 38361.2109375
759.3167114 67664.6640625
808.3713989 371481.78125
809.3652954 180645.625
814.4156494 40279.26171875
850.4729614 56462.1171875
921.4448242 234747.328125
1010.514343 291457.15625
1011.513794 53190.21484375
1018.498169 156758.421875
1019.504883 69548.4453125
1063.554688 60368.5703125
