1647.84507038033 2
117.6501541 11864.6884765625
120.0740891 21825.21484375
120.0810242 366490.1875
121.0841293 21133.09375
129.1016693 21038.455078125
130.0648499 128232.640625
133.0427704 73828.921875
133.06073 12525.68359375
136.075119 26392.37109375
141.1035309 15780.8125
158.0922546 25756.96484375
159.0776672 17042.619140625
169.1329346 25191.126953125
171.0762177 29083.240234375
172.0749359 21535.318359375
173.1286926 18570.57421875
175.0863647 120094.78125
175.1190796 196054.828125
185.0925751 24846.33203125
199.0531158 24780.375
199.0707397 38620.078125
199.1808929 91547.6640625
200.1849213 20413.767578125
200.4351349 14454.1162109375
214.1186371 21430.46484375
216.0968781 26994.248046875
217.0979156 192410.59375
218.1006165 16148.0361328125
227.1761475 39291.19921875
229.117691 27768.783203125
233.1640015 28795.421875
234.1239471 1137475.75
235.1277771 134464.390625
244.09375 39942.1640625
245.091568 29897.3515625
255.1446838 29050.625
261.1596375 25266.1953125
262.0864563 231157.703125
262.1188354 764863.0625
262.1455994 29799.44140625
263.1213989 141498.125
267.0331116 16560.4296875
270.1578369 20323.42578125
272.0702515 20153.1484375
273.0552368 16679.62890625
286.1500854 36772.03515625
290.0806274 531699.125
291.0819092 33589.3046875
303.1779785 81566.2890625
316.165863 188623.09375
340.1644592 29842.853515625
342.2038269 28474.30078125
357.1917419 156292.703125
358.1781311 44286.6640625
374.213623 143383.515625
375.2034302 775126.875
376.2060852 179719.578125
385.1524658 24442.66796875
403.1652222 399887.25
404.1693115 38997.453125
426.198822 23041.525390625
445.2527771 160936.640625
446.23703 142599.25
496.6869812 21584.076171875
502.221344 23042.26953125
516.2910156 141607.0
545.3063354 41962.765625
603.3215942 536763.875
604.322937 152836.5
616.3444824 104441.3984375
617.3475342 27122.845703125
641.3023682 25879.953125
702.3879395 153302.578125
703.388916 37164.25390625
782.4206543 79167.5625
816.4390259 511509.21875
817.4411621 202841.953125
824.4429932 23478.099609375
825.4291992 127850.9453125
873.4488525 27018.029296875
884.4312134 28304.189453125
917.4837646 446719.875
918.4827881 194018.546875
931.4849854 116438.453125
932.4816895 39396.17578125
1027.54187 27165.388671875
1028.513916 221567.171875
1029.513184 97463.9921875
1030.515991 24775.439453125
1045.537109 427867.4375
1046.531494 414674.0625
1047.52002 131499.484375
1133.5448 511561.3125
1134.544556 212298.921875
1142.559692 26133.51953125
1143.543823 88100.0078125
1144.546631 35208.65234375
1160.563721 696853.9375
1161.568481 396347.25
1162.563965 117732.4140625
1246.620239 188277.875
1247.633057 168190.609375
1255.65686 26883.23828125
1256.628906 87002.7109375
1273.650513 840601.3125
1274.650269 567300.4375
1275.668701 149431.890625
1284.62915 44182.3671875
1339.625732 33938.66796875
1359.718018 111313.6328125
1360.713501 76889.6484375
1386.733032 184991.0
1387.739502 99417.140625
1388.757446 43944.484375
1567.820801 26378.630859375
