996.482413913084 2
70.06599426 1321175.25
71.06919098 36175.55078125
72.08161163 211841.171875
74.06080627 41912.296875
74.07959747 18699.990234375
74.73807526 20758.966796875
84.04528046 152360.234375
84.08148956 263264.5625
86.09712982 767618.0625
87.05612183 25273.9453125
104.0535965 152734.59375
105.9043198 18619.955078125
110.0717545 266401.59375
112.0759888 194390.421875
112.0871429 37678.94921875
115.087265 27137.01953125
116.0709305 42127.29296875
119.0817642 77634.890625
120.0810547 145310.484375
129.1028137 242814.703125
130.0864563 92410.1796875
130.1827393 19042.099609375
136.075943 265326.0625
141.0662384 22435.408203125
143.1181488 25351.064453125
147.1131897 99219.734375
157.0973663 143114.765625
158.0565948 27811.94140625
158.0925598 80086.7421875
159.0952759 25461.361328125
160.0792694 792978.0
161.0823822 86739.1640625
175.1188202 245446.25
177.1016235 31229.98046875
178.4277039 23473.95703125
183.149765 43527.4140625
185.0920715 130212.7265625
201.1229248 27540.830078125
205.1005096 271462.75
216.6515656 22004.3046875
226.1201019 47538.27734375
233.0966492 87368.4609375
233.1298981 26148.998046875
251.1027527 39590.1640625
261.124054 35520.9609375
271.1763916 37367.203125
272.1578674 20516.376953125
281.6622925 21894.615234375
288.0987244 21765.98046875
288.2036133 301560.5
289.2050171 33922.21484375
312.67099 32420.615234375
340.7244263 24612.28125
382.6997375 140111.359375
383.2020569 39009.63671875
407.1910706 28738.85546875
527.2834473 40263.8359375
580.3098145 146088.265625
581.3094482 77885.765625
624.3356323 112944.5625
667.3417969 459507.53125
668.3382568 113633.53125
677.3254395 27009.982421875
746.3676758 31968.255859375
747.3759766 26070.599609375
764.3933716 412419.34375
765.3945923 195938.234375
766.3843994 35339.63671875
965.6316528 26426.51171875
