1262.63548084077 2
88.04021454 9127.9521484375
100.108139 4794.55859375
101.0716705 23454.3125
102.0556946 18055.380859375
103.8548584 4824.3081054688
110.0717239 52934.5546875
115.0505524 4905.59765625
115.0870514 6594.8530273438
116.0709686 6563.6049804688
120.0811386 21726.24609375
127.0507278 6710.8115234375
127.0870972 8395.962890625
129.1027679 72947.9921875
130.0866089 26584.119140625
133.0432434 5379.4418945313
136.0760956 21861.03515625
137.1916656 5315.8803710938
142.4147339 5478.0942382813
144.0765991 12489.111328125
145.060791 38138.37890625
147.1129303 40961.26953125
155.0817108 6833.7885742188
156.0766144 5644.220703125
157.0614624 8378.791015625
157.0976105 7055.9677734375
158.092392 10378.4130859375
170.0937195 5697.4516601563
172.0720215 90184.2265625
173.0561066 62848.71484375
173.0906219 5038.892578125
173.1288605 7380.8989257813
173.7891083 5077.234375
175.119339 60747.63671875
183.1125793 5323.2846679688
184.0720978 9025.5810546875
185.0562897 22842.013671875
185.1651001 6862.5341796875
197.129837 6709.1264648438
199.108139 10200.1376953125
200.1379852 6268.1899414063
201.1242065 8707.744140625
202.0825195 58834.2578125
212.0664825 7430.0283203125
215.1408386 5217.6953125
216.1341553 9055.9306640625
225.10289 5540.2216796875
227.1020203 8590.7529296875
230.0774078 42565.1328125
234.1448822 37695.2265625
240.1360931 7320.5712890625
242.150528 6817.099609375
244.1655273 9929.900390625
245.1241608 12384.5869140625
246.1281128 7677.986328125
253.0940552 10284.3818359375
255.2301483 5632.3793945313
258.1439209 6048.369140625
260.1988525 7959.2329101563
262.1521912 46514.3828125
271.1046448 10315.1923828125
272.089386 5812.7099609375
274.122467 5869.0014648438
284.125 9262.5146484375
285.1559753 117166.8515625
289.114502 6135.0068359375
292.9374695 5824.6450195313
299.0970154 14940.9833984375
302.1703186 5351.439453125
316.1245117 6427.091796875
324.130249 7975.0043945313
343.1614075 5427.6186523438
344.1946716 6747.1474609375
345.177002 6833.83984375
347.2300415 29212.779296875
348.1726685 6546.6362304688
353.2184753 9581.6796875
356.1208191 7882.5288085938
361.2188721 63840.76953125
367.1610413 10680.751953125
401.2079163 6465.76953125
453.1384583 8401.880859375
460.3132324 11984.8232421875
474.3057251 72633.09375
475.3059082 10212.76171875
508.2859802 6401.6982421875
509.9188232 5866.26171875
536.2821655 8953.080078125
587.3892822 43857.62109375
588.3769531 29998.767578125
589.3694458 19692.59375
594.458374 5977.22265625
631.3803101 62774.27734375
632.3759155 91929.046875
644.1345825 6226.6162109375
667.3217773 7685.1098632813
688.4334717 43261.51171875
689.4373169 7527.38671875
721.3482056 26449.77734375
722.3422852 9095.43359375
775.4680176 53003.86328125
776.4698486 26709.40234375
831.3353271 9208.0771484375
834.4393311 41332.35546875
835.4251709 26695.9765625
889.5053711 21804.478515625
890.5048828 12060.4794921875
929.4956665 8289.4609375
942.3670044 10510.1162109375
946.5316162 40675.2578125
947.5219727 34642.5546875
1044.164429 6352.912109375
