1634.79334809774 3
120.08078 292488.03125
120.0876923 35494.1328125
129.065979 38222.203125
129.1019135 99451.4375
136.0758667 661223.125
137.0787354 62524.98046875
142.1231079 28730.970703125
143.1170502 61432.30078125
147.1124725 77246.2578125
152.0345001 60617.34375
155.0814667 47951.8359375
157.134201 59506.8203125
163.0635071 30758.486328125
169.0610809 31106.814453125
171.1123962 98003.625
173.0918427 230957.90625
175.1191101 382763.78125
183.0151062 33610.91015625
185.1652679 34828.234375
187.1075592 174590.921875
201.087204 346079.375
201.1238403 62186.09765625
214.1182861 39128.90625
215.1371918 45754.875
230.0776825 82824.59375
235.1452942 364709.3125
235.1649017 40160.13671875
242.1489563 72581.5703125
244.1287079 40521.44140625
246.1820221 95029.875
263.1398621 168655.15625
272.1247253 279650.46875
273.1248474 48223.73046875
286.1389771 370975.15625
287.1439209 46731.890625
295.1533203 43909.8515625
301.1152649 69786.1328125
312.1759949 41090.92578125
329.1480103 52112.55078125
329.1861877 48532.68359375
484.2675171 55953.48046875
541.2848511 569213.375
542.2873535 161931.4375
544.2883911 82366.5
589.2988281 42395.55078125
618.3685913 66771.84375
646.3544312 57781.18359375
688.3565063 331146.78125
689.3580933 183378.5625
705.4020386 196164.984375
715.4343262 58115.4609375
759.3931274 316240.46875
760.4014282 225377.21875
874.4245605 181491.21875
875.4237061 86908.625
988.4682617 477890.59375
989.4607544 254297.28125
1087.538818 91428.40625
