1373.74070128303 2
101.0715408 59415.64453125
102.0557098 127484.40625
106.9191971 63962.02734375
109.1023636 79233.0
110.0718536 263800.09375
111.4209061 64917.9765625
119.0816498 625670.5
129.0660095 72743.046875
129.1023865 410441.46875
129.3475189 70624.21875
130.0865021 86735.078125
136.0755463 113295.4140625
142.8050232 68770.9375
147.113205 109066.6875
148.6482544 76301.0625
157.1344147 70779.28125
159.4317322 83467.75
171.2848358 67985.859375
178.0524597 270312.34375
195.0768127 325426.8125
207.1608734 66667.40625
212.102005 112148.1796875
213.0866547 89799.9296875
225.2989044 86298.703125
230.1135559 1341971.625
234.6865997 63804.46484375
240.0972443 103941.0859375
258.1082458 73322.78125
266.1625671 127642.7421875
274.1869507 353320.75
283.1409302 85464.34375
284.1726074 162873.84375
340.1505127 74933.5703125
343.1997681 275333.84375
386.2549744 70622.71875
405.2091064 143993.265625
476.2442932 290197.09375
575.3128662 108000.5625
686.8423462 95424.375
688.3807373 374965.4375
792.1557007 75646.6875
918.4766235 208174.1875
919.4734497 109048.859375
949.4226074 82523.4453125
1031.537109 123534.9453125
