916.52548383468 2
69.07061005 109916.6171875
69.9757843 24715.95703125
70.065979 175379.484375
72.08158112 343406.65625
84.04496765 29938.876953125
86.09711456 3393877.25
87.10045624 166564.453125
101.0715408 194539.953125
110.0715637 116712.484375
112.0872955 30183.341796875
113.0965881 32487.6484375
115.0868149 72936.3046875
120.081131 1503049.625
121.0845871 57162.3984375
129.1022034 39534.5703125
136.0759735 66738.2421875
141.1022034 50268.91015625
156.0768433 69725.75
158.0927582 112285.9609375
159.091217 91164.8046875
166.0865936 63614.98046875
175.1194458 426766.625
185.1652679 184935.390625
197.1302185 60527.7890625
199.1804962 792841.0
200.1839142 75463.03125
224.1403503 31076.740234375
225.0443115 40852.55859375
227.1759338 433124.0
231.1140137 38624.296875
232.1417847 36418.109375
233.1645203 225619.953125
240.1301575 32823.1875
242.1511078 49639.16015625
272.1759644 35568.89453125
276.136322 100236.6328125
276.1665955 1080604.125
277.1691589 152301.546875
285.1349182 33513.55078125
288.2035522 63395.15234375
303.1460876 39579.98828125
391.1933289 73987.8359375
401.2878723 128692.90625
480.1943054 31677.876953125
511.3392944 43611.05859375
512.3215942 44026.77734375
529.3459473 457089.71875
530.3497925 155740.65625
577.2704468 199595.671875
578.2835083 61351.6953125
642.4276123 259238.5
643.4329834 54394.32421875
690.3548584 373219.53125
691.3567505 187119.3125
803.4473267 123419.828125
804.4315186 37854.984375
