1163.55728125764 2
84.04511261 155814.78125
84.08145142 243725.65625
85.7951355 161003.90625
86.09712219 3093079.0
92.03586578 246787.796875
96.0448761 138826.609375
120.0526428 169297.21875
120.0813522 1973707.25
121.0844803 164119.65625
129.1025085 418665.875
133.0437012 344055.40625
136.0758209 2609369.25
147.113327 198603.453125
157.1338501 1996061.5
175.1190948 336159.0
185.1287994 988741.5
187.1082001 202264.890625
191.1188202 382161.5625
193.0975189 3836426.0
194.1006165 276248.90625
204.1356964 712796.1875
219.1133118 240770.75
221.0923615 2494496.0
221.1276398 218052.984375
222.094986 234809.515625
284.1242676 884333.125
284.1961975 391289.0625
292.1286926 1290241.0
300.4481506 199359.671875
344.1948547 187808.859375
349.1829834 357988.8125
355.2358093 285727.40625
364.1639404 1431687.0
462.2651672 691398.0625
511.2351685 739661.375
561.336853 305829.96875
612.2803345 1108211.75
613.2808838 371404.9375
648.3651733 1147140.25
725.3599243 732235.625
726.3642578 236160.0
862.456543 355588.9375
863.4538574 405557.34375
872.4274902 213914.71875
943.4752197 254938.625
1171.301758 231828.046875
1183.703491 214101.828125
