1032.53733226706 2
72.08164215 2791905.25
74.06079865 66861.640625
77.01703644 65846.2890625
78.89577484 63992.49609375
83.8044281 66905.5390625
84.04520416 134041.8125
84.08153534 779917.8125
85.429245 74384.3203125
86.09715271 2811578.75
87.10033417 86886.59375
92.92376709 72061.78125
95.23415375 67733.8359375
101.07164 78191.734375
111.6181183 79658.75
115.087204 107055.9453125
117.1027069 1004652.375
118.7117233 71295.03125
120.0810547 184853.4375
129.1025391 827722.875
130.0866394 414482.75
133.043457 299264.53125
136.0756836 669510.6875
140.4785461 78204.6328125
143.0819397 410906.625
143.1186066 328520.75
147.1127625 703225.0
158.0927887 93897.3515625
159.0927582 89411.1875
173.1286926 93761.921875
175.1191406 177330.6875
185.1656952 314730.5625
186.0892334 83739.75
187.0890961 100392.6171875
199.1792145 258725.828125
204.134903 871229.5625
213.1598816 343274.59375
215.0831604 121602.6328125
228.1735229 78690.6953125
229.1192322 304186.46875
232.1110229 763461.9375
243.0807953 338572.875
245.077301 169219.015625
245.4150696 82358.296875
256.1655579 949584.75
257.1717224 138459.546875
260.1061707 665207.4375
260.1965637 716944.1875
261.200592 165299.734375
268.1661377 88622.296875
317.2184143 304038.90625
328.1873474 122381.078125
358.1612244 375434.21875
373.2799072 132317.484375
457.2286987 166437.65625
472.3486938 411510.1875
473.3517456 158084.3125
485.4076538 79461.71875
515.3470459 709388.1875
516.3515625 500324.46875
561.2894897 157994.390625
562.2942505 111651.9765625
649.8984375 82216.234375
674.3679199 174535.484375
675.375 310261.1875
773.4335327 310756.25
774.4417114 95794.7265625
