827.41526422452 2
61.01163101 107773.0234375
69.13232422 122359.3828125
70.02990723 128253.1640625
70.06594086 234029.90625
72.08169556 250698.234375
84.04541779 164725.625
84.08150482 1501864.25
86.09722137 4687486.0
87.05601501 556273.5625
91.05513 913023.8125
92.02846527 185637.8125
104.0532379 903829.75
105.3557434 122140.4921875
107.0495834 136531.53125
107.8162231 117793.375
116.7416458 135819.859375
118.3618164 141770.640625
119.0493317 682110.6875
120.0813522 579089.4375
129.0935516 159216.578125
129.1026459 1580462.5
130.086731 950357.875
131.117981 524216.34375
132.076889 270726.5
133.0433655 1689694.375
136.0759735 10416635.0
136.1717834 121068.546875
137.0798035 921268.0625
141.1018829 188442.140625
147.0441742 623463.75
147.1130219 1801587.625
164.0707245 223586.1875
174.0917358 839710.4375
175.1198425 502501.75
179.0489349 139143.703125
187.1434326 235777.578125
197.1294861 196625.59375
199.1811218 558658.75
217.137619 728729.625
219.1131287 6865683.0
220.1169281 1003965.0
227.1759186 434880.71875
243.5980682 129787.046875
245.1321869 918497.0
246.1268005 239622.171875
246.2215881 122741.9453125
260.1980896 176620.3125
267.1168213 2995625.0
268.1192627 645219.5
271.1219788 192037.734375
272.1069031 236724.671875
272.1713867 204189.40625
274.1202087 529112.4375
289.1330566 718571.375
290.1175537 194205.359375
295.1112366 622007.375
307.1437073 4510578.0
308.1464539 861467.5625
358.2168274 202725.40625
361.2458496 222690.875
387.2063599 191873.53125
388.1001282 132599.25
420.227417 1268534.25
421.2323303 192917.9375
450.3735962 126353.2890625
474.3309937 216533.890625
513.348877 175076.96875
533.3126221 990735.375
534.31604 209250.140625
664.3522339 535616.1875
838.3550415 164240.265625
