1052.56265700105 2
75.05607605 443074.625
76.94529724 94488.703125
84.0452652 253703.609375
84.081604 667661.4375
86.0971756 2238292.5
87.10083008 117767.25
88.30974579 95774.78125
96.04508972 111984.7109375
101.0716019 131789.703125
102.0554276 162446.546875
103.0547867 107119.3046875
110.0718765 148256.46875
113.0712967 426340.96875
120.081192 4956571.5
121.0846024 464141.78125
129.0662689 117203.15625
129.1030273 758301.875
130.0868835 127123.5625
136.0759277 447558.65625
143.1181183 3612717.25
144.1219635 182559.296875
146.8292084 104223.140625
147.112915 507687.125
162.8674164 124530.921875
171.112854 435667.96875
175.1189423 436652.125
176.1081085 382905.5625
199.072525 115455.703125
203.1187592 134216.03125
217.0832062 128874.9921875
221.1283875 598322.3125
231.1128693 461204.96875
248.1619873 134179.53125
249.1232758 440839.59375
294.184021 172495.921875
300.1198425 152261.296875
304.0827332 112234.84375
305.1820068 967373.5625
418.2645569 541043.0625
419.2746277 157486.9375
447.1829834 163063.109375
547.3051147 131451.671875
634.3416138 794662.875
635.3361816 195690.578125
646.3476563 143516.234375
650.9066772 120221.0625
717.1079102 135699.203125
735.3887329 813633.625
736.3844604 152715.28125
864.4424438 140588.75
882.4481812 424272.78125
883.4577026 201882.046875
984.7479858 130174.296875
