1744.80307816177 2
120.0809631 22073.140625
120.087204 1837.0920410156
129.0661621 2264.3034667969
129.1022644 6727.6513671875
130.0649261 2276.3120117188
130.0863495 3165.9887695313
133.0426788 4243.3422851563
133.7178345 2256.8491210938
136.0757904 21196.33984375
147.1127014 6356.2778320313
157.0606537 7099.56640625
157.0977173 3976.5515136719
159.0917969 4455.0888671875
167.045166 3917.7717285156
169.134079 6304.8422851563
173.1291351 5316.4951171875
174.0876465 4423.9609375
175.1190491 13231.13671875
183.1137695 2665.173828125
183.1499481 4834.09375
185.0564117 7122.1416015625
187.1437988 3606.4487304688
197.1291046 8138.2900390625
199.1806946 3609.6779785156
200.1377563 2761.1418457031
201.123291 5238.458984375
202.0828705 130012.921875
203.0856628 6099.8935546875
210.0796204 5548.2817382813
211.1438599 3367.2783203125
215.1395264 7609.3896484375
217.0832214 4371.9453125
217.1364441 4295.2841796875
226.0819702 4534.1787109375
226.1187592 3968.3015136719
227.1761932 6102.6997070313
228.1336823 2891.9228515625
229.1200104 4178.25
235.1439819 3193.2932128906
240.0977173 3714.306640625
242.1507416 6706.6337890625
243.1344757 4284.1918945313
244.0933075 4121.3627929688
245.1331024 6895.1499023438
258.1444702 2844.9094238281
260.1086731 3684.0222167969
262.1407776 5077.267578125
263.1031189 6265.650390625
263.1400757 3375.6569824219
264.0825806 4169.25390625
270.145752 7803.0268554688
272.0716553 4089.3100585938
272.45578 3315.7961425781
287.1730652 14680.8271484375
292.081604 5873.9599609375
292.1308289 12743.88671875
297.1564026 3654.9206542969
310.2127686 6814.0170898438
311.1723022 4616.3930664063
315.1670532 36718.4453125
316.1705322 5884.9829101563
327.1165466 3878.7260742188
342.3009644 3770.7509765625
355.2367859 3546.509765625
372.1916504 13020.048828125
373.1740112 16569.4375
374.1755371 8564.607421875
384.7232666 4296.8637695313
386.1374207 4241.2573242188
386.319458 3428.4846191406
398.2044373 3354.3901367188
420.1413574 6233.0595703125
442.2815857 4722.9775390625
452.1624451 8049.306640625
494.2633057 3940.6203613281
512.276062 4981.4145507813
521.2427368 18165.78515625
600.3500977 6694.9833984375
653.3361816 4434.1752929688
681.2744751 23648.779296875
768.4365845 35923.1328125
769.4442139 20848.71875
770.4418945 7461.2426757813
772.343811 4123.0180664063
792.2988281 5893.541015625
809.3275146 8346.091796875
874.4557495 5387.3203125
971.5244141 34095.35546875
972.3964233 22310.533203125
973.3995972 19413.76171875
1084.604492 14150.4140625
1103.435303 27717.421875
1104.430176 8231.923828125
1105.455566 5916.6069335938
1216.523071 7650.7651367188
1217.522217 7654.404296875
1260.658813 4793.123046875
1317.57312 25316.08984375
1318.559937 6610.63671875
1319.587036 5794.0043945313
1430.670776 5934.556640625
1432.643066 5966.9838867188
