1393.67798539454 2
101.0716019 84408.265625
102.0557404 61472.88671875
110.0716553 82259.2734375
110.2021866 50581.8046875
114.5095367 44896.140625
120.081543 49889.82421875
129.1025543 916446.0625
130.0864716 214989.234375
147.1130371 78528.890625
155.0809479 58248.55859375
159.0919952 55681.1484375
162.5574493 52046.046875
175.1197968 68407.78125
183.15065 53957.578125
184.7592163 47466.078125
197.1664124 92239.0625
217.985733 51787.8828125
218.1498413 57060.11328125
224.1757202 54797.45703125
274.0158691 47631.1875
297.1567383 45723.74609375
305.1822205 67119.6640625
364.0689697 52161.015625
416.2158203 82932.8984375
433.2399292 82568.5234375
438.3628235 47762.9765625
601.3292236 76330.34375
602.3320313 50612.30859375
649.310791 57644.05078125
697.8429565 63619.05859375
855.4275513 218931.03125
856.4364014 82258.6953125
966.4271851 93374.7421875
1152.504761 90593.90625
1265.558594 88543.859375
