851.51279627062 2
64.43028259 4450.31640625
70.06599426 32315.939453125
70.98897552 5206.5458984375
72.08161163 52591.234375
75.50948334 4041.7192382813
84.04561615 5033.2612304688
84.08152771 10045.01953125
86.09711456 602702.8125
87.10054779 24187.71484375
89.87128448 4648.2397460938
110.0143661 4772.0004882813
110.0717773 19554.6484375
116.0713425 5004.9697265625
120.0811234 714490.8125
121.0842819 52251.66796875
129.1025391 24005.154296875
136.0761871 24787.5546875
143.1181183 5174.2236328125
143.5622406 4637.5317382813
147.1125793 6295.5180664063
158.0925751 8842.87109375
166.0865631 29472.529296875
175.1189575 69549.0234375
177.1021423 20725.2734375
179.8091583 5513.19921875
183.1486816 5518.9736328125
190.1195679 6310.439453125
193.6017609 5869.3461914063
201.1233673 5848.6030273438
205.0974121 10168.09375
233.1650238 483137.96875
234.1681824 70076.6328125
235.7989502 4701.4213867188
261.1602783 65761.3984375
262.1624451 7907.3251953125
271.1766968 22063.501953125
279.1703796 51497.7265625
294.1808472 9292.44921875
304.1653748 26480.83984375
314.2429199 5349.6547851563
341.9902344 5511.59375
387.2721558 7007.3046875
426.2110901 19184.728515625
534.3366699 6539.5756835938
535.3407593 6908.880859375
548.9213257 5738.8959960938
563.1627808 5588.220703125
591.362793 131534.4375
592.3634644 51956.5546875
596.263855 5760.1313476563
726.9190674 6345.7055664063
738.4271851 30406.54296875
739.4262695 7952.1875
