1175.64672136005 2
81.43738556 45772.54296875
84.04537201 135591.171875
84.08150482 360220.3125
86.09716797 1088885.0
91.05492401 263597.96875
101.0713882 108027.5234375
102.0555496 236331.1875
104.05336 804002.875
110.0718231 320482.125
115.0868607 116275.4765625
119.0495071 68975.2109375
120.0810928 406071.15625
129.1025391 257533.28125
130.0864105 229896.078125
136.075882 1884873.5
137.0790253 360168.375
141.1029816 51686.94140625
143.0818481 54512.578125
145.9927368 51108.0859375
147.1128693 283417.46875
148.1173096 70672.453125
158.1003571 843028.5
166.0611115 73373.09375
169.0969086 72813.578125
169.1340485 524524.1875
170.1370544 61058.79296875
173.1284637 94469.625
175.1191254 683408.25
182.7563477 47820.91796875
185.0922394 87961.8203125
197.1284637 498215.34375
199.0721741 50991.40625
200.1401215 70149.3203125
201.123764 117823.3125
202.0819702 62043.828125
202.4841461 62600.21484375
203.1213837 2427433.0
204.125061 272470.40625
210.4513245 57593.96875
213.0866699 214181.21875
215.1390533 99603.296875
221.1280518 111566.6171875
226.1206055 55133.5703125
228.1345367 58485.70703125
229.1192017 98057.8515625
231.0960388 84820.5234375
231.1163177 537469.1875
232.1205139 102506.4609375
234.124527 66842.7421875
240.1339417 68300.953125
251.15065 288867.65625
252.1539459 74898.8125
254.1496582 64771.046875
257.9064636 72011.046875
258.1461182 111065.4609375
268.1669922 64566.53515625
271.1806946 62817.12890625
276.1559143 70899.9765625
286.3780212 50543.15234375
288.2033386 74960.0
308.1620178 64399.80859375
310.2114868 68162.1171875
315.1652527 254728.6875
337.1864929 84671.9765625
347.1941833 70581.09375
360.1594238 89980.1171875
365.2203979 67840.8671875
379.2331848 64923.66015625
397.2441101 88828.953125
398.2175293 500620.46875
399.2207947 304485.28125
416.2080383 62765.47265625
434.2261658 113492.984375
512.2886963 84680.7890625
515.3319092 80236.5
547.3071289 286498.25
548.3132324 99236.859375
585.3591309 61740.44140625
602.3626099 800506.0625
603.369873 182417.21875
647.3865967 83185.125
697.4534302 69611.9375
715.4429932 274634.15625
716.4491577 99453.9921875
743.4266357 228244.59375
744.4284058 296195.4375
745.4389648 82067.2890625
762.4229736 90059.7109375
804.4160767 87017.7734375
816.4979248 679659.9375
817.4873047 296718.875
927.5130005 231014.46875
928.5164795 84218.5234375
945.5371094 1072110.125
946.53125 569624.3125
947.5419922 111829.4140625
1045.603394 110626.671875
