1491.6938777119 2
104.0535812 10052.3857421875
110.0718918 10242.8134765625
112.0869522 7023.8486328125
115.0870132 9492.87109375
116.0708237 22910.78125
120.0811157 167888.546875
123.39814 5605.8295898438
125.107605 13584.1044921875
129.1029816 44177.1171875
130.049942 7290.4555664063
130.065506 8597.5986328125
130.0862885 6555.3608398438
132.0814514 9421.0703125
133.0433807 12598.93359375
136.0757904 40431.73046875
137.2436523 4811.7412109375
141.1026917 5867.1655273438
142.1229248 54884.734375
143.0812378 12181.5146484375
143.1180725 6456.5986328125
146.0640106 7310.7954101563
147.0769806 25272.91796875
147.1131592 11543.794921875
148.5044861 6750.1508789063
152.1073151 24968.728515625
157.0973206 10740.5625
158.0928955 14307.181640625
159.0916138 11690.8046875
165.1032257 6833.5776367188
167.0822144 8387.0595703125
169.1332397 12017.9267578125
171.0770874 8154.7387695313
171.1134033 12265.1591796875
173.128891 9160.482421875
175.1191864 146716.203125
176.1239014 6545.6743164063
185.0910797 6104.8876953125
187.1443634 156245.890625
188.1467285 8951.3232421875
189.0852203 8835.5478515625
197.1285095 91333.625
199.108017 12168.4736328125
199.1808319 6410.9716796875
201.12323 42860.109375
215.1393127 138861.640625
216.1418152 12085.7109375
227.0661316 5791.859375
227.1040192 12488.3544921875
228.1342316 23639.001953125
229.118103 14271.1845703125
232.113739 6554.0834960938
233.1652527 41640.578125
234.1077881 7922.2573242188
235.1094208 6240.5947265625
240.137207 5908.3208007813
242.1496124 7848.7333984375
243.1336823 52907.26953125
245.07724 22442.109375
261.1600952 30512.474609375
284.1614075 31731.205078125
285.1665039 6793.6953125
290.1452942 10425.345703125
294.142395 6982.8081054688
308.105957 10053.6337890625
308.6228027 6133.5078125
310.2110596 46110.35546875
318.1817017 34358.93359375
321.1268005 9047.3828125
344.1763611 8420.5537109375
348.1222229 7536.5131835938
357.6788025 6255.947265625
358.1599731 47176.21484375
361.1550293 6993.18359375
390.1483765 34665.99609375
448.2150574 8669.51953125
459.2063904 13706.6689453125
490.2792969 7258.4282226563
513.2788086 9062.3701171875
563.2583618 122131.8984375
564.2628174 43451.01171875
632.335144 22669.751953125
633.3341675 9733.310546875
678.2827759 56198.671875
679.2853394 12937.138671875
716.381897 10378.61328125
747.3634644 26446.0859375
748.3671875 7823.8662109375
789.305542 10517.494140625
807.3314819 63404.7578125
808.3254395 30418.0703125
813.4333496 61757.2265625
846.4257202 11936.87109375
847.4211426 29583.638671875
914.4699707 24998.748046875
920.4107056 102560.7578125
921.4226074 48382.78515625
960.5135498 22521.103515625
997.5964966 11610.4296875
1033.570557 10210.7646484375
1035.435303 115447.6015625
1036.448486 58694.40234375
1037.432983 10091.0380859375
1041.434204 13069.029296875
1074.548828 33167.0625
1075.55957 9524.3720703125
1146.456299 31902.45703125
1147.471313 21376.2734375
1164.481567 93971.1640625
1165.487549 61058.76171875
1187.626221 9321.5283203125
1277.574097 64892.25390625
1278.588135 43908.66015625
