860.524530019096 2
60.04540253 11362.921875
69.0705719 23518.498046875
70.06600189 394114.375
70.06970978 18704.376953125
72.08168793 128796.90625
74.06076813 24152.650390625
75.10783386 8595.2646484375
84.04514313 71718.4140625
84.0815506 188703.75
86.09715271 1740061.625
87.05603027 42323.4140625
87.10056305 70147.609375
88.04021454 19647.25390625
91.05488586 23032.154296875
101.0715332 62707.09375
101.1078415 20215.583984375
102.0553741 82690.828125
104.0537872 16067.7373046875
110.0717926 68961.8125
113.0719528 9933.7216796875
115.0873032 21904.73828125
116.0706406 12582.814453125
119.0493927 42623.578125
120.0812912 152890.0
129.0662079 18896.912109375
129.1025391 484157.8125
130.0865479 79888.6484375
130.0966797 19764.66796875
130.1062775 19132.017578125
136.075882 969149.6875
137.079483 73602.9296875
143.1182709 102350.140625
145.0608368 15301.1123046875
147.0449982 15003.4248046875
147.1128235 219874.65625
157.0971375 84483.375
157.1340332 16176.4619140625
158.0922546 15945.87109375
159.0919495 25253.98046875
167.0808411 12565.912109375
171.1132202 17679.216796875
171.9479065 10463.6982421875
173.0564117 17050.30859375
175.1191864 114789.578125
179.0825043 11941.095703125
183.1136169 24505.7890625
185.0927734 12972.7607421875
185.1290436 14746.142578125
187.1436615 19547.826171875
197.1290436 39842.31640625
199.1807709 220308.96875
200.1394806 25412.732421875
200.1841583 21624.919921875
201.1238403 61537.609375
202.1249847 9537.0322265625
207.1121826 14236.943359375
212.102356 14450.5107421875
214.4244537 10268.6416015625
215.1388702 53501.81640625
217.0809326 11773.595703125
217.1342468 61906.546875
218.1492615 25490.16796875
226.1190338 17027.0078125
226.1558838 54844.03125
227.1752167 120463.5
228.1345978 19877.37109375
228.1757965 16113.9345703125
233.1654205 15953.869140625
234.1443634 13529.2333984375
243.1353607 66142.5234375
244.1657257 319606.40625
245.1287231 20815.56640625
245.1690063 43364.69140625
246.1274414 11767.015625
246.1808319 12872.0537109375
249.1597137 282274.78125
250.1627502 49676.92578125
261.157074 47933.28515625
272.1731873 17282.068359375
275.2064209 19831.501953125
277.1550293 53034.85546875
313.1864624 24053.595703125
315.2025452 15775.5400390625
341.1813354 41670.46484375
341.2178955 33366.26171875
358.2088318 110708.875
374.2764893 14181.5048828125
392.195282 15473.119140625
404.2302246 15865.5810546875
438.8680725 10912.91015625
462.2700806 13057.119140625
471.2930603 50380.7421875
584.3809204 109819.2734375
585.3796387 40714.22265625
590.3480835 60033.50390625
634.3239136 13367.66796875
703.4300537 21347.130859375
