8975
2
955.4548380000001
# +15.9949|* +79.9663|
C=160.030649
955.45532	0.0000	21.02	0.161	5	14	K.SKFEDMAK.S	F
955.45532	0.4477	11.61	-0.778	4	14	K.SKFDEMAK.A	F
955.46081	0.7445	5.37	-1.398	4	14	R.KSQGLQS*K.L	F
955.46081	0.7445	5.37	-1.398	4	16	K.KSSGGS*PKK.I	R
955.46081	0.7445	5.37	-1.398	4	16	K.KSS*GGSPKK.I	R
955.46080	0.7445	5.37	-1.398	4	14	K.KSSS*PKNK.S	R
955.46080	0.7445	5.37	-1.398	4	14	K.KSS*SPKNK.S	R
955.46081	0.9291	1.49	-1.792	3	14	K.SKPLT*SSR.S	F
955.46081	0.9795	0.43	-1.898	2	14	R.KGQKT*DAK.N	R
955.44957	0.9795	0.43	-1.898	2	14	R.KVEET*AAK.M	R
