1745.8079575541 2
129.065094 1752.7423095703
129.1018982 9695.427734375
130.0847778 2161.1838378906
132.076355 14197.328125
147.1125031 3229.0205078125
155.0934296 1616.3739013672
158.7639008 1381.4608154297
173.0899811 1615.7099609375
181.0611267 2601.3254394531
181.9483337 1579.2823486328
206.4779663 1842.9108886719
209.0552826 10378.30078125
212.104248 2901.7019042969
226.08255 21155.08203125
239.1129303 3021.400390625
239.1516418 2159.8186035156
240.0972595 3008.5388183594
240.1339569 11273.5263671875
243.108963 39660.953125
244.1126709 2090.2971191406
249.0982819 2871.0437011719
257.160675 5451.7885742188
258.1457825 12027.0341796875
266.1231384 11433.2763671875
275.1711731 2854.9721679688
302.1324158 2498.6691894531
309.1193848 4239.3745117188
326.146698 11725.7607421875
327.1289368 2856.9990234375
344.1540222 8337.931640625
351.167572 2160.3166503906
368.1948853 2645.7490234375
377.1543579 3168.0705566406
385.2200623 14864.6279296875
386.1560059 2470.896484375
386.2002869 17831.3515625
397.1855774 4261.0375976563
403.2308655 4147.8286132813
522.28302 3043.2751464844
526.2300415 2860.1767578125
532.2572021 3215.7153320313
540.2914429 16038.578125
541.2929077 3636.9169921875
544.2327271 5254.0107421875
649.9030762 2739.5568847656
663.296936 2877.7221679688
669.328186 3502.9438476563
672.28302 2459.837890625
688.3074951 2562.9895019531
701.8387451 3407.9611816406
727.6453247 2797.1674804688
752.3617554 3063.8933105469
752.8585205 3761.8273925781
762.8433838 3015.1870117188
800.3531494 5638.4838867188
801.3621826 4423.26171875
816.3996582 9691.478515625
817.4014893 3590.5852050781
831.4922485 4164.7299804688
864.8880615 4103.6484375
865.4017944 4490.8295898438
872.506897 9821.0888671875
873.4064331 14710.3427734375
873.9155884 12403.115234375
874.404541 16087.1943359375
903.0983887 2891.935546875
927.421875 2924.767578125
928.4035034 5149.1186523438
929.4058838 3924.005859375
945.4412842 10033.3544921875
964.4354248 3861.0886230469
1056.485107 4099.9077148438
1057.478638 4885.2192382813
1074.491211 16909.705078125
1075.494141 5496.0517578125
1076.48645 2881.5744628906
1185.565796 4157.9731445313
1198.498901 3290.8608398438
1202.572388 10717.544921875
1203.576904 14139.2060546875
1206.518311 3635.900390625
1207.536133 3003.9655761719
1316.623291 3367.1667480469
1331.627075 10419.693359375
1332.623779 4588.4721679688
1385.647705 3895.5563964844
1402.662231 9867.8759765625
1403.656006 5011.859375
1503.700806 9311.888671875
1504.705933 3727.9936523438
1762.446045 2960.5251464844
