1499.834980996 2
104.0534134 16627.919921875
110.0720978 30112.765625
112.0872803 11667.5966796875
115.0876465 12758.587890625
116.0711975 12813.609375
119.0503006 8916.849609375
120.081131 170291.640625
126.8697052 8972.345703125
127.0867081 15325.4921875
129.0657806 9559.994140625
129.1030579 64242.453125
130.0652008 133875.6875
130.0865326 34530.90625
131.1182098 57372.2578125
132.0808868 37732.66015625
133.0434723 16323.7353515625
136.0759583 164332.359375
141.1021881 16115.9365234375
143.117691 17275.6796875
144.0808411 49454.95703125
147.1128082 52047.30859375
152.1070862 10443.818359375
155.080658 9875.9931640625
157.0971985 10574.0283203125
157.1345978 12540.990234375
158.0925598 51344.65234375
159.0779877 28333.623046875
159.0916748 280038.40625
160.0956726 31974.908203125
166.0871124 9360.7666015625
168.0811157 9658.87109375
169.0972443 14636.392578125
170.0599213 41281.0546875
171.1130676 40415.2578125
173.1284027 12885.1162109375
175.1193237 141219.390625
179.5878448 8480.0283203125
185.0926819 15451.0947265625
185.1651764 35861.6484375
186.0894318 14262.6962890625
186.127533 11484.8916015625
187.0716095 11790.6435546875
187.0875092 48294.04296875
187.1437531 10892.0390625
197.1288757 41203.953125
198.1279602 50019.66015625
199.06987 10125.71484375
199.1810455 87274.53125
200.103653 10907.8291015625
200.1433868 147060.921875
201.1237946 85588.8046875
201.1404724 10201.1337890625
208.0968475 8946.876953125
210.1286316 11618.0009765625
212.1026306 19713.513671875
213.0873566 10441.4697265625
213.1600647 49250.625
214.1591644 9924.609375
215.1173248 15005.6943359375
215.1389618 17505.3671875
216.0980225 15526.8271484375
217.0813751 12336.3623046875
217.1359863 10987.083984375
219.1499329 38385.328125
225.1229706 57603.046875
225.9682007 9208.931640625
227.103714 11569.943359375
227.1545868 60030.72265625
227.1756439 77475.7421875
228.13414 11248.111328125
228.1783295 10192.1015625
229.1189117 12865.1015625
230.1134644 11653.1708984375
238.1212311 10323.8486328125
240.0974426 10644.7998046875
240.1341095 10614.9013671875
242.1501465 92408.96875
243.1115417 10360.373046875
243.1338654 18066.34765625
244.1666107 13872.4150390625
245.0770111 50322.09765625
247.1438293 12060.505859375
248.1383667 9003.2392578125
254.1510468 14626.1484375
255.1490936 248721.5625
256.1282043 15331.185546875
256.151886 32728.06640625
260.1386414 9681.291015625
261.1586609 9784.4169921875
272.132019 20794.345703125
272.1763916 628608.4375
273.1794128 142991.28125
277.1167908 13703.8271484375
279.0974121 19047.126953125
283.1442261 63049.921875
286.1437683 10741.875
287.1366577 33595.03515625
288.1355286 17639.892578125
297.1193542 9505.30859375
300.1711731 549258.875
301.1750488 101978.3984375
307.14328 9937.6279296875
309.5527649 9710.150390625
310.213623 19087.431640625
311.1723022 12032.2607421875
312.1755066 16910.6796875
312.2262573 12727.5556640625
313.1868286 9904.9501953125
329.1460876 11110.15625
351.2032166 13130.046875
357.1862183 9873.392578125
358.1626892 10736.8056640625
361.1830444 13592.3134765625
366.1420593 13663.974609375
367.23349 14029.830078125
368.2335815 39947.5390625
369.2356873 11896.9033203125
375.2015991 14149.328125
396.231781 14363.1142578125
400.1940308 13681.9521484375
404.1529236 10223.0615234375
413.2553406 135315.453125
414.2575378 36708.9765625
417.2190247 40211.28125
493.2184753 11649.8447265625
531.2911987 13152.076171875
545.2791748 38786.91796875
549.3022461 77843.1171875
550.3026123 17873.662109375
571.3204346 13341.904296875
582.2662964 10450.865234375
616.3173218 87377.8125
617.315918 13353.091796875
628.3425903 42915.55859375
629.3442383 10733.8203125
670.310791 40561.70703125
686.3251953 16452.56640625
703.3480835 258902.0
704.3519897 80529.9609375
709.3301392 15780.140625
766.4321289 11178.400390625
783.3918457 32947.2734375
802.4111328 10975.091796875
816.439209 64636.9296875
817.4209595 15825.5625
855.4382935 12619.4716796875
856.4277954 20449.650390625
873.4536743 337557.5625
874.4525757 114885.9921875
875.4539185 33624.34375
895.4065552 10786.583984375
896.4707031 13631.771484375
897.4780884 14597.96484375
930.4664307 15702.1279296875
940.456543 10972.4794921875
957.473877 32734.47265625
958.4748535 14059.3203125
974.5009766 484216.21875
975.335083 12765.3515625
975.5067749 252941.375
976.5142212 70650.1484375
1010.41394 10830.9990234375
1069.571411 18265.59765625
1087.364868 11717.53515625
1087.58374 257629.9375
1088.588989 174506.15625
1089.577881 56604.19140625
1119.223633 10266.248046875
1182.655884 10803.4990234375
1183.656616 12310.0166015625
1185.629639 10974.326171875
1200.667969 258201.828125
1201.675049 177243.9375
1202.658813 50075.6875
1256.558228 13630.830078125
1313.72937 14365.462890625
1314.731445 15188.673828125
1315.73291 12803.255859375
