804.464932578884 2
56.05042267 24940.32421875
56.33843994 11857.4287109375
57.05844116 15250.779296875
58.06603241 14477.6103515625
58.50951385 12544.861328125
60.04516983 17152.09765625
65.90244293 13523.5498046875
69.07072449 70322.5078125
70.06600189 419113.1875
70.07423401 13971.58984375
72.08161926 1000859.1875
73.0848999 30265.453125
74.06092072 138140.0625
75.05612946 28173.94140625
78.34435272 12211.703125
81.65161896 15435.947265625
84.04518127 67980.078125
84.08148193 535387.9375
85.08499908 20942.779296875
86.09715271 2180195.0
87.05609894 24146.521484375
87.0955658 20433.072265625
87.10011292 126589.1484375
88.03978729 26921.5234375
90.00152588 63981.0078125
92.03497314 17269.880859375
101.071785 26393.33203125
101.108223 15716.8837890625
102.0013428 26639.13671875
102.0553589 25533.01953125
104.0529861 15965.6376953125
110.072113 71475.7734375
110.3247681 13944.0810546875
112.0871964 16605.21484375
112.2147141 14352.9912109375
113.0712357 22228.794921875
115.0874481 19661.080078125
116.016861 105336.34375
116.0707474 19161.734375
120.0812149 285767.625
121.0845261 22768.646484375
127.0868912 18869.130859375
129.0658722 17135.900390625
129.1025085 769985.875
130.0864716 481261.90625
130.1056976 15986.2822265625
131.0901794 24485.232421875
132.1022186 29485.5
133.0432587 501737.09375
136.0758209 168213.296875
141.0653687 16723.88671875
143.1177673 21245.20703125
144.0118103 24317.59765625
145.0973663 72111.171875
147.1128693 776002.75
148.1163788 26360.83203125
155.1181641 188813.671875
157.1339722 64881.07421875
158.0930939 31925.609375
159.0770111 29181.16015625
159.091156 28066.767578125
161.0381622 183797.96875
171.1494141 135645.90625
173.0372162 24437.890625
173.0923767 254462.59375
173.1286469 68233.6875
175.1191406 184874.84375
183.1133881 149732.25
183.1497345 132359.75
185.128891 32281.00390625
185.1654053 83307.03125
186.0878296 22796.689453125
187.1447144 78667.7578125
197.1287842 54842.859375
199.1452484 19074.16796875
199.1809235 154345.734375
200.1393433 31644.44921875
201.1056824 106400.2734375
201.1238861 118279.3359375
203.1389618 65890.421875
204.1340485 29311.6484375
207.1133881 18445.6953125
211.1448822 32549.2109375
213.1604767 24680.86328125
215.1392059 58633.8671875
217.0823059 17426.64453125
228.1709442 80886.53125
229.1008148 295312.46875
240.1353149 18513.078125
241.1542969 83247.9453125
244.1663208 23072.951171875
246.1274567 1135118.25
246.1544189 66939.3828125
246.1808777 484333.8125
247.130188 114856.2421875
247.1853027 75549.859375
248.1225891 22475.8125
248.1607361 108714.390625
254.1507111 34519.390625
258.1448364 32248.19921875
268.1655579 107927.078125
274.122406 86863.8203125
275.125824 20427.244140625
286.1766357 402618.5
287.1805725 33402.17578125
288.2025452 16247.19921875
303.1750488 67332.6015625
307.2098389 17074.453125
312.1559448 23587.345703125
330.1644897 31618.69921875
331.1431885 20057.08203125
357.1590576 109846.765625
357.2484436 23724.3125
358.1443787 28806.619140625
359.2661133 99073.8046875
361.2432251 22798.318359375
371.2662354 28085.603515625
375.1700745 59478.1875
376.1704407 19093.205078125
383.17453 23650.607421875
384.1679688 17044.556640625
385.2445374 63561.0625
393.7310181 21015.443359375
394.2251587 23598.16796875
395.2020874 103739.0625
396.3876953 16996.87109375
400.2055664 26162.234375
401.1843262 60963.55859375
411.1743469 24820.3125
413.2720642 19245.486328125
428.196106 131635.96875
429.1831665 67883.2734375
430.3041077 103846.1171875
431.3031006 18411.333984375
436.2324829 18569.125
446.2087097 23110.59765625
508.2865601 57696.765625
531.3504028 269148.59375
532.3509521 92214.5625
550.2727661 32173.013671875
577.3215332 28075.1640625
605.3372192 87738.078125
644.4347534 34772.96875
