1391.75419388989 2
101.0713882 31592.509765625
110.071991 38004.0
120.0813446 236162.328125
129.1026306 1059841.875
130.0864868 115272.4375
130.105957 38164.484375
133.0430908 21882.94140625
136.0760193 267288.90625
136.5730438 16249.3134765625
143.1175079 24451.751953125
147.1126099 117813.6328125
157.0971832 33061.9609375
171.1135712 29366.671875
175.1192932 93313.859375
181.0974579 21794.23828125
183.1135254 22103.02734375
183.1494598 31851.931640625
185.0926819 20206.41015625
200.1403503 36673.41796875
201.1237793 24295.150390625
216.0418396 158823.71875
218.0581818 17191.197265625
226.1196594 133224.171875
227.1761169 20086.201171875
228.134964 24390.759765625
229.0950928 30454.0703125
229.118988 72128.1015625
240.1341553 27939.224609375
243.1085815 21311.466796875
244.1305237 40267.67578125
249.1603546 18878.892578125
253.0978546 16232.76953125
260.1961975 37554.1796875
265.1295776 19571.48046875
268.1693726 17538.7421875
272.1351013 20242.970703125
275.0808716 39416.91015625
278.1141052 71957.9296875
283.1408997 163679.5
284.1448364 24020.35546875
295.1439819 30603.57421875
301.1515503 24134.787109375
328.1864929 27108.4453125
342.204895 30398.07421875
363.1091919 117035.953125
374.2432861 32851.84765625
375.2408752 23267.625
382.2080994 135754.75
392.1574402 23350.234375
393.1603394 21842.267578125
400.2206726 178721.640625
452.5106812 20142.435546875
459.2585449 55702.9921875
471.2599792 32551.830078125
488.2843323 102365.9921875
505.2406921 27811.125
515.2449341 36261.421875
564.2627563 33495.55078125
573.3035889 31085.759765625
628.3275757 36540.98828125
651.3446045 100298.96875
652.3401489 21037.439453125
696.3864746 246600.53125
697.3920288 234068.265625
764.4229126 100177.84375
765.4219971 69888.78125
815.4127197 22624.638671875
877.512146 26743.177734375
946.4870605 20719.123046875
992.5459595 135050.203125
993.5326538 98090.96875
998.8825684 21042.3671875
1091.594238 62613.828125
1185.513794 21077.7578125
