1625.75067109182 2
116.0704803 10787.080078125
118.0948257 5183.2504882813
120.3001175 4852.3505859375
129.1020508 35408.81640625
133.5694885 5445.912109375
134.1477966 4555.958984375
143.0813446 13199.734375
145.0607147 19550.3125
147.1123962 8478.08984375
161.0918121 37930.44140625
171.0764465 40515.89453125
175.0707245 9434.9921875
175.1189117 17093.90234375
189.0866852 19080.349609375
197.1281891 6494.8862304688
201.1234131 7238.587890625
209.7633209 7434.6166992188
213.1524811 6496.2387695313
214.0811615 7553.8779296875
216.0984039 7836.4389648438
226.1185913 11227.4326171875
228.0981598 8989.33984375
230.7637939 6726.4477539063
232.1378937 7088.1635742188
240.0975952 8601.65234375
244.1290894 9396.8505859375
253.1671295 8631.34375
258.1070557 9083.8837890625
260.0877686 60731.1796875
261.1559143 31109.09765625
270.1442871 8657.453125
287.4113159 7494.6162109375
313.1148987 11888.0830078125
313.184021 7908.435546875
342.1263733 13146.931640625
347.1207581 10670.4765625
362.2043762 52167.06640625
384.1560974 7824.65625
430.1525269 8761.1025390625
448.1704102 8536.2587890625
491.2471008 36292.98046875
514.3930664 9147.0439453125
541.2962646 9941.267578125
602.27771 9981.3544921875
616.807373 8453.5234375
620.2888184 50577.3203125
656.333374 16460.271484375
733.3742676 28185.625
811.9560547 9894.1923828125
812.4615479 49498.19921875
812.9432983 216618.578125
813.4463501 226215.78125
813.9502563 70189.4140625
814.456665 65756.0234375
820.4017334 81927.9921875
821.4139404 19052.78515625
933.4955444 35811.125
969.5404663 39191.90625
970.5508423 18447.787109375
1020.524475 17400.046875
1021.52124 15268.8349609375
1107.550415 58499.99609375
1108.568726 11183.619140625
1109.543213 12304.0380859375
1178.589478 17231.80078125
1511.265381 10353.8388671875
