1377.66021218304 3
98.92589569 8712.7119140625
101.0715637 122555.265625
102.0554962 56415.46484375
104.05336 270892.75
106.0490189 8834.0439453125
110.0717926 38282.8046875
112.0875931 27013.048828125
113.0712891 9028.83984375
114.0910416 7793.5102539063
115.0869675 12566.8583984375
116.0710068 37908.51171875
120.0811615 249764.546875
121.0846252 34476.38671875
126.055069 16098.2412109375
127.0501633 8827.0390625
127.0871124 85124.0390625
129.0662079 28281.26953125
129.1025238 137798.71875
130.0502319 9103.9599609375
130.0653687 17125.859375
130.0864105 42455.85546875
130.0968933 12516.783203125
131.1182404 30111.056640625
132.0806885 13923.85546875
133.0433655 45582.453125
133.0606537 7953.6040039063
136.0757751 109930.671875
141.1026306 13183.01953125
142.0861359 11164.1103515625
143.118103 40922.515625
147.1129608 86428.4921875
149.0452118 40469.890625
149.0752716 7729.1811523438
155.0819702 80071.625
156.0770264 11130.21875
157.1332703 27837.71484375
158.0926666 43040.7265625
159.078598 9245.119140625
159.0916901 80686.0390625
159.1126709 58697.71875
160.0951843 14074.52734375
166.0856476 11245.705078125
167.0562592 48452.38671875
167.0812836 11507.9052734375
169.0619049 12640.322265625
169.0976868 10723.6025390625
169.133667 11369.12109375
170.0607452 10869.103515625
171.0632935 8034.2255859375
171.0765991 12415.7109375
173.1289368 80312.2734375
175.1192017 207194.9375
176.1212158 9767.6298828125
177.1018829 15294.4462890625
179.081604 10137.576171875
181.0613708 12850.7001953125
181.0970612 6751.732421875
183.0759277 12186.5986328125
183.1131287 6810.4697265625
183.1497498 38384.1875
184.107666 11117.4150390625
185.1286774 33854.64453125
185.1650085 43215.97265625
186.0876923 41319.484375
186.1237793 13870.5126953125
187.09021 28816.681640625
187.1079865 103459.984375
187.1443176 8522.4541015625
189.0874634 12599.7275390625
191.1177673 9961.0078125
197.1287689 15030.68359375
199.0716095 46102.046875
199.1800079 32162.25390625
200.1030426 10642.525390625
201.1236877 37148.609375
211.1447296 7241.61328125
213.1598053 33466.96875
214.1006317 8602.04296875
215.0842743 13323.609375
215.1024475 15252.0302734375
215.1389465 26846.798828125
217.0820007 8797.09765625
221.0847321 12759.37890625
225.0431976 86257.7578125
225.1239166 10467.2685546875
226.0439301 11428.794921875
226.1174774 16979.607421875
227.0211792 8840.0068359375
227.064743 7700.3896484375
227.1752167 30545.892578125
232.1117096 68445.125
233.1649933 41595.703125
234.1450958 11347.8896484375
239.0960388 72053.7109375
240.0961304 32872.98828125
240.1354218 9221.966796875
240.1700897 10060.599609375
242.1500244 88496.0625
243.0778503 7975.5541992188
244.1629486 9674.2080078125
249.1239777 15252.6083984375
257.1233826 12741.6279296875
258.1456604 10367.943359375
260.1065674 37522.046875
260.1965942 38961.140625
261.0881653 12041.9072265625
261.1601563 26747.2109375
269.1246643 12850.28125
270.1448669 16218.3359375
271.1455078 43598.0546875
272.1707458 6735.8872070313
277.1186523 7743.5493164063
280.1289978 30935.705078125
283.1415405 7446.4575195313
286.1498108 27346.931640625
288.20224 8409.4931640625
294.1816101 32233.625
298.1404114 97526.65625
298.2147827 8793.9091796875
299.0614929 68909.6953125
299.1413574 9370.517578125
300.063324 9193.052734375
311.2053833 7481.603515625
316.1493225 49453.85546875
326.1463623 35548.43359375
328.18927 7966.6962890625
331.1418152 9359.25
334.9632263 7616.869140625
341.2194519 14662.0458984375
343.1727905 13617.880859375
354.1661682 11409.67578125
360.1989746 122026.7109375
361.2027283 13651.77734375
373.190155 24215.775390625
383.2290955 15419.9814453125
384.1225281 8587.2490234375
391.1453552 11067.560546875
396.225708 13136.7109375
404.251709 29346.306640625
407.2638855 10663.8037109375
409.2094727 8465.4208984375
411.2218933 48104.125
414.2072754 13387.2431640625
415.2103882 8122.140625
431.2364807 206985.265625
432.2391357 62277.76953125
466.2071838 7313.4521484375
474.2628784 13144.4306640625
501.3015137 9223.63671875
520.3510742 56192.2109375
539.2816162 9414.419921875
541.2833862 44945.9765625
542.2687988 97259.8671875
543.2674561 15327.3935546875
545.284729 10042.087890625
549.3410645 7739.1254882813
557.293457 10394.8125
559.2941284 168347.796875
560.2949219 37403.859375
561.3063354 34360.29296875
579.2993164 33508.94921875
582.3041992 8243.23046875
594.2993774 28076.73828125
634.7335205 7410.5561523438
650.3397217 67541.8203125
651.3399048 30703.41015625
655.2982178 10698.2919921875
661.3655396 11955.9111328125
662.4228516 8891.8681640625
670.3251343 12391.654296875
673.3035889 9416.703125
688.3318481 9869.767578125
689.3536987 9123.119140625
690.3348999 86989.7890625
691.331604 36510.2265625
694.3545532 7299.2416992188
702.4110107 9808.9580078125
715.4540405 7911.3759765625
717.4177856 7194.5068359375
763.4156494 16462.54296875
821.373291 40921.4609375
1229.970703 8425.4833984375
1287.12207 8335.15234375
