1259.61546810969 2
87.0557785 13108.5341796875
101.0718155 83173.171875
104.053215 11503.0439453125
110.0717392 99578.6640625
114.8707352 9921.6552734375
116.0710983 10068.57421875
117.0150146 9572.20703125
120.0812454 49786.359375
129.0657806 45497.47265625
129.1026001 112000.6328125
130.086441 45594.26953125
131.1182709 12767.2607421875
133.0432739 17985.00390625
136.0760803 43079.84765625
139.5283508 11196.5419921875
141.2207794 10631.0830078125
143.1174774 24668.98828125
147.076889 48215.75390625
147.112915 45932.71875
158.0923004 45556.62890625
159.0919647 16216.07421875
169.0980225 19179.3359375
171.1136475 17830.3515625
172.0722046 26533.943359375
173.0561066 17165.146484375
175.1198425 107060.8125
181.0606079 52933.04296875
186.1239777 13945.3642578125
196.1448975 25474.22265625
197.1037598 51855.375
197.1297455 15620.275390625
198.087326 69783.1171875
209.0556488 16088.8720703125
214.1194458 13795.4609375
214.1557465 43340.3046875
224.140686 11595.5908203125
225.098938 196340.296875
225.1221619 23969.376953125
226.0827942 104782.28125
226.1561584 14491.48828125
232.1401062 18049.818359375
242.1497345 59010.19921875
243.1096497 114318.6484375
244.0929108 22113.826171875
244.1652374 20898.177734375
246.1809082 11760.01171875
260.1600952 21717.013671875
260.1986694 13847.0888671875
271.1404114 24856.53125
279.14505 20280.4453125
280.1296692 54983.4609375
282.1451111 25385.234375
285.1578674 24128.70703125
292.7015686 14567.1923828125
297.1554871 129927.90625
298.1621094 13469.2666015625
324.1670837 64857.98046875
325.1507568 198497.46875
325.1855164 34784.71484375
326.1544189 22382.080078125
328.1945801 44360.35546875
328.6965942 79489.6171875
329.1974182 57372.62109375
342.1767578 18827.626953125
352.1997375 36657.95703125
353.1834412 81350.3515625
354.1851807 20680.875
357.176239 15404.013671875
370.2070313 21761.958984375
375.1448975 43404.49609375
392.171814 67053.28125
395.2019043 47257.984375
396.1878662 81646.40625
505.2539368 89061.28125
506.2609558 20732.509765625
508.2789612 12983.587890625
564.8223267 14790.650390625
586.3751221 24887.017578125
587.3703003 17563.666015625
611.3474121 22851.91796875
612.3552856 19070.103515625
621.3059082 44214.03125
621.8042603 62096.8046875
628.8601074 135836.609375
629.3723755 217190.671875
630.3782959 45726.7421875
631.296814 20161.986328125
631.3861084 19110.509765625
634.2980957 25033.73828125
731.3150024 23211.810546875
748.3411865 283886.4375
749.3442993 113044.0390625
750.3473511 20422.9140625
776.5874023 13648.751953125
831.3872681 16038.9248046875
847.4057617 134652.0
848.4075317 81451.0234375
918.4442749 220202.75
919.4539795 100917.046875
920.4505005 24096.470703125
1017.518494 81323.5546875
1018.512512 61103.42578125
