1265.64625250291 2
91.05484009 12661.9541015625
93.63878632 8574.4775390625
101.0351639 17575.05859375
101.0713348 64915.11328125
102.0556259 41405.45703125
104.0534897 20074.408203125
110.071846 23585.4765625
116.0709 53341.8828125
118.0610352 9887.41796875
118.4958725 8420.7919921875
120.0812073 240053.984375
129.0661926 12944.5859375
129.1026154 69089.703125
130.0655365 56908.94140625
130.0865173 38195.98046875
130.1045532 10554.6396484375
132.0810852 42785.0
133.0431976 51502.66015625
136.0759735 122338.4140625
137.079483 14477.08203125
143.0810394 11074.306640625
143.1180115 83592.015625
147.1130524 68282.453125
153.2167664 10231.7099609375
155.0818176 15669.6162109375
155.1181641 9650.4833984375
157.1340942 19367.8984375
158.0931244 18397.99609375
159.0917816 150185.203125
160.0951233 18782.96875
161.0617065 9634.84765625
169.1336975 12063.314453125
170.0605469 45342.3984375
171.1128387 10807.638671875
173.1286011 50146.97265625
175.1190491 89845.15625
181.4160004 9492.1435546875
183.1136017 35988.77734375
185.1289215 13613.060546875
186.0875702 47103.4609375
187.0878143 11634.4580078125
187.1448975 15557.75390625
197.1289215 52510.7109375
198.1295471 13180.736328125
199.1450348 13212.431640625
200.1419373 72359.3203125
201.0869904 37802.12890625
201.1240692 56730.7109375
201.1436462 11228.4501953125
204.0449677 13265.5986328125
211.1425171 9547.9541015625
212.0689697 10479.197265625
212.1035156 14371.8349609375
213.087204 13970.1416015625
215.1395264 88092.1171875
216.0805359 9784.349609375
216.1429901 13003.8232421875
216.9001923 8931.8076171875
217.1343536 15029.9306640625
219.1139679 12696.83203125
225.1242065 22642.236328125
227.1753235 13764.3046875
228.1351318 42048.49609375
228.1733856 10810.6689453125
229.0933075 41503.19921875
229.1162262 15580.9814453125
230.0806885 18854.125
233.1655884 22809.7421875
244.1325989 10410.6484375
255.149353 78334.6796875
260.1972656 11678.998046875
263.1037598 10331.421875
264.0836792 13036.734375
269.1244812 21254.21484375
270.105072 10685.4140625
272.1749573 135515.296875
273.1810608 12240.931640625
283.1438599 23184.951171875
292.0786133 16178.646484375
295.1038208 10206.3251953125
300.1723633 33609.62890625
312.1296082 103162.9296875
322.1875 9711.2041015625
324.3086548 11581.15625
326.1702576 13083.9970703125
327.2023315 10897.4248046875
330.1400452 23132.576171875
331.1448059 22027.03515625
338.1834412 12590.1630859375
347.2293091 17328.48828125
354.1682129 12987.765625
360.1558533 12274.857421875
375.2095337 9603.359375
397.209137 20705.53515625
401.1237793 11663.609375
405.1621704 11916.599609375
413.2126465 12533.9912109375
425.2095642 47652.234375
443.2207642 10644.685546875
464.8172913 9621.4189453125
490.2521667 12168.107421875
494.2975464 16954.646484375
495.3051147 12246.2548828125
501.2453003 10607.0908203125
561.2858276 18016.111328125
579.3288574 16195.86328125
634.4001465 12804.9453125
656.3949585 17346.587890625
693.3638306 45970.09375
703.3513184 36553.91015625
721.4230957 20120.37890625
722.4279175 17003.93359375
733.4078369 14885.2548828125
769.4707031 15851.44140625
853.3930054 87571.6640625
854.3977661 14097.2294921875
896.3458252 11099.314453125
966.4856567 82166.640625
967.4719238 40612.1640625
1011.581543 12546.7509765625
1079.558716 39120.8359375
1080.552002 20095.58203125
