1016.48767485321 2
72.08162689 60269.30859375
84.04523468 51560.80078125
84.08177948 13558.8173828125
86.09716797 713729.75
87.05593872 18775.326171875
87.10034943 25826.70703125
90.22734833 10428.55859375
100.1557388 12861.8251953125
101.0716171 58417.35546875
102.0555191 65531.921875
110.0712967 14372.875
110.4861298 11528.9267578125
116.0710373 839209.0625
117.0741653 42532.7265625
120.080986 138239.921875
129.1025848 60982.41015625
130.0654755 81270.515625
130.086441 14842.3115234375
133.0432587 48034.66796875
136.0764008 23165.33984375
136.3630676 11632.466796875
143.1182709 13251.0576171875
157.0972137 17327.4296875
158.0929413 11123.75
159.0920563 109238.453125
173.0558167 57961.32421875
175.1189575 46390.578125
183.1135559 13715.333984375
183.1493988 21098.884765625
186.124649 14058.7001953125
201.1229858 19037.9140625
211.1453705 22305.578125
214.1186981 23264.048828125
226.045639 12188.45703125
246.1275635 105535.0390625
247.1296082 13095.373046875
259.6734009 10753.6953125
271.3093872 10950.6396484375
274.1223755 93486.3203125
302.1135864 19044.775390625
317.1083374 11578.1416015625
329.1465759 46680.1015625
388.1643677 84771.421875
389.1706848 17924.6328125
428.7906799 11295.6748046875
462.1452026 19026.15625
487.235321 25384.13671875
498.3391418 54666.70703125
587.1395264 12012.2548828125
599.3388062 15242.861328125
602.2511597 37996.72265625
645.5528564 11107.0888671875
879.2890625 12091.96875
