2774.32504629388 3
195.075943 12240.4921875
199.1803741 8756.71484375
200.1406555 6802.8671875
201.1232452 9610.845703125
211.1442261 7732.1396484375
212.1026154 13982.0439453125
215.1403809 6804.6567382813
218.1506653 6803.5727539063
226.0817719 8430.966796875
227.1024628 7032.98828125
228.1336823 29769.6953125
230.1143951 11064.0458984375
237.1235809 12635.7021484375
242.1501312 11326.1796875
254.1255493 7245.310546875
254.1495972 53835.8203125
256.1652527 67945.875
257.1682129 14772.076171875
272.1725159 28122.30078125
282.1456299 6651.3486328125
292.0868225 7442.26953125
296.1976929 7614.9287109375
299.1723938 10076.15234375
299.4137878 6987.1586914063
313.1491394 10692.416015625
314.1365967 8203.224609375
331.1427612 8019.6884765625
334.1426697 9096.294921875
339.2427979 12262.619140625
341.1457214 26082.0078125
344.1572876 8993.5546875
361.1847534 34455.359375
367.234436 29246.0078125
374.1700134 6884.8056640625
424.1839294 16315.5595703125
441.2053223 9787.5869140625
442.1942749 11810.2666015625
490.2238464 10774.498046875
511.3108215 7008.7553710938
581.227478 8422.6494140625
653.2901611 61724.6953125
654.293335 30869.865234375
682.8554688 7613.5971679688
683.3549194 16327.1328125
752.3583374 46742.2265625
763.4170532 8962.283203125
772.3624878 12457.8994140625
791.3398438 9858.40625
835.4755859 13261.537109375
863.3901978 31338.029296875
864.3898315 10324.890625
880.4155884 93126.046875
881.4179077 46800.8671875
925.4674683 46039.50390625
926.4976196 32441.6640625
953.4457397 11587.60546875
993.4978638 90257.1484375
994.5007935 41444.00390625
1034.496948 9254.68359375
1044.893799 10765.5322265625
1106.591919 66568.6953125
1107.584229 53591.12890625
1108.577637 11487.9775390625
1137.597046 11328.9072265625
1138.60083 26229.375
1145.554688 9830.5654296875
1182.584595 25896.544921875
1183.59021 16517.95703125
1189.58313 10531.537109375
1263.672241 12035.427734375
1276.634766 15341.2197265625
1277.623169 9767.337890625
1295.567749 10946.9072265625
1359.728149 148338.1875
1360.728516 100768.9765625
1361.719116 45812.7578125
1362.716675 15864.654296875
1363.696533 54315.21875
1364.703857 70419.7890625
1365.689575 54593.09765625
1366.702148 29050.130859375
1389.715576 12059.703125
1829.855225 12991.189453125
