2515.14183325041 2
173.1285553 1733.0225830078
175.1192932 10900.068359375
183.1117554 1213.1791992188
185.1645813 1277.3543701172
195.0756836 2154.94140625
199.0714111 2626.7880859375
201.1234741 2141.5847167969
212.1030579 6003.9643554688
213.0864868 5013.2158203125
216.0980072 1506.4000244141
217.0814667 2007.6822509766
217.58815 1092.9831542969
230.1144104 2796.1630859375
231.1131287 3050.7260742188
240.09758 9312.0029296875
241.081604 14107.333984375
243.1339111 2499.5822753906
246.127121 4777.1079101563
249.1236877 2836.8620605469
258.108551 11913.3466796875
259.11026 2828.6206054688
259.1343384 1323.1340332031
264.1759949 1125.7056884766
267.1163635 1150.5997314453
272.172821 1875.2639160156
274.1220703 2762.0483398438
276.1670532 3046.0661621094
277.1184387 15723.0
278.1216431 1078.5064697266
292.4010315 1085.1419677734
294.1461182 2044.7072753906
311.1705017 1434.6275634766
312.1213989 1443.1625976563
312.1560364 5409.7338867188
314.1330566 2524.2250976563
314.1693726 1534.9853515625
329.1812744 1313.0494384766
330.1289368 1406.6556396484
341.1463623 1160.6140136719
342.1336975 1464.1059570313
346.1401062 8105.408203125
352.1150513 2105.5498046875
364.151123 4642.7216796875
369.1402588 10840.923828125
370.1234436 17816.658203125
371.1298523 2175.5295410156
372.177063 1657.2326660156
386.1638489 1317.7741699219
386.2145996 1327.3304443359
387.1513367 15658.4697265625
388.1507568 9315.369140625
390.1816711 1329.2379150391
396.225708 1462.2690429688
403.164032 13039.0537109375
406.1604004 4822.9169921875
407.2062988 8829.6591796875
408.2107544 1384.1966552734
411.1539001 1582.5681152344
429.158783 9616.0107421875
431.229126 1241.5345458984
443.2141418 1558.4406738281
457.1673584 1983.2901611328
459.2137451 2017.7257080078
471.1907043 1955.8453369141
475.1851501 2841.4157714844
489.2021179 5437.5532226563
499.184906 1817.322265625
500.2394714 4919.6865234375
502.2355652 5545.0654296875
512.2348022 1878.5576171875
514.2937622 1118.7183837891
516.211853 8002.3774414063
517.1934204 11635.2294921875
518.1970215 2730.1350097656
528.2312622 5747.7685546875
534.2178345 5767.3852539063
535.2096558 1660.0076904297
552.2335205 1862.8760986328
553.2477417 1840.263671875
570.2781982 11328.1748046875
571.2716064 1911.4458007813
588.2657471 1576.6656494141
600.3497314 4571.9814453125
606.2827148 1614.7716064453
613.3213501 1557.0035400391
628.2283325 2358.3525390625
641.3101196 2447.7504882813
645.2554321 5681.4799804688
646.2442627 6379.6352539063
647.2479248 2340.5771484375
663.2639771 4970.0810546875
678.253418 1782.0268554688
683.3563232 6687.10546875
684.3646851 2373.60546875
714.2769775 5054.6303710938
715.2620239 7342.1538085938
732.2915649 6549.923828125
733.2752686 2888.7255859375
756.4380493 13160.234375
757.4430542 5146.3564453125
776.3781738 1866.9968261719
782.4249268 35207.97265625
783.4271851 14365.9716796875
804.383667 1795.9346923828
827.3518677 1892.7844238281
828.3488159 6294.7006835938
829.3570557 1728.2171630859
845.3703003 2889.138671875
846.359375 2581.3996582031
897.4534302 2401.0727539063
922.4405518 1708.9086914063
974.4055176 2459.6062011719
980.4832153 2131.9807128906
998.4992065 33439.75390625
999.4995728 17954.265625
1000.504517 5419.7548828125
1071.576416 2360.4521484375
1072.593628 1844.69921875
1103.459473 2666.1979980469
1104.431885 1920.06640625
1113.526733 4846.0063476563
1114.527588 2008.7309570313
1121.461792 2506.6630859375
1193.548462 6074.5512695313
1200.624634 5585.1005859375
1201.612061 2864.1726074219
1210.578491 109093.125
1211.579346 66186.125
1212.581177 26729.517578125
1213.585449 1842.982421875
1257.647827 5733.8051757813
1258.63147 5692.7680664063
1313.715088 2314.2387695313
1323.658203 32125.021484375
1324.668091 20900.099609375
1325.657349 8469.0791015625
1394.702759 29292.3046875
1395.691895 17305.353515625
1396.696655 8675.7275390625
1505.748047 2598.7221679688
1506.729126 2496.0478515625
1523.745483 16675.033203125
1524.746704 10688.05078125
1525.744751 4610.5727539063
1634.77771 6655.0981445313
1635.797729 5037.6103515625
1652.781982 28743.00390625
1653.781372 21414.9375
1654.759399 8537.8212890625
1700.838501 2411.1333007813
1701.856323 6009.4223632813
1765.85498 8421.708984375
1766.869019 7857.5219726563
1767.863281 2639.0759277344
1771.865601 4535.1743164063
1774.851196 1978.6857910156
1847.895142 1871.7393798828
1852.902588 12571.2080078125
1853.912109 12540.5771484375
1854.902466 6737.1098632813
1881.937744 2187.275390625
1982.983154 5301.958984375
