1849.75792363348 3
129.0659485 1547.3395996094
129.0937958 1027.2088623047
129.1026917 20358.408203125
130.0862122 5493.3041992188
136.0753479 1488.2193603516
141.0659332 926.9086914063
144.207428 660.9238891602
147.1125946 6175.330078125
154.0975952 1047.4195556641
155.0814209 2547.1237792969
156.0754089 882.8863525391
157.0971527 2111.0849609375
158.0929871 670.4259643555
159.0762482 1412.5439453125
160.6293945 914.3013916016
163.819458 816.2866210938
167.0823212 861.0921020508
169.0966187 912.8022460938
172.1074829 1511.4926757813
175.1189117 4192.78515625
181.0605469 1044.4344482422
183.0762634 1581.5311279297
183.1129456 2234.8149414063
185.0548553 1019.3780517578
185.1650085 2708.29296875
187.0717316 2404.4753417969
195.0780792 1088.3720703125
195.1126404 981.0892944336
196.6734009 864.1548461914
199.071228 1389.3759765625
200.1031952 1740.0572509766
216.0433655 1090.9720458984
217.0821838 7197.6586914063
222.1235657 1135.9787597656
226.1194 1193.5087890625
227.0652771 1329.1184082031
228.1342316 13336.013671875
240.1350708 8359.66015625
242.1503296 1371.5434570313
245.0769806 11921.17578125
250.5204468 1083.8948974609
258.1455078 18366.3828125
259.1489258 1176.7733154297
270.1095886 1251.4290771484
273.1355286 4717.18359375
274.1881714 1967.2963867188
276.1559753 15421.7412109375
284.0880737 1264.0500488281
286.9778748 1146.4982910156
292.659729 1196.7659912109
297.1207886 1423.0668945313
298.1037292 5257.2436523438
301.1300964 7930.4379882813
302.0981445 1440.9122314453
302.1356812 1373.0037841797
313.1871033 1193.5052490234
315.1302185 1828.7420654297
317.0904236 4526.6118164063
322.1882324 9450.2431640625
323.1903992 1293.3176269531
327.1714172 1125.5666503906
329.1838684 9520.01171875
330.1897583 1861.0145263672
331.1979675 4326.232421875
342.0927734 3743.56640625
345.0864258 1475.7276611328
347.1936646 2162.7504882813
355.1614685 1743.7005615234
356.1979065 1256.9647216797
360.1045532 5459.0971679688
373.1742554 2498.99609375
391.1843262 6405.2446289063
409.1316223 1345.8845214844
410.2424622 1312.3790283203
412.1795044 1283.8891601563
433.1844177 5902.7309570313
449.2360229 1332.8519287109
457.2564087 1736.0787353516
471.1416626 1513.7537841797
483.083252 1105.6672363281
485.2495117 1411.6434326172
517.3156128 4617.6821289063
519.2800293 6234.5395507813
532.7252808 2063.23828125
535.8817749 1473.0303955078
541.1904907 2074.0559082031
542.1841431 1742.3822021484
545.222229 2131.7739257813
572.3530884 1721.3568115234
586.2218018 1380.6822509766
599.3275757 1668.404296875
616.366333 13236.5615234375
617.2989502 8892.298828125
618.338623 6595.1518554688
630.3095703 1721.8425292969
642.2417603 1749.9221191406
645.7573853 2616.2272949219
646.2555542 1748.3308105469
647.258606 2709.8916015625
648.3191528 9584.6220703125
654.7611084 1929.7398681641
686.3516846 1453.291015625
712.2758789 6125.4897460938
712.770874 2158.505859375
716.3391724 1666.1323242188
747.7930298 6969.4272460938
748.2955933 2504.2133789063
771.2747192 1804.1842041016
787.3982544 2402.9384765625
789.2869873 1783.1444091797
802.3807373 1772.3172607422
802.8070679 1880.8972167969
803.3092651 9570.697265625
803.8109741 5804.328125
820.3677368 11595.345703125
821.3791504 4407.9204101563
834.3209229 1455.732421875
891.3276978 6520.2841796875
904.3253784 1712.0523681641
915.4691162 1714.8800048828
916.4525757 1407.0205078125
933.4945679 4166.875
935.3991089 8744.03125
936.3985596 1955.7667236328
937.4006348 1499.9742431641
1047.437378 2256.2509765625
1064.444214 2308.4680175781
1148.384155 1945.4669189453
1179.45813 7051.5532226563
1180.460571 4150.71875
1219.427002 1904.0606689453
1330.460693 5032.6860351563
1424.542603 1594.4638671875
1564.687988 1532.5646972656
