2077.04262642149 3
145.0968018 14202.3603515625
147.1122437 80218.0078125
155.0812073 11100.9384765625
155.1179504 12662.544921875
156.0775146 13107.923828125
157.0604553 15199.2236328125
157.1332855 58885.1328125
158.0922546 15123.8369140625
165.1027222 18855.591796875
169.13414 12152.19140625
171.0761414 16628.349609375
173.0922241 20573.826171875
173.128952 137212.3125
175.1191101 57233.953125
183.1128998 21187.783203125
185.0553741 16604.935546875
185.1286774 33474.4140625
188.1038971 14689.3701171875
195.0752106 13705.8046875
197.1278992 19464.548828125
198.0867767 55897.390625
199.1809998 20853.265625
200.1034851 20287.3203125
201.1237488 100037.78125
202.0821228 60748.91796875
215.1385803 20504.755859375
216.0986938 133619.015625
217.1355286 15726.7841796875
221.1047974 14001.2490234375
226.1173706 11903.8583984375
227.1390533 16886.810546875
227.1750031 19281.625
230.077713 16381.189453125
230.1144562 14661.9833984375
232.1410828 27568.498046875
240.098526 15223.8759765625
240.1712036 17434.392578125
241.0945892 13186.7861328125
242.1493835 17256.65234375
249.1229858 11163.7509765625
254.1503143 11109.87890625
257.1276245 12984.66015625
258.5823364 14826.3056640625
259.1033936 13171.0322265625
262.4894409 12082.205078125
268.092865 16364.361328125
269.1250305 28330.349609375
272.1598511 17135.396484375
276.1350403 14720.8564453125
285.118988 112975.3203125
286.1771851 13519.3935546875
287.1351318 32354.474609375
295.1064758 15838.45703125
302.1499023 15909.2119140625
303.1305847 56032.41796875
304.1615601 21415.04296875
307.144165 219267.96875
308.107666 16412.552734375
308.1464539 23853.349609375
313.1164551 14271.4404296875
338.1489258 15375.0185546875
339.131958 16501.833984375
340.1264954 22568.53125
346.1683044 13286.6044921875
355.1981506 33561.59765625
356.1585999 138917.78125
357.1420898 16476.111328125
374.1682739 63790.515625
377.1459351 17980.615234375
385.2551575 25670.392578125
403.2469788 15237.6162109375
454.2119446 136507.96875
455.2164917 30379.11328125
469.2422791 16016.50390625
470.2270813 14835.6845703125
487.2605591 21723.322265625
512.2098999 16384.935546875
519.6455078 15703.9345703125
538.2694092 20633.017578125
540.2489014 22612.8671875
560.3106079 15356.490234375
582.2716064 27953.87890625
614.3515015 28763.52734375
625.2989502 54076.375
639.8082275 19507.255859375
641.2859497 19408.32421875
653.3115234 138477.171875
693.3959351 28856.89453125
694.3777466 19631.806640625
694.8739014 24604.2578125
696.3397217 32541.6953125
712.324707 28469.171875
713.3356934 18556.8984375
730.3546753 32811.89453125
730.8554077 25328.58984375
739.3633423 68516.0390625
739.864502 52778.07421875
740.3641968 22988.232421875
750.4126587 57653.09375
751.4139404 28128.19140625
766.3944702 65613.1328125
767.3938599 20469.716796875
768.3702393 18051.697265625
769.3947144 20697.33203125
815.3911743 28672.83203125
825.4096069 75455.4453125
826.4049072 26993.248046875
831.4281616 29804.3203125
837.4262695 104779.6015625
838.4365845 30522.228515625
878.4645386 33717.28125
896.4558105 32231.697265625
928.4700317 56579.1875
938.4807739 131898.421875
939.4777222 77052.3984375
953.6036377 21275.732421875
997.5002441 21141.271484375
1007.514587 64186.7109375
1009.542908 27940.068359375
1024.508667 22840.91796875
1075.538818 76061.5546875
1076.532104 30939.216796875
1190.569946 23044.71875
1277.606201 71822.9375
1278.590698 94559.2734375
1279.623657 31225.01171875
1390.687378 20488.9140625
1477.71228 82664.3671875
1478.72168 65530.39453125
1563.531006 20190.966796875
