12805
2
930.501342
# +15.9949|* +79.9663|
C=160.030649
930.50030	0.0000	27.98	0.854	6	14	K.DLQQSIAR.E	F
930.50032	0.6079	10.97	-0.851	3	18	R.VEAGAGLGTR.-	F
930.50030	0.6319	10.30	-0.919	5	16	K.VGQASEIAR.Q	F
930.50032	0.7012	8.36	-1.114	4	14	R.QTDVQLAR.E	R
930.50032	0.9242	2.12	-1.732	3	14	R.IDQATVQR.T	R
930.50029	0.9618	1.07	-1.839	3	14	K.VEKEAQAR.E	F
930.50030	0.9628	1.04	-1.845	3	14	R.TLNDIQAR.Y	R
930.50769	0.9671	0.92	-1.857	2	14	K.MKPQEVAK.I	F
930.50500	0.9711	0.81	-1.863	3	14	-.MPRGSRAR.G	F
