2584.23567275327 3
185.0915833 14426.9443359375
186.1235962 9591.1787109375
189.0872192 11929.9970703125
201.1229095 51875.0390625
216.0987244 14145.0615234375
223.1547852 7682.1166992188
242.15065 7973.185546875
243.1328888 10475.326171875
244.1688385 7961.42578125
248.7551422 7908.8828125
254.1134949 11687.412109375
266.159729 19359.83984375
270.1443481 14972.3154296875
274.186554 9201.09765625
284.171936 35593.2421875
294.1809387 49974.7265625
315.171051 12318.107421875
324.188324 12342.9765625
345.2246399 18536.564453125
368.1542969 9194.5859375
372.7674561 8609.9716796875
386.1694031 9682.4912109375
398.2137756 11110.275390625
404.1779785 8764.1064453125
409.2186279 11891.2119140625
453.2332153 18836.17578125
454.2310181 10477.109375
563.3355713 15005.716796875
572.2842407 19757.287109375
589.22229 11026.015625
625.2891846 10008.947265625
635.3241577 11162.6787109375
735.3391724 15380.470703125
789.3880615 47066.74609375
789.8898926 54218.953125
790.3894653 33968.0859375
832.4014282 22254.09375
832.8944092 17285.353515625
844.4194946 14642.65625
848.4279175 15258.1123046875
861.4448853 518424.5625
861.9241943 18127.91015625
862.4555054 433489.59375
863.4586792 127063.2265625
867.9189453 21742.345703125
868.4194336 36221.140625
868.9082031 48475.0
930.5021362 16024.0888671875
932.4384155 16565.689453125
932.9263306 11709.822265625
933.4492188 13279.8310546875
933.9400635 13650.46484375
941.4467163 73533.640625
941.9500732 104767.2890625
942.4558105 50403.8515625
942.960022 16010.1552734375
990.9849854 15919.0703125
1039.991943 15696.984375
1048.01001 21294.07421875
1048.513672 22400.09375
1048.99585 20391.3671875
1098.527832 14477.2939453125
1099.042603 18633.255859375
1099.534058 16724.79296875
1102.544434 14473.9287109375
1192.564819 38746.04296875
1193.061401 45575.265625
1193.563721 41406.31640625
1284.590698 84547.640625
1285.591919 60254.22265625
1286.58728 18855.27734375
