1418.78729637094 2
101.0714798 79042.9375
102.0556946 31521.396484375
110.0721588 16365.37890625
113.6443405 13659.076171875
120.0811768 238376.078125
121.0846558 15787.9921875
121.9380188 14366.828125
126.6259689 13541.3505859375
129.0656891 19428.703125
129.1023712 75635.5703125
130.0861511 56672.4921875
133.061264 19888.4296875
136.0759277 250323.265625
143.0809479 18836.4453125
147.1129608 75287.8359375
157.1338654 76872.609375
159.0915985 20502.98046875
172.0725861 24217.015625
175.0871735 16096.1640625
175.1191406 135558.0
185.1284943 92718.4921875
197.1290436 68802.375
199.1807251 87476.453125
201.1237183 27268.953125
207.1135559 19611.021484375
214.1533661 15033.2529296875
215.1389313 276572.3125
216.1425629 19791.61328125
223.1371765 15982.87890625
226.1196594 30870.931640625
227.1038208 16897.47265625
227.1755524 86098.328125
228.1349182 23088.421875
233.1643677 26950.9765625
237.1238251 25528.974609375
240.098465 14826.2294921875
242.1499939 27767.287109375
243.134079 682476.8125
244.0927582 54655.67578125
244.1375885 69879.0078125
244.1632996 17398.279296875
246.1826324 33337.203125
256.1653442 24159.787109375
258.1078491 17741.552734375
265.1195679 20913.400390625
271.1767273 22803.1875
288.2014465 20049.28125
293.1135254 32471.47265625
298.2123413 18491.732421875
314.1702271 21656.0703125
334.1539917 29174.98828125
338.2075195 29223.298828125
341.2192688 26871.58203125
356.2200317 114133.75
357.2208862 26864.88671875
361.2090454 23732.08984375
387.2701721 53582.4765625
388.0847778 14242.791015625
427.2561035 16595.84375
438.2715149 63339.515625
441.306488 15911.818359375
460.4860535 15318.560546875
498.2879944 19778.21875
501.2732544 18761.953125
516.3130493 54836.8203125
645.3535767 57683.74609375
670.366394 30966.763671875
671.3652954 19836.23046875
764.4076538 16876.65234375
773.4876709 17059.4375
808.4207764 175539.15625
809.4151611 68336.8515625
810.4310913 20554.765625
879.4595947 234874.859375
880.4620972 148275.640625
881.4557495 20879.701171875
901.5281982 21483.373046875
950.4921875 396014.15625
951.4939575 213414.21875
952.4891357 68415.3984375
1063.587158 165196.234375
1064.581421 110720.5
1077.016235 18134.294921875
1176.668213 105503.328125
1177.651978 75510.6328125
