1142.62655077774 2
83.06093597 2054.0217285156
83.41436005 978.9456176758
84.04516602 8432.5166015625
84.08145905 20498.783203125
86.0970993 2554.3498535156
92.78872681 1115.8894042969
96.38867188 1215.2163085938
101.0715332 2676.0334472656
101.1079559 1261.7197265625
102.0555267 2003.1799316406
102.8966751 1396.4249267578
110.0718307 5566.8461914063
126.0544434 1189.9436035156
128.0821381 4934.4643554688
129.0660553 5797.6567382813
129.1025391 50453.0078125
130.0862274 2467.5908203125
130.1063995 1181.3708496094
133.0430145 1492.8182373047
136.0758972 2346.8798828125
146.0926208 4658.6264648438
147.1126556 11448.880859375
153.2315674 1283.5886230469
160.0421295 1511.4763183594
169.0975189 1532.2822265625
171.0750885 1357.5847167969
171.1129456 2403.7958984375
175.0518646 1294.1594238281
175.1192932 8011.9619140625
195.0769958 1500.6163330078
199.1077423 1754.4195556641
210.0802612 2697.4265136719
211.1191101 9479.373046875
215.9641876 1337.9226074219
218.149292 2399.3181152344
226.1193085 1835.3814697266
226.1543427 8528.5166015625
239.1143341 12907.8203125
240.0973663 2920.7854003906
240.1352539 5838.4091796875
242.1502991 1614.9354248047
244.1655884 70759.0
245.1683502 10486.3203125
252.0351563 1497.7628173828
260.1246338 1792.5141601563
288.8520813 1503.9464111328
355.1973572 1811.4227294922
359.1911926 1568.0799560547
360.1954651 1518.4868164063
365.1743164 2018.0897216797
367.2070923 2989.5659179688
379.7112122 5271.1069335938
434.2244568 1459.0446777344
435.3865662 1455.4129638672
443.2014771 1680.0705566406
443.9553833 1383.4406738281
447.2297058 1848.7320556641
519.2866211 1561.6040039063
532.2530518 1298.5330810547
554.3007202 4960.3271484375
554.7969971 2244.6328125
555.9699707 1787.5648193359
556.6416016 1541.2729492188
562.8153687 9337.4033203125
563.3117065 9038.884765625
563.8070068 2271.4890136719
570.3258667 5750.4282226563
571.3465576 25777.1875
572.3496704 9989.978515625
573.3326416 6650.1733398438
582.5595093 1429.0285644531
661.359436 2646.08984375
706.1734009 1514.4984130859
740.4024048 2801.3342285156
741.3893433 1439.4371337891
758.4154053 40974.55078125
759.4176025 12006.6826171875
760.4076538 1881.8819580078
885.3927612 1816.2114257813
886.50177 5512.154296875
887.5097046 2814.9689941406
