1894.88272413621 3
130.7150726 2486.7377929688
132.0804901 14300.41015625
132.7549438 2581.6057128906
133.0425873 6384.7163085938
136.066452 3678.0883789063
136.0758362 65435.609375
137.0788727 4426.0258789063
143.1177673 3364.1467285156
147.112381 18861.9921875
155.0810699 3556.3952636719
159.0790863 5594.3725585938
159.0918121 82644.890625
160.0950012 6548.2265625
170.0597687 4733.2143554688
172.0721436 4139.6801757813
173.1282654 9003.248046875
175.118927 8783.103515625
181.0608673 5135.5893554688
182.0929108 2921.4152832031
183.075882 4863.0390625
183.1499634 6384.1860351563
185.1289063 5057.9501953125
185.1626587 2898.09765625
187.0865936 8844.3466796875
187.1076202 7388.5776367188
187.1435547 5243.9956054688
197.541748 3541.3024902344
199.0702972 5069.26171875
199.1807098 3171.0329589844
200.1026001 23360.3984375
201.1222534 6215.7680664063
204.0440521 5382.9790039063
210.02565 8128.0283203125
210.079834 8551.5126953125
211.298172 3352.1538085938
212.0217438 3089.9013671875
215.1029358 7527.923828125
226.0828247 4548.1166992188
227.0664978 15471.734375
228.1344299 18840.966796875
234.1447754 4886.9189453125
235.1445313 13608.015625
242.1497192 8982.6044921875
244.0930939 8351.6728515625
245.0752258 6541.203125
246.181015 16762.912109375
251.1031494 23322.525390625
279.09729 17336.44921875
285.0870972 21095.921875
296.0890198 4609.7758789063
298.1030884 3689.7060546875
298.1398621 6091.2895507813
299.1428223 4067.1179199219
299.1726379 8139.53125
302.1138306 19608.943359375
306.1087952 4485.1923828125
310.1490173 5461.6567382813
311.1351013 21955.361328125
311.1696777 5117.3120117188
312.1343079 3353.4763183594
314.098175 9085.658203125
315.1304932 7940.6357421875
328.1631775 19261.154296875
329.1846008 4698.1870117188
332.1078796 6829.5200195313
355.2346191 4570.8505859375
356.2315979 17756.78515625
357.1746826 5612.640625
357.2116699 12276.9365234375
373.1452332 4782.8383789063
374.2402039 4343.146484375
378.1622009 5249.3256835938
381.1767883 17731.48046875
391.1974487 4536.3896484375
399.1865234 18407.607421875
399.2303772 3855.3098144531
409.172821 4183.1533203125
414.3640747 3787.0739746094
427.1835022 15026.2578125
427.2330017 7959.6069335938
445.2765198 47321.171875
446.2833252 6408.2924804688
462.2253723 3850.3374023438
484.1899719 4998.88671875
555.3271484 7431.5073242188
556.30896 26888.01953125
557.3169556 6601.3525390625
573.336731 53121.17578125
574.3369141 6485.47265625
642.3953247 34978.859375
643.3996582 6166.7172851563
652.2562866 6099.1508789063
670.2683716 15507.037109375
672.4025879 36208.75
673.4080811 13728.970703125
688.2854614 4251.615234375
770.4608154 5840.2885742188
805.4179077 5602.12890625
835.4667969 29752.046875
836.4697266 8610.68359375
837.4746094 5715.5483398438
935.4651489 6839.4838867188
950.4909058 29846.935546875
951.4962158 7364.7680664063
952.5094604 4925.9404296875
1358.86438 6318.4770507813
