1320.7172075733 2
101.0713043 92257.40625
102.0554733 56129.84765625
104.0534363 24997.26171875
110.0713577 16682.396484375
115.0871353 14424.1435546875
120.0810165 526087.75
121.0846481 19503.712890625
127.0862961 13299.892578125
129.0663147 15624.3720703125
129.1024475 379329.03125
130.0652924 22446.009765625
130.086853 69730.65625
132.0815277 14680.6630859375
133.0431824 14993.8037109375
133.0613403 17946.138671875
136.0756226 170110.578125
136.726059 15074.1943359375
137.0792389 15147.916015625
139.5218353 11968.5087890625
141.1017151 23684.103515625
142.1052704 14171.53515625
143.0817108 27232.90625
143.1181335 178908.390625
147.1131439 84841.6328125
157.097229 172237.953125
157.1085205 18297.828125
157.1334991 14386.279296875
159.091629 109557.015625
160.0951538 17869.61328125
169.0974579 28972.173828125
169.13414 14299.2626953125
171.0768738 15232.83984375
171.1130981 198234.0625
173.0922089 30873.91796875
173.1281128 90633.7421875
174.0591888 15654.1474609375
175.1194458 201529.515625
183.1129913 68692.03125
185.0927277 21844.021484375
186.1243134 15121.615234375
187.0717926 14821.4833984375
187.107605 20874.486328125
187.143631 91015.125
191.1175385 22159.2265625
197.1290588 21163.431640625
200.1401672 16788.986328125
201.0865173 108309.3125
201.1235809 69762.5859375
204.1352081 80936.6328125
210.6778717 13497.8330078125
211.1446838 15933.958984375
213.159317 15795.5068359375
215.1397552 65077.80078125
217.1363983 14940.3466796875
219.1128235 23658.984375
219.1493073 24599.3515625
221.1281433 57269.86328125
223.1088715 18153.591796875
226.1190948 76054.7265625
228.1343079 21113.5625
231.1125946 17522.060546875
239.1781464 17230.40625
240.0977631 17487.486328125
242.1503143 19467.787109375
244.129715 77651.484375
249.1239624 32255.54296875
252.0953369 15266.599609375
252.1350403 15997.2314453125
256.1290283 16632.626953125
257.1269226 15342.908203125
258.1079712 24895.50390625
259.1109314 16370.701171875
267.1497498 59197.71875
271.2611694 16248.80078125
275.1717224 78569.7578125
284.197937 31274.333984375
287.133667 18802.46484375
295.1419373 73961.0078125
296.1627197 15269.2041015625
299.1743469 20059.4765625
309.4322815 13781.7421875
313.1499939 26384.33203125
318.1824951 16185.7470703125
348.1568909 25292.98828125
360.7914429 14139.484375
373.1508789 20727.728515625
386.2048035 76329.03125
396.1864319 28603.6484375
401.2134705 14405.58203125
403.230011 63834.8515625
414.1989136 50653.40234375
442.2751465 28297.79296875
464.0130615 14295.44140625
490.2615662 126810.3828125
490.3232727 13145.33203125
491.2640076 22206.48828125
541.3447266 56392.16796875
573.3342285 133818.21875
574.3401489 20008.1796875
605.2886963 55331.09765625
640.4085693 67776.4765625
659.3822021 16603.580078125
669.3387451 14729.0849609375
702.3712158 76051.5625
716.3676758 16211.3623046875
718.3659058 71029.8203125
719.3742065 18685.953125
755.4364624 77045.3515625
756.4483643 18070.849609375
761.3613892 15686.5107421875
789.4072266 138340.453125
790.4084473 30476.701171875
826.4703369 78398.15625
827.47052 28623.451171875
880.2979736 14756.416015625
888.4483032 32635.609375
889.4546509 21729.126953125
905.5057373 18670.80859375
936.4794312 110924.7421875
937.4819336 20604.330078125
973.5331421 18633.24609375
1019.489868 18866.177734375
1037.521484 117834.5
1038.518188 60912.83203125
1044.538818 18644.16796875
