1756.96534980031 3
129.1017456 808197.875
130.0645142 98973.65625
130.0862579 211665.59375
136.0666962 303484.84375
136.0759277 5355780.5
137.0785065 375139.875
147.1128693 627147.9375
159.0768433 182715.28125
166.06073 329134.90625
169.0972137 201336.59375
169.1339264 1731704.375
179.2307434 118164.0390625
183.1491699 321133.8125
197.1290283 1930665.5
206.0074921 141621.1875
207.1124725 207531.015625
211.1443024 241758.90625
234.1242218 315550.15625
237.1238708 685347.0
238.1164093 140759.53125
240.1342468 171434.890625
245.1297455 205688.65625
251.1504822 2309678.75
258.1454773 372473.59375
265.1178589 260345.640625
268.1652527 206033.8125
270.1819763 251001.1875
276.1554565 285733.65625
277.1581116 153601.71875
282.1811523 315494.34375
285.1346741 268738.6875
292.9621582 173487.4375
310.2138367 691897.0
311.171936 389934.71875
337.1871338 317702.8125
339.1638184 197351.984375
347.1937866 202743.6875
365.2188721 959274.3125
372.2188721 1271122.25
372.7201843 342397.28125
380.2096863 177354.71875
381.7191772 186348.71875
398.2190247 3798142.75
399.2224121 711656.125
410.1808472 533441.3125
434.2241211 1727658.625
435.2288208 281167.25
446.2006836 184594.703125
450.2684326 209520.28125
461.424469 178292.9375
463.7080688 186393.703125
512.2879639 387860.46875
547.3102417 2660429.25
548.3126831 655421.875
557.3671265 320455.40625
586.3964233 270031.53125
597.3291016 329605.5625
608.359314 721658.1875
646.3770752 911012.375
646.9116211 209341.71875
647.3806763 349131.40625
679.3942261 856611.9375
680.3867798 289849.90625
743.430542 4246175.0
744.43396 2305384.75
762.4290771 1746401.625
763.4359741 919532.9375
780.4404297 868517.8125
791.3518066 203074.09375
814.4653931 809523.625
815.4790039 218150.09375
833.4730835 280323.65625
1037.736328 229798.625
1111.400513 251716.78125
