2286.1101746358 3
157.0975037 12336.90234375
158.092865 10563.5751953125
171.0761871 11319.568359375
173.1287537 133972.453125
175.1194763 90864.1328125
177.1024475 10148.1669921875
188.1724243 11775.515625
198.1238556 49567.96875
201.1233978 72077.6640625
212.104126 10222.6162109375
213.088028 10121.8466796875
216.0984802 14344.4091796875
226.1186523 203946.296875
227.0675964 14511.9365234375
227.121582 14077.36328125
230.4587402 9617.2431640625
233.8766479 9814.515625
235.3952484 10177.7041015625
241.0820007 14545.83203125
242.1888123 11864.0107421875
244.0939941 13340.3203125
244.1296692 15884.060546875
260.1968994 20765.20703125
284.1618042 10912.89453125
300.1569824 15007.2021484375
311.1442871 11581.2119140625
317.2185669 133895.40625
325.1540833 13461.9755859375
337.1532898 12450.134765625
338.1341858 14386.7041015625
355.1619568 88104.0703125
383.1505127 13783.8720703125
385.5361633 12158.51953125
401.1686707 25880.111328125
411.1913452 13526.30859375
428.2504578 17825.73828125
446.2613831 77307.75
453.1693115 16532.923828125
466.1989136 15652.79296875
470.1880798 21176.15625
487.3355713 16371.306640625
548.0112915 12710.2431640625
559.3466797 114647.6875
560.3538208 14460.587890625
599.8015137 49839.6796875
609.8459473 63871.53515625
610.3501587 55208.015625
648.8227539 44596.34375
649.3217773 54789.5859375
650.4003906 54434.46484375
657.3335571 61588.73828125
657.8345337 62257.28515625
670.3595581 23090.0625
685.3835449 23436.580078125
688.3886719 125924.5625
689.3927612 23153.921875
701.4022827 17995.55859375
710.4069824 54394.7421875
714.2640991 17834.96875
749.4691772 133830.9375
750.4725952 73005.4453125
761.368103 103339.1875
762.3556519 91511.703125
762.8918457 142650.25
763.385498 103829.75
831.4934692 25686.92578125
844.4825439 134473.65625
845.4852295 67212.21875
848.5361328 51153.09375
849.5498047 16345.162109375
888.4008179 17010.228515625
921.3942871 14922.4619140625
938.4301758 19419.423828125
939.4463501 16346.888671875
955.4454956 24458.453125
956.4386597 50991.5
959.5053101 179138.921875
960.5088501 76964.796875
963.5598145 24308.521484375
964.5608521 18551.556640625
973.4680176 62585.27734375
974.4613037 65406.78515625
1070.531616 70128.5703125
1071.510376 15640.9267578125
1088.546631 143254.359375
1089.553589 77184.1015625
1117.649658 54403.41015625
1118.610596 23227.68359375
1198.585693 20101.28515625
1199.579956 63513.41015625
1200.601929 51658.3125
1210.557007 20291.55859375
1216.630249 26495.40625
1217.593628 15497.39453125
1218.690552 89145.671875
1219.685669 68134.2109375
1313.655029 28273.78125
2006.698364 15929.267578125
2183.594727 16206.8173828125
2220.068115 21333.64453125
