848.455077269 2
59.08234024 68977.84375
61.01176453 92073.6328125
61.36933899 62038.70703125
62.85451126 61283.57421875
70.06610107 172103.625
72.08165741 5195637.0
73.0849762 138795.078125
74.06085205 503755.625
78.19332123 67714.796875
81.32875824 73910.46875
84.04520416 311375.40625
84.08159637 584387.875
86.09208679 134384.078125
86.09716034 2871517.5
87.1002121 149005.890625
92.52896881 72829.890625
101.0716095 137665.765625
102.0555954 81721.390625
104.0534363 558665.8125
106.0487366 88505.671875
109.562355 80452.359375
110.0720062 134168.125
111.0914841 88215.9453125
111.8180771 84536.15625
120.0812988 896358.0
128.1071014 789389.0625
129.0664215 142705.28125
129.1023865 647831.9375
130.0864716 404327.40625
133.0431824 337899.375
136.0757294 352941.46875
138.0910492 121521.90625
143.1179504 138410.125
147.1125488 779953.25
157.133255 84150.890625
173.1285858 1272791.375
174.1320953 131279.0625
175.1198578 309770.09375
182.0815735 92224.0234375
183.1130371 263230.21875
187.1436462 640847.9375
197.1284332 390928.625
199.1801605 114449.1328125
200.1030884 90981.2890625
201.1237488 454928.875
215.139328 451077.71875
219.1490631 152398.21875
227.1758728 162938.625
228.828186 90015.484375
248.1604156 102487.03125
262.1389465 554448.8125
267.1171265 107970.109375
276.0647888 298413.375
293.1147461 117571.4375
294.1817322 333158.84375
377.0491638 79231.15625
387.2088928 102643.7109375
389.1506348 128982.9296875
404.156189 92018.734375
422.1717529 1190455.0
423.1758118 120324.125
463.578186 95242.2578125
535.2579956 693105.0625
536.2605591 128780.6796875
537.2573853 100448.1171875
648.3352051 180937.09375
749.3912964 110892.46875
