2736.27913629172 2
199.1439667 19877.203125
199.1800385 29895.3515625
201.1235962 32343.326171875
227.1393433 24954.234375
227.1759186 15337.0576171875
229.118866 26002.82421875
233.2951202 12545.9091796875
240.1342468 17892.708984375
242.0794983 12949.4951171875
245.2138977 13701.107421875
256.1447449 98527.71875
260.0891113 153131.078125
263.1402283 15456.796875
268.131897 19932.03125
280.1408081 16697.4296875
284.1386414 156592.0
286.1051636 15927.2509765625
286.1387939 22702.583984375
289.162384 32084.603515625
300.1557617 19382.52734375
313.1158752 78262.1015625
328.1533508 28560.63671875
331.1253357 211846.4375
341.1645813 19559.455078125
345.1780701 71759.78125
355.1608582 64212.51171875
358.1847534 19662.64453125
359.1670837 16664.78515625
367.1775208 129748.3046875
368.1789246 26980.685546875
373.1729431 65709.6484375
376.1950684 102342.5234375
385.1888428 141106.453125
398.2060242 89977.71875
399.1888123 203401.359375
400.1914673 22614.025390625
416.2154541 135277.140625
423.7588501 15288.2353515625
426.1982117 159782.765625
427.2047424 19317.31640625
441.2394104 18730.822265625
444.2102661 277428.71875
445.2127991 27280.55078125
458.2668457 19149.17578125
466.2483826 78168.4609375
484.2617798 22801.58984375
486.2628174 20388.1953125
511.291748 29673.884765625
512.2749023 76843.7421875
529.300354 95365.0
539.2839966 70746.6015625
546.3054199 25988.90234375
557.2954102 37460.80859375
603.3234863 133503.890625
682.3318481 20371.17578125
700.3336182 27746.08984375
750.3904419 588313.9375
751.3939819 304217.0625
752.397583 27795.9765625
816.3799438 16643.97265625
829.4026489 28655.12109375
865.399231 18751.375
944.4700928 31912.3828125
945.4494019 30428.5390625
946.4662476 23714.6484375
962.470459 1475501.875
963.2821045 25723.009765625
963.4749756 705828.6875
963.6670532 32599.3671875
964.4785767 151115.71875
1059.467896 20215.158203125
1060.490112 30594.498046875
1077.492188 112755.59375
1078.506714 73192.9296875
1091.518677 27508.478515625
1153.395752 19571.951171875
1188.549072 36028.5703125
1205.560547 79869.40625
1218.549927 58111.609375
1352.639771 99198.0234375
1353.630249 91374.0703125
1463.674561 23339.23828125
1480.688354 73397.265625
1481.677612 34838.58984375
1575.737183 25745.408203125
1609.716919 61051.3984375
1610.739868 34869.73046875
1621.843262 31026.4296875
1622.846313 54278.16015625
1628.744507 22999.646484375
1696.765137 249148.75
1697.751465 191514.96875
1698.744995 35050.62890625
1795.831665 83447.09375
1796.807861 97555.78125
1896.881592 85957.21875
1897.880859 89759.40625
1898.86731 55958.20703125
2162.999268 30430.77734375
2163.953125 26546.455078125
2180.016357 344284.5
2181.012207 483758.1875
2182.000244 244193.578125
2182.980957 53484.45703125
2312.095459 22542.35546875
