1809.84346960528 2
129.06604 6822.8461914063
129.1021729 28855.810546875
129.825119 4199.1142578125
130.0858765 10255.1318359375
133.0604706 4422.48046875
136.0753326 25848.01171875
141.0655823 11927.9267578125
143.1172485 8942.1357421875
145.0604401 5393.3251953125
147.1126709 30117.255859375
152.1068878 3829.9458007813
155.0814667 4818.5874023438
157.0966034 5958.6831054688
158.0925293 11631.666015625
159.0770874 5368.1391601563
159.0906219 4151.236328125
168.076004 11930.1083984375
169.0609589 12204.5244140625
169.1336975 6193.1518554688
171.1128845 9775.4306640625
173.0910492 4167.458984375
175.1194763 22235.34375
181.0966949 5716.6884765625
183.0766144 6848.47265625
183.1126862 6033.2963867188
185.0923615 9288.1240234375
185.1287537 8283.873046875
186.0878906 42670.78125
187.0875397 6711.1708984375
189.0873413 5436.2783203125
193.4586945 4349.8422851563
197.1286621 25342.83984375
200.1397858 7823.185546875
201.0693817 5929.7744140625
201.1235352 13272.328125
210.0868988 4910.4008789063
211.1069794 5482.52734375
212.1029816 9301.642578125
213.0870667 26109.625
213.1594849 6480.6591796875
215.1391602 34486.3046875
219.0794067 8448.7470703125
219.1479187 5710.3837890625
222.4423981 6336.3447265625
225.1236877 11036.306640625
227.1014862 5118.4604492188
227.1754608 7532.607421875
228.1335907 9237.369140625
229.1182861 11154.9580078125
238.0813751 9059.87109375
243.1337585 8178.2275390625
248.1599426 6436.4731445313
249.1599121 6968.9228515625
254.1516571 5496.4599609375
255.1093292 36375.69921875
256.0921936 13223.353515625
273.1199341 26507.1796875
276.1655884 5125.955078125
277.1545715 6962.0883789063
278.1542358 27691.052734375
282.144043 7772.1376953125
284.1235352 31738.494140625
293.1227417 7373.9755859375
297.1199646 12693.6884765625
299.1722412 11644.302734375
300.1560364 12161.3193359375
308.2947998 5732.8325195313
311.1358948 37924.515625
314.1455994 22045.9140625
318.144928 6549.013671875
325.1869202 5556.818359375
327.1686707 7308.1748046875
328.1606445 7658.2426757813
329.1494446 7048.5659179688
343.1621094 27867.677734375
367.235199 8461.091796875
373.1362 6205.421875
406.1748352 6185.40625
427.2366638 6980.7587890625
431.1954041 10046.9375
434.2229919 14262.982421875
445.1911621 6846.4423828125
455.1698608 7719.3154296875
456.1575317 10099.7421875
473.185791 7688.5073242188
474.1668091 24486.177734375
490.2326355 13977.9931640625
499.2599182 8083.1352539063
505.2776794 11867.0458984375
516.2792358 6983.8969726563
544.2731934 9109.4287109375
576.3196411 30842.99609375
597.2918701 12234.0068359375
615.309082 7602.787109375
657.3562012 23633.513671875
672.3654785 6584.8115234375
685.2606812 9142.3837890625
705.3598633 31254.037109375
710.3737183 9652.740234375
776.4002075 28510.48046875
815.3884277 9771.30078125
824.0430298 7063.576171875
889.4854736 25566.37890625
890.4724731 12317.12109375
903.3667603 7857.1977539063
907.4951172 22205.443359375
928.5065308 9660.0341796875
929.4870605 12544.6494140625
930.4810791 9879.998046875
1006.497375 7064.07421875
1036.548584 10121.662109375
1107.589111 7948.1596679688
1283.607788 26568.390625
1284.600098 25542.544921875
1319.664185 43091.32421875
1320.679443 28127.623046875
1380.690796 9404.13671875
1381.731079 9893.6904296875
1407.710083 11192.783203125
