961.584369701286 2
69.0705719 32744.26171875
70.06600952 201897.59375
72.08159637 420495.6875
74.06084442 119946.6796875
75.72220612 17525.18359375
77.35240936 18635.546875
84.04515076 114171.296875
84.0815506 91958.7734375
86.09714508 1553501.125
87.10032654 79887.234375
94.03272247 18537.4609375
101.0714645 73607.4765625
102.0554428 43349.6875
107.3526306 18903.673828125
109.2452164 20865.236328125
110.0718765 34003.515625
115.0869675 85023.5546875
120.0811615 907849.0625
121.0843277 47582.3203125
129.0661926 25989.80078125
129.1027985 172493.84375
130.0863342 28983.958984375
136.076004 35843.89453125
143.1179352 339232.28125
144.121582 20244.857421875
147.1133881 46400.67578125
155.1177521 39488.86328125
158.0929871 85292.28125
159.0916595 37418.12890625
171.1128998 207615.25
171.1495819 37259.1171875
173.1289063 254234.140625
175.1194153 257620.359375
183.1126099 42614.65625
185.0914459 32060.2109375
185.1651917 307081.03125
186.1680603 21987.30078125
187.1452026 19462.67578125
197.1286469 34402.984375
199.1441345 44597.578125
199.1810608 22093.92578125
201.1232452 154391.359375
208.1172638 21709.166015625
211.1055756 20841.61328125
213.1598969 41603.91796875
214.1573334 20336.080078125
215.1391754 27441.134765625
215.1946716 22770.81640625
217.1364746 27334.498046875
219.1125488 24480.533203125
221.1284637 186955.796875
225.4648285 19145.111328125
227.1039276 26876.169921875
228.1336975 22425.63671875
229.117691 67302.6328125
233.1651001 299560.65625
234.1684723 30393.45703125
238.3460083 21563.94140625
242.1537933 19539.70703125
254.1503448 248145.859375
261.1595764 121204.4921875
270.1802063 24935.37890625
272.1616821 24287.95703125
274.1877136 121410.640625
279.1708069 25665.115234375
294.1479492 47363.1328125
305.1615906 40051.95703125
325.2247314 35891.171875
330.1803284 30715.291015625
342.2015686 45579.2734375
353.2198181 40546.828125
359.240509 37854.80859375
376.1975708 37165.7421875
393.2254333 48228.95703125
394.2315979 20710.208984375
407.2312622 21926.0390625
461.2471008 27148.17578125
482.309967 92313.3515625
483.256012 39392.05859375
492.2948303 190360.75
493.2962646 32167.232421875
500.2804565 150056.171875
591.3615723 413830.5625
592.368042 141611.765625
602.322876 38318.5625
684.4259644 42537.796875
690.4263916 115878.8828125
700.4013062 233791.40625
701.3964844 76865.328125
715.4108887 45623.09765625
791.4744873 38883.6171875
792.4705811 72561.234375
802.1514893 25937.140625
