1349.82051400646 2
101.0719528 22224.27734375
110.0719604 12075.763671875
115.0872498 9409.0732421875
120.0814285 67507.609375
121.0848465 5945.3481445313
129.1029968 67893.796875
130.0659332 6257.9111328125
130.086792 23037.037109375
133.0434113 27623.8828125
136.0761108 206849.65625
137.0801239 6758.3662109375
141.1029663 8710.8896484375
147.1131287 41606.78515625
155.0828247 5899.5078125
157.0977478 7314.6372070313
159.0793457 5873.857421875
159.0921478 28907.146484375
166.0861664 7188.5869140625
171.1497345 37899.97265625
175.1202087 21561.890625
178.0653076 7626.6162109375
183.1494446 7182.8642578125
185.1657715 34324.078125
186.08815 30997.458984375
199.1448669 34388.1328125
199.1809235 26870.369140625
207.1133118 196728.234375
208.1172943 8838.7666015625
213.1600342 23100.07421875
214.1620331 6623.2895507813
231.1244965 9883.25390625
235.1083374 252605.8125
235.1452789 12646.7822265625
236.1113281 25366.099609375
260.1970825 27385.755859375
261.1607056 30586.603515625
263.139679 24825.865234375
276.0649109 6720.9370117188
276.1363831 6275.1157226563
279.29599 5548.01953125
283.1420898 7056.3032226563
284.1974487 7299.0341796875
289.155304 12511.5048828125
290.4715271 5759.9780273438
299.17276 29113.904296875
333.1575012 45187.828125
334.1773987 103946.8828125
335.180481 12298.7509765625
348.1939087 7423.6650390625
359.2662354 9558.5693359375
360.229248 10350.37109375
405.2487183 7350.9130859375
418.2468262 6917.341796875
429.2180786 7693.0180664063
433.2427368 7291.6044921875
436.096344 22118.2421875
437.721405 8330.0849609375
446.2430115 39004.17578125
447.246582 7761.236328125
471.2635193 6539.8271484375
500.2880859 20565.171875
514.3067017 6431.5498046875
517.3110962 10942.8203125
528.2877808 9071.13671875
545.3087769 27264.505859375
546.3161011 9161.0126953125
613.3741455 12429.056640625
619.4116821 8655.443359375
658.3905029 8816.9462890625
804.5027466 40111.90625
805.4998169 31148.900390625
874.4197998 22233.796875
917.5835571 46589.51171875
918.5717163 29765.009765625
1016.648132 25272.68359375
1017.637634 10644.849609375
