1184.62836782576 2
84.04517365 60957.0234375
84.08148193 86034.1796875
85.0114212 8674.8916015625
86.09718323 441782.78125
87.05579376 50355.49609375
87.10064697 11421.05078125
88.04012299 30947.78125
98.0242157 7622.927734375
98.78762054 6174.4165039063
101.0714874 46965.14453125
102.055603 49118.5703125
104.0534668 28029.052734375
110.0720062 39006.00390625
112.0875168 10052.857421875
113.071579 14143.1767578125
115.050766 9059.0205078125
115.087471 11916.5654296875
119.0807037 5446.302734375
120.0814896 9475.3583984375
129.0660095 7614.4409179688
129.1023712 113054.4296875
130.0501556 6048.76171875
130.0865631 47655.66796875
130.0957031 5266.583984375
130.1061554 8588.767578125
131.1181793 125286.2578125
132.9897156 5749.5361328125
133.0431671 8026.7700195313
136.0757599 66267.015625
136.2046967 4987.0224609375
141.0659485 23918.1171875
143.0825348 6478.1259765625
143.1177368 6540.3950195313
147.1130981 79087.75
150.0553436 7752.986328125
152.0706024 13961.2783203125
157.0592804 5870.7783203125
158.0925903 77374.90625
166.087265 8005.7958984375
167.0812988 6218.939453125
169.061615 21132.6484375
169.1340485 13130.072265625
171.1139984 7923.2060546875
171.1496277 7895.7846679688
174.0875702 11211.662109375
175.1191711 75364.171875
178.0522156 8678.416015625
184.0712128 8098.5805664063
185.092392 21979.080078125
186.0874939 51098.7578125
186.1244049 5729.0009765625
195.077179 10200.87109375
199.1090851 5611.6728515625
201.1244659 7338.7065429688
208.0962524 13035.9833984375
212.1034393 26180.16015625
213.0869293 12308.759765625
214.1183014 7799.8422851563
214.1552582 6741.2280273438
217.137146 11734.36328125
221.0934143 8761.923828125
225.1241455 54709.40234375
226.1195526 23125.353515625
227.1028137 11941.748046875
230.1136932 22682.5546875
240.0982361 10050.14453125
241.0823212 10083.7685546875
242.1501465 89219.6171875
243.1538544 6024.8178710938
244.1664734 23649.416015625
245.1667938 5619.8911132813
248.1596985 9518.58984375
255.144455 52681.70703125
257.1243286 6290.9467773438
258.1104126 9916.10546875
258.1445618 11776.93359375
261.1562195 5947.2788085938
272.1720276 113456.6328125
276.1558838 8295.9345703125
277.1210632 5710.6513671875
283.1045227 10340.5703125
283.140686 7115.408203125
301.1504517 8550.966796875
314.1346741 9990.3896484375
341.1460876 29922.97265625
343.2326355 40423.80859375
348.1966248 10081.33203125
359.1546021 9191.2587890625
368.6872253 7469.5366210938
385.256134 58842.45703125
510.2415466 6727.3759765625
514.2972412 31953.646484375
527.2667236 38466.79296875
527.770752 21760.8828125
528.2763672 32233.658203125
541.2290649 23965.0546875
549.3119507 7374.0844726563
572.3042603 9780.267578125
585.3352051 64356.3984375
586.3357544 22728.892578125
592.3149414 13798.4130859375
593.3436279 52263.3203125
594.3261719 11328.6015625
630.5696411 6371.3041992188
651.2911987 13730.826171875
695.3761597 7164.0874023438
696.3673096 10124.4873046875
697.3782959 7591.6215820313
713.401062 39583.37890625
714.3917847 9070.0048828125
715.291748 12465.0654296875
814.4472656 106310.40625
815.4450684 56038.390625
879.4552612 6520.24609375
885.4490356 13148.3681640625
886.458313 8148.0922851563
925.4671631 20221.703125
926.4660645 28001.6015625
943.4858398 177986.65625
944.4881592 92535.953125
945.4755859 24244.599609375
969.1102905 6463.78125
1054.504272 29636.2578125
1055.507568 8595.396484375
1071.545166 10329.94140625
1072.542603 7124.1064453125
