1592.84590848309 3
110.0713577 83427.09375
115.0865631 37999.37109375
120.080986 231824.0
129.0656128 22670.939453125
129.1021729 79979.6875
130.0858765 27999.7890625
136.075943 29388.171875
143.0808716 25565.33203125
143.1177063 16540.05078125
146.2549438 13160.017578125
147.1123352 96457.7421875
147.8787384 15258.8515625
157.0611725 31987.861328125
158.0915375 19429.759765625
159.0915985 89352.890625
171.0762177 47187.48828125
173.1286621 17680.771484375
175.1190796 84477.0078125
181.061142 27552.580078125
181.2284241 16661.392578125
182.1287689 18789.048828125
183.1127167 80842.1953125
183.1495209 20766.6953125
185.0918732 118133.859375
187.1088409 20614.982421875
197.1282806 20911.958984375
199.0710297 31875.6796875
201.1237793 24643.634765625
211.1422119 18892.515625
213.0873413 207238.984375
214.089798 30219.939453125
215.1023865 22051.6796875
216.0979309 95595.1171875
219.079895 105317.484375
219.1491241 46026.12109375
226.0819092 37979.03125
233.164917 94919.15625
244.0929718 38885.0078125
244.1661682 108092.4765625
251.1504059 42291.32421875
260.1043701 29594.091796875
261.1622314 28450.58984375
263.1021423 29800.5859375
264.1025391 21290.21875
271.1420898 23386.57421875
272.1373596 24108.15234375
284.1960449 31719.705078125
289.1629333 33829.3828125
301.1868896 95656.96875
302.1149292 25470.5
302.1467896 21446.205078125
346.2244263 29944.48046875
359.6882324 29517.828125
364.233551 35520.93359375
375.1360779 32502.59765625
402.2453003 100371.0234375
403.2565918 26534.966796875
407.2655029 28710.677734375
414.2714844 112425.640625
431.2713623 24592.4140625
441.888092 24162.23046875
450.7904968 24478.64453125
474.2424316 119915.0
474.7422485 98883.953125
494.3067932 38882.859375
494.8120422 32149.900390625
527.3538208 41213.1875
549.3171997 214624.546875
550.3218994 94294.6796875
617.34021 25334.44140625
664.4111328 102813.5078125
665.4092407 28785.361328125
690.4581299 50138.7265625
735.3922119 465020.75
736.3981323 235710.8125
777.5029907 135402.953125
778.4970703 38308.41015625
850.4196777 349967.1875
851.4215088 221231.1875
852.4298096 46043.98046875
862.3133545 34472.3828125
876.5621948 47191.94921875
877.5654297 37461.828125
947.4783325 160860.9375
948.4768677 139126.3125
949.4819336 37619.625
979.0305786 24429.69921875
1177.120972 27851.625
