1550.67784854138 2
110.0716324 73595.546875
113.1559906 7015.9448242188
120.0806732 6915.6909179688
125.0707016 10868.583984375
129.06604 7259.5375976563
129.1020966 63626.6953125
130.0860901 21534.166015625
133.0428467 9105.2919921875
136.0756226 17559.447265625
141.1014099 7303.7055664063
143.1173096 9824.9013671875
147.0760803 9994.6865234375
147.1124725 49873.10546875
173.0918121 11431.244140625
175.1192627 26040.376953125
178.0533447 14858.396484375
181.0610962 9850.48046875
185.0922546 89570.3125
189.0887146 7778.9213867188
198.0880585 13831.634765625
201.0881348 17274.98828125
212.7583771 12213.4638671875
213.0870514 68368.40625
215.1396027 14115.6875
216.098938 37809.16015625
230.0773926 9314.810546875
233.1286469 20233.052734375
236.211441 8339.7568359375
240.0977173 18624.974609375
242.150589 12258.41796875
244.0916748 16437.63671875
257.1010132 9731.0361328125
260.1413574 12791.462890625
261.1234436 47016.73046875
264.0970154 14022.443359375
278.1540222 49440.546875
282.1098328 21412.369140625
288.2044678 17557.826171875
295.1417847 15365.94921875
300.1179199 39763.30859375
317.1468201 12082.8203125
341.1450806 11512.521484375
362.9992371 10723.7001953125
371.0262451 11018.1650390625
392.1596985 15449.2763671875
410.1684875 20330.38671875
428.1763 24511.048828125
453.7749023 10353.287109375
490.1776123 11173.6357421875
506.9060059 13692.92578125
538.2700195 224463.90625
539.272644 51253.73046875
541.2628174 12517.2744140625
554.0236816 11520.7099609375
649.3046265 23745.658203125
773.3948364 13218.8466796875
775.4592896 72991.4609375
776.4443359 65137.23828125
857.4507446 18430.818359375
895.3890991 18318.92578125
942.4595337 19019.76171875
943.6929932 12777.015625
1009.861633 14156.7490234375
1010.430542 55627.671875
1011.43103 46323.9609375
1079.531494 14314.7861328125
1123.508545 53889.5390625
1124.508911 18325.779296875
1136.104858 14662.1103515625
