940.396496175856 2
70.06617737 307839.0625
72.08184814 140295.21875
84.04531097 64025.82421875
84.08158112 90693.3125
86.09724426 25590.392578125
90.00183105 18297.205078125
101.0719986 21147.5078125
102.0559311 23870.89453125
110.071991 36973.15625
116.016861 39217.4375
116.0719986 23054.912109375
120.0813446 44651.7265625
122.2147903 17524.921875
127.0878525 23950.708984375
129.1027679 121243.6875
132.3855591 18280.724609375
133.0436096 167472.9375
136.0762177 84131.890625
141.0662537 24034.619140625
144.012207 25841.703125
150.5507355 19935.876953125
155.0823822 32006.828125
158.0933838 40236.05078125
158.9140015 17564.17578125
159.0772095 33937.3828125
161.0382233 38055.16015625
166.0540009 21284.966796875
175.1195984 135770.359375
178.0651093 172041.828125
181.0611115 32156.48046875
187.0727997 24283.703125
214.1563263 36320.609375
249.1242371 18817.091796875
259.1415405 24781.4375
274.1886902 99380.8671875
276.1664124 21128.298828125
300.6599121 35887.765625
327.9797363 18159.5859375
377.6948547 45238.0546875
378.197937 17645.484375
408.1802368 20692.6015625
423.2355347 101883.0859375
481.2021484 30674.50390625
601.3292847 79856.078125
629.8108521 18821.6640625
630.2756958 19258.89453125
652.3088989 173211.34375
653.3078613 41783.11328125
657.3275757 84403.1796875
658.3331299 26955.498046875
763.3319092 36153.48046875
