1868.97514332922 4
128.8507996 3253.3142089844
129.1017914 21983.58984375
130.0649414 3595.3288574219
130.0861511 6600.498046875
132.0804443 3958.0229492188
136.0758209 86497.8203125
141.0645447 3567.7434082031
143.1169128 3929.2907714844
146.0605774 7833.5576171875
147.1123047 8905.1943359375
155.0811157 4572.0229492188
157.0964966 4499.7758789063
157.1333008 19993.31640625
159.0915527 6970.4477539063
166.0861359 3841.5236816406
169.133316 6116.0229492188
175.1192627 5883.2954101563
177.1017914 5776.1357421875
182.0807037 10538.69140625
185.0924072 4374.083984375
185.1282501 20650.84765625
188.0709381 57394.82421875
197.1284332 7860.2197265625
199.0694275 3320.1364746094
200.1387939 6755.6625976563
201.0868988 29217.412109375
201.1227112 3772.1889648438
201.6209869 5324.0424804688
205.0978546 17095.748046875
211.1448517 6187.7485351563
215.1395416 7021.814453125
218.150238 21866.857421875
223.1082153 6080.2885742188
227.1749573 4426.4604492188
228.1356964 5515.7197265625
233.1296692 3375.3005371094
235.1443939 42083.80078125
238.1178589 8459.9921875
243.1336517 6302.7265625
249.1592407 6053.671875
254.1148834 5280.9428710938
256.1309509 5615.8071289063
256.164917 6972.087890625
261.124115 6369.3676757813
263.1401062 17393.041015625
277.1561584 7677.7421875
294.1820374 4770.1713867188
299.1404419 4797.9619140625
304.1291809 20908.287109375
304.1647034 4678.8696289063
305.1817932 20239.3359375
311.4885254 4552.3203125
325.2585754 4579.0498046875
326.1706238 10223.033203125
327.519104 4413.3588867188
331.4211731 4187.8637695313
346.1747742 7767.3842773438
396.1533813 6440.1625976563
402.2365723 95181.8359375
403.2420349 6543.8779296875
459.2627869 9314.1953125
489.2702332 21067.041015625
523.2567749 6263.2348632813
576.2980347 21010.080078125
593.3677368 6456.2646484375
787.357605 5532.3408203125
804.3894043 28922.611328125
805.3860474 7015.904296875
1347.86377 6770.9741210938
1421.503052 6841.0986328125
