1329.7006371714 3
92.03461456 16744.451171875
97.32370758 12991.814453125
101.0716095 72169.9453125
102.0556488 65385.43359375
104.2302094 12690.70703125
110.0719604 66735.65625
112.0875092 14389.169921875
115.0870209 15125.73046875
129.06633 52552.26953125
129.1025848 269493.625
130.0500488 13581.7060546875
130.0866699 65921.390625
143.0813446 19562.953125
147.1128845 75791.953125
158.0924835 17951.748046875
159.0767822 23245.1171875
170.9403076 13391.208984375
175.1188507 97889.28125
178.0534363 20219.173828125
187.0716095 62054.69140625
188.8230591 13526.61328125
220.6480103 16250.6494140625
228.1714172 20264.849609375
239.0959778 12076.8671875
240.0983429 44941.8125
243.1577759 25323.77734375
246.181488 86038.953125
247.9526978 13225.779296875
252.0358124 13418.7021484375
272.1226807 13517.943359375
297.1194763 15830.953125
298.1026611 15036.623046875
307.2550049 12238.349609375
314.1830139 16408.27734375
343.1605835 47999.6796875
359.0285645 76757.828125
386.2425842 19081.541015625
394.7277527 27170.3984375
395.2314758 17058.98828125
414.2364807 24431.40625
427.2677917 31154.55859375
432.2461548 69174.2578125
433.2487793 17600.083984375
443.233429 16104.126953125
444.2937622 514470.5625
542.2919312 13445.025390625
543.2780151 60080.32421875
560.3015747 51330.77734375
627.3582153 14612.025390625
671.3375854 23377.83984375
767.5205688 16388.61328125
