3090.22636481585 2
213.0867615 7406.4951171875
217.1339569 13656.853515625
222.823761 2788.310546875
235.1072998 3410.9206542969
245.128891 7562.2353515625
288.1705627 4587.5141601563
314.151123 3972.9140625
326.174408 5755.5673828125
328.1148376 21798.951171875
328.1670837 4446.5766601563
332.161377 4653.7583007813
333.1914368 27083.31640625
334.1960449 6060.572265625
346.1782227 4890.2485351563
397.1383972 4406.642578125
429.1767273 4303.6069335938
448.217865 10820.3935546875
502.2667847 4224.751953125
512.1643677 21385.2109375
528.255249 4411.6533203125
530.1728516 78309.3984375
530.2414551 5200.5024414063
531.1784668 16894.03125
557.2729492 6382.970703125
561.3005981 8198.4443359375
594.2562256 26281.021484375
601.3372803 5852.9399414063
672.3907471 55832.7890625
673.3971558 14162.796875
675.282959 5079.9638671875
743.4293823 22996.001953125
744.4287109 5926.5932617188
774.2911987 5715.5786132813
814.479187 7759.6655273438
859.3781128 6255.7104492188
861.3452759 5852.9658203125
892.3190308 8205.4599609375
906.4188232 18032.322265625
990.4397583 5195.0083007813
1007.470886 5288.8291015625
1123.432495 14017.501953125
1129.752197 5217.5708007813
1224.515381 26631.8203125
1225.515503 15694.6064453125
1355.558472 26057.37890625
1356.553833 18771.625
1414.783203 16850.61328125
1415.795776 19964.32421875
1501.823486 18544.24609375
1502.823486 24393.09765625
1503.816162 14120.525390625
1527.833618 5621.6596679688
1528.78894 15227.193359375
1544.818359 21713.626953125
1545.80603 23880.994140625
1546.719727 12359.900390625
1694.701904 5705.70703125
1695.706543 14677.40625
1751.751953 19862.400390625
1752.776733 19542.875
1753.750122 15113.3564453125
1866.781494 6869.0668945313
1867.776123 5997.1860351563
