1260.71975964828 2
87.10048676 19373.361328125
88.03992462 12783.9189453125
91.05473328 12078.978515625
101.0715637 61474.1953125
102.0555801 83816.671875
103.0544815 18812.900390625
103.558342 9215.8857421875
110.071846 11971.9140625
112.0874939 11584.2119140625
118.0615768 7774.6206054688
120.0811691 955106.875
121.0842896 75810.328125
122.2866821 8334.6435546875
129.0661316 9337.642578125
129.1026611 94389.6171875
130.0663147 9022.2939453125
130.0866852 55776.03515625
136.0757904 66284.3515625
141.0669556 9485.9462890625
142.7192993 7085.4663085938
143.1181183 20847.751953125
147.1128845 61717.88671875
155.080246 8106.9086914063
157.1338196 53736.71484375
158.0925293 13951.5126953125
159.0783386 11613.9140625
159.0920105 37293.8984375
165.1027832 12470.404296875
171.1127625 42050.1171875
173.1289673 12382.0087890625
175.1193695 133746.921875
183.1140289 12226.2470703125
185.0933228 10880.494140625
185.1289215 54655.49609375
185.1651306 54550.859375
186.0908661 73284.0390625
187.071579 46957.234375
187.1448212 34344.5703125
191.1180878 13525.546875
197.1291656 53074.4921875
199.1087341 15143.5869140625
199.1816406 13444.0244140625
201.1236115 19529.46484375
212.1050568 12092.95703125
213.1607819 58140.61328125
215.1395416 62264.95703125
225.124054 15294.4765625
227.1021271 9675.4619140625
227.1765137 11327.4091796875
228.1345062 20303.099609375
229.0943451 13036.1279296875
231.1134338 10418.2421875
233.1654358 17775.59765625
235.1082916 17412.55859375
242.1504059 66595.015625
243.1330261 16837.00390625
244.0922089 10940.8037109375
249.1236877 352875.53125
250.1270142 42793.6328125
257.1602783 13144.57421875
260.1979675 69512.3359375
261.1598511 10431.078125
268.1648254 12004.71875
269.1250305 16515.611328125
276.1347656 12133.92578125
277.1185913 330713.875
278.1211853 42090.3359375
284.1968079 9716.6279296875
298.2116394 14570.3828125
300.1551208 38124.43359375
306.1087341 59884.5625
307.1116638 8919.7802734375
311.1703186 9868.69921875
312.1303711 55397.35546875
313.1866455 18280.646484375
314.1742554 9815.298828125
318.1852112 12100.9697265625
330.1421814 11914.7705078125
341.1759033 8251.7880859375
346.1812134 10347.974609375
347.2277832 14468.3623046875
350.6690063 8696.9755859375
371.2310486 15157.818359375
389.2414856 12892.8408203125
390.2017212 35043.0546875
391.203064 13396.560546875
410.201416 11320.02734375
425.2100525 17838.103515625
426.2731018 16128.92578125
446.2608337 103514.90625
450.2822571 34279.609375
458.2460327 9208.265625
494.2930298 9873.478515625
559.3463135 87734.140625
560.3466797 16249.349609375
565.3096924 20551.791015625
631.3366089 45076.87890625
634.3369751 10696.15234375
643.3902588 15185.794921875
661.3394165 10483.6533203125
663.4194946 15122.388671875
670.3759766 54377.93359375
687.4006348 55172.99609375
688.3989868 13093.361328125
693.3660889 47217.69140625
721.4289551 35364.80859375
740.4398804 40257.8046875
741.4470825 14586.9375
747.4193115 13224.02734375
792.4413452 14148.3681640625
800.4837036 75127.5234375
801.489563 16166.0947265625
820.4884033 40431.890625
840.437439 96638.71875
841.4386597 57195.51953125
865.4697876 16595.611328125
871.5291138 79156.609375
872.520874 41316.859375
953.5178833 18171.0703125
978.5512695 12584.8349609375
984.6110229 70471.9296875
985.6021118 33160.03515625
1049.586548 15998.9248046875
1114.647095 12224.1787109375
