1096.61509401806 2
84.04496765 147380.078125
86.09712982 1010908.375
87.10073853 45911.9921875
91.05471802 166928.6875
92.03491974 82244.90625
101.0714417 60403.7734375
104.0535126 49212.9609375
110.0718002 204376.859375
115.0871811 62703.18359375
120.0811005 2104799.75
120.0896912 78539.0703125
121.0843277 166172.421875
129.0662689 38197.9765625
129.1026459 71367.0859375
130.0868988 147654.421875
136.0758209 1768389.0
137.0794525 75729.8046875
143.0814667 52935.8984375
147.1132965 79048.953125
156.0768433 238230.15625
159.0911407 44959.01953125
166.0869141 55102.109375
175.1072693 37386.84375
175.1196289 442859.6875
178.0862579 216744.9375
185.1275024 120739.1953125
200.1047363 50631.4375
200.9767151 36116.53125
203.1044159 45243.91015625
207.1133118 236754.15625
208.1152496 69244.0859375
214.1189575 67555.3046875
223.1079102 396054.0625
224.1136322 47338.34765625
229.1178894 38497.74609375
233.0928802 175120.59375
233.164917 345633.78125
234.1679993 48650.8046875
235.1073608 198176.453125
242.1498108 70028.109375
251.1025238 136535.515625
257.1616821 76716.3359375
261.1596069 51707.50390625
274.1893616 44479.109375
313.1871948 69157.828125
380.1613159 210479.4375
381.1646118 71968.1875
387.2721558 44356.01953125
458.3094177 425274.0
459.3113708 89083.2734375
549.0007935 39566.44921875
569.3422241 193384.46875
586.3659668 588304.125
587.3687134 282494.21875
612.5379639 49011.98828125
699.4510498 499598.09375
700.4502563 181254.921875
846.5224609 385744.21875
847.5136108 183810.890625
933.5511475 351948.1875
934.5479736 191135.859375
952.5883789 40954.54296875
1107.903442 43146.6953125
