1072.59893739929 2
84.0451355 208694.09375
84.08152771 360851.03125
84.53993225 31276.115234375
86.09715271 2797023.25
87.05596161 81714.1640625
87.10059357 172111.1875
101.0715942 43880.4765625
102.0555573 62995.13671875
102.9642792 32487.373046875
104.0533142 65586.734375
110.0717468 512489.59375
112.0874634 34826.5625
115.0866165 48384.265625
120.0809708 245537.109375
124.5936508 33651.07421875
129.0663605 47550.22265625
129.1026306 441475.125
130.0865021 225433.5
136.0758209 197805.265625
143.0817566 60286.8359375
147.1130371 278840.21875
158.0927277 57887.2734375
171.0763702 83719.3046875
171.1492004 52645.84375
172.0727844 45475.59765625
173.1285706 492911.40625
175.1196442 234277.015625
183.1128998 65915.078125
185.057251 40159.40234375
186.1238861 48632.70703125
189.0868683 43545.15625
197.1283417 36157.359375
198.0866547 75786.96875
201.1233215 444986.53125
204.1346436 122759.9140625
212.1036682 56043.4921875
213.0881958 37055.29296875
215.139328 58603.109375
216.0987854 66315.6171875
217.08284 47819.76953125
243.1334839 70791.4453125
249.0993805 40750.79296875
259.795929 33178.515625
275.171051 193597.203125
276.7991333 38593.3828125
278.1525879 45375.91796875
283.1064148 45504.15234375
299.1681519 41580.4296875
300.1196289 37527.43359375
301.1142883 48905.5625
315.1642151 38090.51953125
346.2088318 198617.0625
356.1887512 36634.57421875
382.2124634 45314.73828125
467.2235107 50638.6640625
506.7470398 40666.08984375
556.3233032 48087.765625
630.3563232 226050.625
631.3529663 56982.671875
632.364563 36697.41015625
643.3504639 43588.69140625
758.376709 41198.609375
759.3946533 326625.0625
760.4030151 142274.0
834.144104 39728.81640625
841.4031982 46775.125
859.4205322 64331.95703125
872.4794922 46151.3828125
959.5117188 141940.796875
960.5209961 61924.51953125
