1078.58833634401 2
84.04546356 209734.46875
84.08150482 802157.0625
86.09719086 4377126.5
87.05587006 250884.671875
87.10044098 210455.28125
110.0717239 1817110.25
129.1020508 393990.71875
130.0861511 185812.5625
131.1173706 225654.609375
136.0757751 5381852.5
137.0797882 285425.09375
147.1133881 326575.875
158.0922241 180440.625
173.1286163 3002300.75
175.1189728 1363063.75
186.0882111 274128.84375
201.1235809 626343.875
228.1339874 269097.71875
249.1599731 4187114.5
252.3257904 193939.4375
260.1965942 224627.859375
267.1091614 234426.9375
268.1129761 177943.046875
277.1560059 707745.1875
288.2027588 996704.875
303.1539917 170061.859375
348.1669006 229356.390625
417.2464294 291108.53125
593.3017578 218129.5625
617.3614502 270317.71875
662.3222656 245770.0625
731.3981934 628583.4375
732.4019775 234647.875
744.5314331 196499.546875
763.3764648 291710.59375
802.4395142 2423523.0
803.4477539 1254172.5
878.3974609 919052.8125
