1664.73707368023 2
120.0809326 7916.5141601563
127.4389267 4319.1997070313
129.1022034 15055.001953125
130.0861511 7554.2612304688
136.0754242 36829.2734375
156.1104126 6699.306640625
158.092392 11685.97265625
159.0773468 26706.490234375
159.0910339 5564.720703125
160.0793915 4856.6474609375
175.1192474 88858.2890625
181.3447113 5531.73828125
187.0713654 8988.21875
199.107605 18746.37109375
209.0545044 7252.7221679688
218.1282196 6241.7895507813
226.0825348 56771.10546875
227.1031342 41314.8125
235.1431732 7517.4545898438
243.109314 12160.791015625
244.0917053 11239.5947265625
246.1550903 10195.1259765625
258.1477051 8550.171875
259.1012878 12876.15625
294.4640808 7163.8134765625
298.1419067 18141.171875
341.1108093 14801.4384765625
364.6037292 7249.5004882813
372.1896362 10611.4580078125
388.918396 7037.3012695313
425.2499084 8326.080078125
453.2101135 31103.08203125
516.4689941 7897.1899414063
566.2963257 9208.26953125
594.307312 12385.7548828125
667.3343506 60611.23046875
668.3418579 12502.0712890625
703.9483643 10156.4365234375
743.3268433 9304.310546875
782.369812 69031.4609375
783.3688354 13847.8544921875
788.4456787 18723.521484375
789.4439697 32960.46484375
790.427002 12701.68359375
815.4414673 14557.677734375
816.4088135 12145.0986328125
831.4658813 67629.875
832.4674072 102056.7890625
833.446228 75995.0546875
896.4544678 12636.3515625
994.4822998 33541.45703125
995.4888916 30385.845703125
1002.409424 12564.494140625
1009.498169 46909.8515625
1010.504395 13562.1962890625
1080.530396 49865.10546875
1081.537231 34515.62890625
1209.575806 12816.669921875
1210.555298 11466.212890625
1306.625732 43367.859375
1307.642212 37478.1171875
1308.661987 13590.5419921875
