1480.8307862522 2
102.0557938 39302.49609375
104.0534058 122393.734375
110.0717239 35169.375
111.0558014 20123.505859375
112.592247 22346.07421875
115.0874252 42835.12890625
118.3503189 18763.666015625
120.0813065 178430.828125
127.0868835 51430.59765625
129.0662384 43355.12890625
129.1028137 133439.546875
133.0434723 70641.703125
133.0609741 97646.9609375
136.0759735 194093.53125
137.0794373 24802.876953125
143.1183319 45839.25390625
147.1126862 48434.90234375
155.0817261 100359.9296875
157.0606842 39936.48828125
157.1339569 34756.078125
159.0927887 22698.837890625
167.0813293 21389.34765625
169.1338959 21822.228515625
171.1129456 48310.7734375
172.1083679 79772.8828125
175.1189728 205048.96875
183.1140442 27450.357421875
183.1499786 31876.255859375
185.0928955 23226.775390625
185.1663971 24252.1015625
197.128952 45968.5390625
199.1816254 30060.822265625
201.1233215 36755.62890625
202.0816193 23556.251953125
209.0568085 24012.037109375
211.1443481 44585.9453125
212.103241 184496.8125
220.0755157 23668.294921875
226.0827026 32284.7578125
226.1180725 35389.1171875
227.0653839 35724.7109375
229.1299133 49712.9609375
234.1462402 32824.8671875
242.1512146 40446.734375
244.093277 96276.234375
245.0759277 26230.6484375
248.0716553 35058.97265625
254.5737762 21148.7421875
255.1436615 33487.73046875
258.1460571 32405.44921875
267.1460571 193776.1875
272.1713867 34486.08203125
295.1408386 24381.59765625
310.2124939 43691.50390625
332.1613464 28374.072265625
340.1602173 50180.69140625
342.0926514 30291.939453125
359.1176453 46660.890625
378.1766968 35905.76171875
379.1799622 24845.6640625
395.2062988 181909.921875
453.1903992 115190.5078125
454.1940613 35350.95703125
456.1846924 26587.244140625
471.1397705 32761.388671875
575.3134155 87712.5234375
688.3922729 87302.4296875
701.4293213 156335.890625
702.4232788 29946.8515625
742.3909912 32899.37890625
763.3880005 202119.234375
764.3920288 150856.59375
766.3994751 27559.017578125
770.2747803 24365.65625
800.4927979 89757.6953125
801.4869995 129995.9375
831.43396 42427.81640625
877.4138794 119410.84375
878.4300537 88782.6328125
948.5462646 210991.15625
949.5513916 85562.6484375
990.4949951 30603.03125
1010.63739 649695.625
1011.638611 386189.4375
1012.632202 107273.484375
1050.508667 27290.458984375
1104.633545 38725.87109375
1105.621216 48577.3359375
1138.695679 210711.140625
1139.688477 118290.5859375
1234.621216 32566.05859375
1257.63916 77490.109375
