1032.49547425405 2
72.08155823 84839.5703125
74.0605011 58365.37109375
84.04501343 338822.96875
98.96918488 42243.93359375
101.0715637 695873.75
114.0913239 46927.32421875
131.8065796 49047.95703125
159.1130676 926559.9375
160.1166687 78962.53125
175.1190796 273048.25
181.098877 48013.59375
187.1079254 193066.078125
304.1627808 211004.34375
311.5277405 51702.8203125
318.952179 61122.2421875
331.6528625 53440.28125
389.7190857 59817.8515625
414.6943359 334594.03125
415.1937256 198737.03125
475.2842407 46605.6796875
520.2338867 94281.53125
521.2407227 68348.609375
521.7867432 46134.5078125
621.2747192 95832.5
677.354248 56380.22265625
690.824707 52847.31640625
718.3359985 852822.3125
719.3352661 311593.96875
846.3956299 65168.83984375
951.9456787 50556.94140625
