2582.33805476143 3
179.049118 5711.9384765625
181.9990845 4050.0827636719
183.1498566 96229.734375
184.0708008 4531.8876953125
185.055481 10778.572265625
185.0938873 5228.349609375
186.1239624 8712.7041015625
189.0863342 4785.3173828125
192.1911469 4389.6655273438
201.1232605 8726.140625
211.1293182 3892.7707519531
211.1446075 52755.828125
214.1193085 8127.3588867188
217.0818634 5710.1958007813
233.1289063 28561.61328125
235.1437683 6037.37890625
236.4274292 5356.345703125
240.1341705 7180.0258789063
242.0757599 6384.7807617188
242.1151276 6113.626953125
244.1310577 6083.8803710938
250.0847626 5999.2377929688
252.099884 6946.7216796875
261.1240845 42901.109375
267.1817322 6090.2358398438
268.1663513 11198.8369140625
271.1386719 5904.6977539063
272.1235352 5185.3793945313
274.1873169 32927.09765625
276.1665039 7263.7934570313
287.1712646 41441.44140625
294.1825562 7955.6708984375
298.1777649 6882.5454101563
312.1918335 20546.130859375
326.1741333 12904.814453125
327.2034607 7664.1381835938
355.198822 10065.888671875
357.1402588 7636.0830078125
360.1936646 13385.3125
395.1931152 7521.5595703125
413.2045593 43056.84765625
414.2063293 7115.0551757813
424.2208862 9984.7431640625
429.2038879 6256.8125
442.2306519 9858.3310546875
452.2147522 13489.79296875
470.2224121 25234.30859375
497.3086548 36334.40234375
498.3120728 9754.171875
511.2537842 8004.04296875
528.2923584 26530.9765625
551.7876587 7339.1748046875
571.2706909 7996.7241210938
603.3109131 41532.80078125
628.3416748 8243.9033203125
646.3568115 11574.947265625
647.366394 9638.212890625
714.3312378 10174.9248046875
732.3621216 41325.546875
733.3605347 8341.2392578125
781.4266357 10407.7763671875
818.4931641 7915.7807617188
819.4788208 13298.8310546875
844.4638062 7807.9008789063
845.4378052 58255.26953125
846.4367676 26241.390625
856.5 35974.09375
857.4852905 14209.6953125
861.4945068 71392.3984375
862.4962158 61726.15234375
952.1061401 7906.779296875
956.0386963 9437.736328125
956.5279541 24632.275390625
957.0350952 26235.736328125
958.5244751 22450.62109375
1055.576416 224095.140625
1056.573486 135453.609375
1057.57373 57704.14453125
1154.649902 11672.9150390625
1271.582031 8326.716796875
1317.685303 8278.3818359375
1414.75769 203633.3125
1415.757202 160115.5625
1416.77478 68491.15625
1417.755981 12963.5087890625
2340.462891 9753.166015625
2455.165283 9928.51953125
