2023.93802495052 2
141.0762787 10884.162109375
155.1174164 20629.63671875
159.0914154 41130.5234375
171.0773621 12965.748046875
173.1152496 16774.572265625
173.1287537 284725.3125
175.1189575 324564.71875
183.1128387 77695.5390625
183.1501923 12086.6806640625
197.1279602 24700.947265625
199.1073456 23682.931640625
200.1397095 193860.59375
201.1093903 13302.5595703125
201.1237793 217329.9375
202.1257324 17175.55859375
211.1069641 17451.865234375
211.1431274 13037.9716796875
214.1191406 37210.77734375
227.1023712 16775.236328125
228.1345215 289782.09375
240.0994263 15992.6455078125
241.1886444 13839.80078125
242.111496 13938.951171875
244.0928955 38433.76171875
250.1195068 18823.25
257.1222229 17990.7578125
273.1188049 24962.552734375
278.1122437 16621.845703125
290.1463928 23919.740234375
294.1430969 13212.060546875
297.1564331 20058.251953125
311.1728516 26196.33984375
315.1661072 294077.09375
316.1684875 19232.01171875
325.1519775 36179.078125
330.1275024 20720.912109375
341.2171326 14902.072265625
342.1777649 145455.546875
384.1896362 26675.935546875
400.2593689 21039.1328125
408.1911926 18957.677734375
410.240387 20124.4609375
428.2521057 80598.984375
438.2382202 21920.19140625
453.2122498 120448.0234375
454.203186 22802.96875
455.2632751 60956.82421875
480.245697 35912.4375
486.8634949 19935.513671875
497.2683105 37761.17578125
508.0355225 17190.322265625
516.3225708 49061.03125
524.2825317 23468.90234375
525.2701416 34557.796875
542.2941284 21419.634765625
546.3828125 19361.548828125
582.2553711 97706.6796875
593.3292847 22308.970703125
610.3561401 80617.84375
638.361145 32141.046875
655.3797607 73358.7890625
688.2974854 33850.390625
711.3018799 91108.5703125
715.3661499 19820.7578125
739.3586426 20945.431640625
839.3583374 22828.494140625
840.3459473 17777.1171875
869.376709 18128.986328125
896.3753662 299393.5
897.3751221 102800.21875
967.4129028 208831.640625
968.4250488 77844.5234375
970.5072021 75070.734375
977.4414063 35703.34375
978.4494629 19750.99609375
996.4906006 77806.859375
1012.605774 101008.7265625
1013.505554 157591.421875
1024.437866 29038.40625
1068.456665 525517.0
1069.463867 242574.0625
1070.455566 47146.890625
1119.555664 69827.96875
1120.548462 25929.740234375
1149.481323 73724.3984375
1165.500366 87336.984375
1166.46936 29497.498046875
1183.486816 536066.3125
1184.485718 210235.5625
1185.49939 72134.5
1351.567505 28787.93359375
1352.550781 34066.2578125
1353.541626 26601.94921875
1369.565186 622817.3125
1370.568115 405342.25
1371.564819 115223.2890625
1375.579956 82784.359375
1376.578369 30881.142578125
1482.642578 217879.15625
1483.65332 148592.640625
1484.653809 37979.23828125
1562.657593 24864.09375
1579.66626 85998.609375
1580.67749 73136.5703125
1585.745972 38294.21875
1596.709351 201887.171875
1597.695068 147266.953125
1598.688477 82688.6015625
1709.770996 34752.14453125
1710.786743 67786.265625
1824.859497 37605.54296875
