981.453552102966 2
70.06601715 3048349.25
72.08145905 418838.59375
75.18901062 229746.59375
79.41737366 208382.671875
84.04527283 577648.125
84.08145905 987756.625
85.07897949 237390.8125
86.09716797 6928780.0
102.0555878 1289706.75
104.0532761 261531.90625
110.0722733 253898.125
120.0811691 1368673.875
127.8631439 248286.265625
129.1028595 1024872.375
136.0753326 317848.96875
141.0660706 2346352.0
147.1135254 1180311.625
155.0821533 515592.0
157.1341553 558439.25
159.0766907 2744715.75
171.1129303 988869.8125
175.0905914 438581.96875
175.1189728 246128.9375
178.0534821 404270.75
185.1280975 330790.21875
187.071991 2215193.5
199.1077576 1054591.375
258.1438904 478795.5
260.0884705 487883.15625
276.1551819 316347.21875
356.1958618 303689.625
371.7141113 1109121.625
373.2203979 1175685.75
423.2264404 1088058.125
472.1732483 262578.03125
475.2617493 1142845.0
583.354248 2500372.25
595.2703247 515948.34375
595.3953247 283348.84375
596.2670898 261576.984375
645.3658447 577301.4375
682.300354 1405950.75
683.3092041 389653.15625
781.444519 345349.875
795.3751221 308540.53125
799.4436646 369094.78125
