1046.53042157034 2
84.04512787 949099.5625
84.0814743 317032.15625
86.09718323 10121793.0
87.10075378 353456.1875
101.0717239 315019.5
102.0555115 330424.21875
102.4324036 178484.421875
104.0533295 250827.96875
110.0717773 307498.96875
112.0881271 324748.125
118.526474 204003.75
129.1024933 409308.1875
131.1182251 3299716.75
132.1215515 315115.0625
136.0754852 233816.359375
173.1283569 256008.546875
175.1193695 1710360.625
201.1238708 798308.375
208.0968018 293130.8125
214.1555023 228607.859375
220.4223328 192887.171875
223.9404144 192621.921875
225.1240997 395513.53125
241.0814362 214717.125
242.1503601 2030452.5
259.0930786 313275.0625
286.1509705 381423.09375
303.1774597 313118.125
370.1263428 362056.46875
416.2610168 882756.0
458.2197876 1243192.375
458.7278137 221500.984375
547.3042603 1031240.0
548.3048706 219048.25
602.866394 219819.234375
676.3432617 1222060.375
677.3462524 319476.9375
787.3605957 220792.71875
805.3887939 3223641.25
806.3826904 1174243.375
807.3894653 367604.9375
916.4177246 462304.96875
