1061.61781826198 2
74.06052399 12889.619140625
76.7434082 10573.1181640625
84.04512024 23346.921875
84.08148956 24433.451171875
86.09716034 395983.25
87.1002655 20274.384765625
92.03435516 12335.5048828125
102.0554886 24686.751953125
104.0534286 240563.28125
110.0718536 44623.56640625
112.0872421 14528.119140625
120.0810547 198010.859375
127.0874176 14275.408203125
129.093811 12951.13671875
129.1017609 96214.2734375
130.0647888 10630.447265625
130.0864563 15744.2978515625
133.0430145 15145.23828125
136.0759583 177499.78125
137.0791626 11569.84765625
137.8787842 12024.0693359375
141.1027832 12671.9736328125
143.11763 12300.01171875
147.1127319 43961.3984375
155.1178284 14427.6005859375
157.0972137 17508.00390625
158.1002502 275026.75
159.0917053 19141.2265625
159.1131134 52821.75
166.0321198 10948.0986328125
166.7977448 12189.04296875
173.1286774 16652.205078125
175.1193848 134028.0625
183.149231 81542.6953125
185.1278992 12004.0146484375
187.1072998 78046.5859375
201.1227722 15000.8623046875
203.1213531 552522.0
203.1394043 22453.33203125
204.1251984 26225.376953125
209.3031921 12067.869140625
211.1435089 78532.3671875
213.0873871 13928.0068359375
215.1387787 12461.970703125
217.1356506 26423.033203125
231.1169891 95000.9375
233.1667633 10552.8876953125
245.1288757 24171.556640625
260.197876 22136.40625
261.1598206 27474.07421875
262.1555481 13562.1025390625
283.1456604 45963.3828125
284.3486328 12580.7685546875
288.2033386 12649.591796875
300.1387329 65354.0703125
300.1934204 19930.689453125
305.1607056 42095.86328125
318.1466675 16184.3515625
322.1867981 41386.19140625
358.2139893 17455.15625
397.2449341 15523.685546875
401.2912598 14045.2265625
426.2459717 17395.26171875
450.5666809 13170.8662109375
491.1965027 26158.888671875
498.2712097 14919.642578125
515.2957153 66813.28125
516.3077393 19926.140625
532.3265381 207052.171875
533.3255005 48229.90234375
645.413147 102512.8046875
646.409729 41748.1796875
744.4755859 23918.126953125
745.4891357 14932.1474609375
796.472229 15673.5888671875
831.5072021 307104.28125
832.510376 192786.625
833.5078125 48118.1796875
879.7213135 14645.7568359375
930.5744629 23426.228515625
931.5752563 16475.46875
1019.789429 14167.4921875
1087.004517 14103.0361328125
