1774.82529956992 2
122.5792007 6012.291015625
129.102005 46010.92578125
130.0657196 7222.677734375
133.0428314 10774.7490234375
136.0672913 10503.779296875
136.0758972 139247.046875
139.320282 7462.587890625
141.1022186 13091.259765625
143.1175995 8244.09375
147.112381 19912.728515625
158.0919037 15913.0283203125
158.1676788 6818.6997070313
159.0769653 15425.6474609375
159.0918427 45863.19921875
167.0810089 11727.064453125
169.0966492 67819.453125
170.062973 8116.7338867188
175.1187897 71655.5
183.1127625 57072.6953125
183.1496887 12247.1875
186.1235046 11932.333984375
187.1075439 17486.306640625
200.1396179 20184.25
201.1239471 18769.60546875
202.0854492 48753.15625
218.1503601 15424.9189453125
219.1127625 12023.04296875
226.0827789 10089.626953125
228.1338348 45080.0859375
233.0940857 18725.9453125
246.1247559 174302.65625
247.1077118 155369.25
247.1289825 15495.068359375
248.1112061 15234.546875
249.1602325 19738.10546875
254.1495819 21828.681640625
258.1451111 19556.501953125
259.0915833 12202.701171875
264.1342773 211069.203125
274.1192627 142822.015625
275.1257019 13317.947265625
282.1809692 13077.2509765625
287.1359558 14459.138671875
288.2037964 11922.8740234375
292.1297302 134933.3125
299.1737976 9998.052734375
300.1364746 20007.595703125
300.1711426 11630.8544921875
325.1882935 20272.025390625
328.1732178 11267.2119140625
331.236908 15571.767578125
346.1758118 14541.62109375
362.1348572 14366.390625
373.1837463 12299.0625
383.1753235 93454.671875
387.2051392 24540.44921875
388.1882935 51708.83203125
397.2116699 15530.1611328125
401.1847229 82763.015625
402.1876831 15815.408203125
405.2136841 62029.19140625
417.9306335 11114.8759765625
432.2815857 12613.322265625
450.2000427 13420.17578125
454.2167053 13393.2490234375
456.2282715 16311.5048828125
457.2085876 123129.375
469.4251099 11616.2900390625
475.2225342 15645.037109375
486.2783508 17545.251953125
496.2597046 59762.08203125
497.2629395 18398.595703125
514.2709351 51741.5703125
528.2532349 24853.91796875
539.2680054 16047.2138671875
545.2677612 23780.37890625
562.2768555 94362.9765625
567.3019409 15340.068359375
585.3135986 19371.77734375
681.2852783 12723.580078125
691.3248291 58805.6640625
692.3268433 19769.98046875
731.4138184 212126.234375
732.4160767 63241.59765625
801.3771362 25930.193359375
844.5024414 103473.7890625
845.5040283 26966.44140625
854.3825684 111729.9453125
855.3929443 26763.134765625
870.4795532 23469.412109375
887.5393066 75997.671875
888.5164185 20265.25
985.4210815 160533.40625
986.4300537 47769.265625
987.4310303 23596.837890625
1095.478394 18285.001953125
1096.457397 61950.9921875
1097.473145 19666.609375
1113.476929 144500.15625
1114.488037 103086.453125
1115.485107 64773.1171875
1212.544312 142496.90625
1213.547729 73460.71875
1214.546631 25420.154296875
1283.571655 53679.79296875
1284.586914 60334.19921875
1285.58313 23269.494140625
1353.630249 22850.455078125
1370.621948 235962.8125
1371.622314 147172.046875
1372.611816 59966.96875
1483.707275 94822.2890625
1484.687988 87643.2265625
1485.698975 25003.1796875
