3400.54520488181 3
235.1184235 9115.0498046875
237.1241302 7429.0673828125
238.3880005 6772.2309570313
260.1970215 8054.3901367188
263.0852356 16001.4228515625
265.1183472 12259.4501953125
272.1726379 15212.98828125
280.1109314 100229.8984375
299.3347168 7181.8911132813
308.1075134 57359.24609375
309.1117859 7366.8247070313
312.1177368 7582.1547851563
352.1658936 14300.31640625
365.1277161 171827.609375
366.1309204 17860.59765625
367.1681824 9032.8681640625
371.2284546 16942.32421875
407.3961487 8660.07421875
427.1495056 10145.0341796875
469.2096558 8253.8154296875
484.2015991 66265.6796875
485.2037048 11251.9462890625
512.1965942 34161.54296875
530.2371826 12718.8212890625
531.9029541 9308.6328125
565.2654419 15307.6611328125
571.3173218 41769.8671875
677.2880249 16034.51953125
703.3980103 11476.666015625
715.3399658 14212.7021484375
754.9161987 49620.5234375
755.4200439 13273.943359375
760.4209595 50490.52734375
761.4212036 13855.62109375
772.3561401 12100.75
772.8499756 10997.69140625
803.9108276 12969.994140625
804.4089966 14524.068359375
875.4514771 18391.31640625
974.5170898 11066.0673828125
1020.478455 11421.7119140625
1045.558594 33325.11328125
1047.581177 11816.029296875
1090.596558 12644.8583984375
1092.567139 10357.447265625
1112.051514 72919.5078125
1112.549805 85917.296875
1113.046997 75364.125
1113.546997 31309.091796875
1118.536743 10952.84765625
1125.038574 16383.3818359375
1125.546753 31401.44921875
1126.046753 19131.837890625
1133.600586 66723.2734375
1134.049316 45883.2421875
1134.585083 90814.234375
1135.011475 12316.9775390625
1135.618896 68443.390625
1279.660889 74891.7421875
1280.668213 45545.85546875
1310.703979 30119.041015625
1367.692505 31045.474609375
1437.747925 33515.16796875
1438.736816 34990.85546875
1446.193237 10930.8251953125
1499.821289 13176.76953125
1508.781494 18188.783203125
1509.774902 18366.56640625
1583.72644 16567.9609375
1584.744385 14649.4677734375
1639.809937 16011.740234375
1696.822144 17733.224609375
1697.847412 11945.544921875
1710.858521 12600.068359375
1711.851685 31408.8203125
1712.820068 16891.123046875
1781.855469 13999.755859375
2679.254883 13329.841796875
