1246.64317788741 3
88.04003143 194613.578125
102.0556946 439062.03125
110.0719681 367724.125
116.7449646 91804.4921875
120.0809631 983249.0625
127.0868378 347722.8125
129.0660553 117581.7109375
129.102417 1148433.75
130.0505524 93137.171875
130.0654144 199509.265625
130.0867004 430671.8125
132.0810699 411948.78125
136.0755768 123819.7578125
141.5615234 94113.2734375
147.1129608 420276.34375
158.0609741 126300.0625
158.0938873 138657.375
159.0918274 1450293.375
160.0957642 111570.1953125
170.0603943 472228.125
171.1495361 1460029.5
172.153717 125532.671875
175.1196594 1074608.125
186.1285248 140868.296875
187.0865326 379423.78125
199.1453094 182572.703125
201.123642 667180.8125
213.1388855 164748.921875
229.0987396 104393.0078125
229.1182251 164437.28125
240.1333313 91282.4375
241.0821991 109387.0234375
241.134552 830889.9375
255.6087952 98511.3125
258.1638489 1011325.9375
272.5756836 90810.640625
276.1567383 176959.375
286.1543274 358784.0
294.1308594 122488.984375
303.2150879 1854238.875
304.2150879 122549.1484375
391.182373 172159.9375
471.0425415 114529.203125
505.2746582 357306.90625
561.2841187 103780.2734375
634.3154297 453044.1875
654.2431641 103216.0546875
745.3482666 154066.125
746.3237915 111804.4765625
763.3602295 1094882.375
764.3552856 424802.84375
839.7752686 135500.328125
862.4179688 498449.28125
