1898.92026450441 3
131.0815277 29418.919921875
136.0755615 14833.783203125
138.0912933 14230.509765625
144.0778503 4904.9252929688
147.1124573 39397.7890625
149.0745544 11203.7412109375
152.0821075 9014.177734375
155.1177826 14806.201171875
157.0971985 36973.99609375
157.1085358 8975.46484375
158.0926819 39347.8125
159.0762939 19238.794921875
159.1123199 5481.9633789063
166.0977478 6653.95703125
169.096817 11864.7919921875
171.1494751 287936.0
172.1075745 5970.3588867188
172.1524811 12718.4775390625
173.0917053 13877.9375
175.1188965 62902.86328125
179.0926819 7478.0751953125
180.0746307 6132.3154296875
182.1294556 76459.65625
183.113327 103117.6796875
183.1280518 10825.0703125
187.1075439 12208.3916015625
187.143631 6447.07421875
197.1035767 17200.5859375
199.1446228 116377.921875
200.1395874 101340.1640625
201.1428528 7365.244140625
210.1235809 30694.208984375
211.1085052 38547.4609375
215.1141052 35665.4296875
216.0966797 8105.3657226563
225.0982971 62589.14453125
226.1204071 9074.9609375
227.1048584 8063.2524414063
228.1348114 112609.671875
229.1373138 6290.5751953125
232.1408844 405290.53125
233.1435547 43542.12890625
234.1421051 7663.3989257813
239.1138306 16886.357421875
240.1343384 15000.626953125
243.0805969 9732.67578125
244.0907135 8790.37109375
255.1414795 8385.087890625
256.1300354 12962.6259765625
260.1074829 158256.421875
260.1977234 40979.875
261.1088562 31890.091796875
261.2009888 11752.666015625
280.1286011 18295.87890625
286.6503296 8359.3701171875
297.1561279 15994.3662109375
298.1411743 33632.44140625
308.1361694 15446.0478515625
309.1916809 12025.4619140625
315.1664734 10663.662109375
323.1741638 14763.1103515625
326.1444092 12345.978515625
327.2029724 179795.5625
328.2072754 38608.91015625
331.1261292 11308.7802734375
347.1678162 211744.4375
348.1706848 18882.611328125
351.1712646 13178.3974609375
368.1905518 7697.3491210938
369.1786499 11406.19921875
373.1912842 105652.8671875
373.2810669 30084.861328125
374.1945496 39228.86328125
382.6699219 11838.0458984375
397.1482239 9770.544921875
423.1658936 9294.5712890625
424.1906128 9339.791015625
430.1956177 11272.51953125
440.1902466 10352.7392578125
445.1686707 10156.703125
450.1763 15012.0830078125
462.1955261 43237.1015625
468.7136536 8724.2431640625
476.2609253 17575.708984375
480.186615 10464.5224609375
487.282959 9840.353515625
493.7463684 16552.71484375
498.2020569 9500.0390625
519.7520142 65376.0625
520.2548828 17478.265625
527.2211914 33930.04296875
528.7611084 18819.787109375
529.2644043 15262.3330078125
537.2056274 10938.0517578125
540.2434082 15049.0166015625
541.2489014 11514.2919921875
542.274292 30129.10546875
551.2216187 10476.5576171875
555.2149048 32772.5703125
563.2444458 146937.421875
563.7718506 12835.0263671875
564.2484741 32111.76953125
569.2300415 14350.109375
571.3172607 17307.962890625
572.2749023 37564.625
572.7738647 18528.029296875
591.288147 12656.7744140625
621.2752075 9759.66015625
626.2978516 10202.6396484375
632.3858643 108076.5859375
633.307373 96792.171875
633.3852539 105334.96875
634.2947388 17144.375
634.3816528 35492.546875
640.270874 16714.21484375
649.3033447 40131.90625
649.7970581 31685.14453125
656.2662964 12324.53515625
658.3009644 45435.50390625
658.7988281 32618.892578125
659.2996826 11040.53125
676.3271484 155140.5625
677.3276978 37451.6640625
684.8136597 30020.056640625
685.3129272 15601.60546875
691.2908936 10227.619140625
693.8192139 29505.91015625
694.3184204 32751.556640625
727.3125 12396.607421875
728.3253784 82860.5703125
728.8311157 65832.4453125
729.3377075 30481.642578125
737.3303833 134937.203125
737.8348999 95662.40625
738.3377686 40329.23828125
742.3236694 10690.9658203125
747.364502 214883.328125
748.3666382 62120.34765625
749.3737183 12379.107421875
777.8641357 16196.0859375
778.3599854 15649.4921875
780.3483276 12574.0810546875
786.8746948 61181.8203125
787.364563 59441.39453125
798.3319702 14575.9306640625
818.4008789 301797.75
819.4035645 102696.78125
820.4012451 15450.1064453125
833.3809204 18420.728515625
833.8770752 28283.236328125
834.3863525 15720.291015625
841.8929443 33761.40625
842.3890991 51122.80859375
842.8858643 36029.2421875
866.3560181 13548.3125
875.4328613 11278.57421875
901.4389038 35880.75
911.4208984 18402.44140625
919.4501343 329296.65625
920.454834 146529.703125
921.4561768 50158.05078125
922.4574585 10152.330078125
929.4376831 16933.455078125
986.4884033 43609.703125
1012.465393 10663.4658203125
1038.501587 16591.955078125
1056.500244 57117.6953125
1057.513184 29986.16015625
1083.544312 62113.7421875
1084.521118 14093.5869140625
1143.535889 59038.30859375
1144.55249 34117.69921875
1145.535767 12364.10546875
1243.526245 11552.77734375
1315.578003 37495.20703125
1316.581909 16538.478515625
1473.659302 50228.859375
1474.665527 36396.6015625
1700.822021 10114.203125
