1460.79945928071 3
101.0715179 132974.90625
101.107666 13870.615234375
104.0533142 47643.4921875
113.0709915 52353.8125
116.0708923 13365.7314453125
120.0810699 383541.875
129.06633 24237.439453125
129.1025391 269302.40625
130.0506287 12296.8525390625
130.0865479 99530.390625
130.10495 11362.568359375
133.0612488 21143.009765625
136.0758667 55881.91796875
141.0658569 14669.92578125
147.1129303 189738.484375
157.0970917 100602.484375
157.1337585 146894.90625
158.0994415 11134.9609375
169.1340027 21046.521484375
171.1122894 12363.416015625
173.1284637 43259.75390625
175.0718842 20735.416015625
175.1192169 54464.38671875
176.1067505 18146.056640625
179.096344 11968.4404296875
183.1130524 14847.46875
185.0925293 51192.8671875
185.1286774 95126.78125
186.0942841 12535.07421875
187.1440735 15041.4677734375
197.1285095 88600.3046875
199.1442108 11940.7412109375
199.1806335 312709.78125
200.1838074 23883.40625
201.1237946 56410.66796875
203.0666962 26841.94140625
209.1288605 12062.947265625
213.1609802 12974.1337890625
214.1542816 11530.494140625
215.1393585 129291.1796875
221.1286926 341942.84375
222.132019 50180.72265625
225.1242523 12117.90625
226.1550903 142141.75
227.0638885 12918.794921875
227.1392212 13725.9111328125
227.1755066 167445.984375
228.1786804 13428.7919921875
229.1181335 24524.935546875
231.1126556 22475.091796875
235.1086578 39390.3671875
242.1498718 16272.8720703125
244.0930328 100501.328125
244.1401978 23017.212890625
244.1657104 631348.6875
245.1686554 68333.9140625
249.1237335 127573.8203125
249.1589966 15996.072265625
250.1269531 13072.3515625
259.1087036 12715.2705078125
260.197937 18750.4296875
263.1036377 58718.375
280.1281738 15406.0849609375
282.1087036 14833.94140625
288.202179 16737.0078125
294.1825562 11545.4150390625
296.1637268 11922.140625
296.1990356 14366.4189453125
300.155304 49376.35546875
302.1354065 11252.6357421875
310.212677 90700.3671875
312.1553955 21418.8828125
313.186554 44090.07421875
316.1500854 21312.53125
328.2234497 59367.39453125
329.2253723 13192.4951171875
331.1976929 330353.96875
332.2012939 26595.080078125
340.1508789 19831.0859375
346.1396179 23163.037109375
354.170166 12024.8759765625
357.1774597 54354.0078125
364.1509094 155682.8125
365.1504822 18622.46484375
381.1758118 47400.66015625
387.1887207 13210.900390625
391.1608887 55994.27734375
427.2410889 14386.02734375
428.213562 103044.8984375
429.2848816 22342.841796875
446.2253418 157578.9375
447.2248535 48392.8828125
457.2772522 16875.85546875
459.2232971 55331.87890625
472.3252563 24040.15625
477.2353821 26130.853515625
492.2079163 19424.05859375
494.2597046 13177.2939453125
541.2931519 53122.8828125
559.3098755 259711.765625
560.3139038 73449.5859375
572.3029175 17746.07421875
577.2907715 16781.6796875
587.2764282 26609.287109375
587.3605347 16165.921875
590.3130493 71536.1484375
591.3126221 16593.587890625
605.2907104 42617.6953125
607.343811 24527.6484375
612.335083 48074.80859375
630.3461914 439376.6875
631.348938 142799.703125
632.3501587 46705.4609375
656.3455811 20910.630859375
672.4621582 40945.71484375
687.3552856 126725.578125
688.3522949 44340.54296875
700.3605957 51998.15625
701.3637085 19830.697265625
734.4157104 50800.9921875
743.425293 61132.5
744.428772 24480.91796875
745.4328003 15248.9814453125
759.2351685 13150.619140625
854.4516602 13142.861328125
871.4820557 16670.0
986.5101318 25643.9921875
987.5041504 18795.919921875
1291.352173 14418.45703125
