1245.50233815568 2
86.09721375 210502.828125
88.03993225 65348.3359375
91.05498505 126036.3046875
97.15493774 16180.0576171875
99.05603027 17392.13671875
101.0714722 100334.5
102.0557175 22821.046875
110.0718536 109143.859375
112.0872116 25541.24609375
113.0719452 18710.255859375
115.0868607 81183.5703125
116.0710144 26414.6484375
119.0496826 58147.08203125
120.081131 152599.9375
129.0646973 17164.75390625
129.1025696 243188.3125
130.0867157 79715.6328125
131.0908051 20542.333984375
133.0432129 23676.630859375
136.0758972 903182.9375
137.0794067 134308.828125
141.0658722 349507.125
143.1181335 78451.9296875
147.1128693 170944.1875
155.1181793 15922.9482421875
157.0975189 28565.38671875
158.0932312 87475.703125
159.0765533 383284.53125
159.1133881 19170.8515625
169.0607452 18166.345703125
171.0765686 36510.89453125
171.1140442 19142.822265625
175.1191101 244727.25
178.0655365 16264.9072265625
178.0863953 110932.078125
185.0559235 36008.0859375
185.0925751 22602.462890625
187.0716095 524150.0625
187.1068268 55613.70703125
189.0864258 19087.65625
189.5956116 16659.142578125
193.0978699 36181.4609375
199.0724487 18043.333984375
199.1074524 38824.12109375
208.0723419 19146.875
213.0871735 60070.8515625
215.1026154 20759.27734375
217.0822906 92304.1640625
221.0923615 22817.734375
223.1078186 203988.109375
224.1114044 30459.998046875
225.0984344 70527.9609375
230.1135559 67615.1640625
231.0614471 105527.2890625
233.0922394 73227.8359375
240.1344299 19186.734375
245.0775299 130177.1171875
245.1249847 93512.359375
246.0810089 23185.447265625
246.1289673 31315.216796875
246.1817627 87419.6796875
249.1233673 16284.18359375
251.1034088 88292.546875
252.1053162 24094.9140625
256.0939941 18140.169921875
258.1089172 21465.01953125
258.1430359 28682.048828125
262.151947 117507.8828125
284.0874939 82138.2109375
284.1238708 68518.7578125
286.1036987 17938.615234375
302.0989075 553455.875
302.1326904 39600.41796875
303.1029663 34069.40234375
304.1137695 17810.619140625
309.1184082 24253.662109375
316.1156921 24064.06640625
316.3410339 17188.92578125
327.1296692 66850.546875
330.0887146 16796.734375
334.1409607 23456.21875
344.146759 18717.177734375
345.1464539 21291.306640625
357.2135925 26482.197265625
392.1463623 15842.1611328125
399.1145325 28104.794921875
403.1806946 33905.6171875
425.2112732 28540.00390625
449.1639404 26725.82421875
482.236145 376453.09375
483.2398987 65377.0546875
484.2435913 18462.37890625
488.1634827 22497.5703125
490.2467041 23568.712890625
491.2516785 34405.74609375
542.331665 24783.900390625
591.3408813 17474.380859375
608.0363159 18865.380859375
620.3240356 19496.654296875
622.2764893 70664.8671875
629.3054199 394276.3125
630.3077393 187219.59375
676.34552 87760.3203125
677.3621216 123637.78125
678.3574829 49706.50390625
729.4268799 62240.2890625
740.3335571 86025.25
741.3257446 28128.185546875
747.402832 28916.0234375
758.347229 275493.90625
759.34552 143253.984375
775.399353 23741.580078125
776.4130859 21577.21484375
792.3751831 89942.046875
873.3707275 301154.84375
874.3746948 128556.7109375
944.4086914 168669.15625
945.4072266 69769.0390625
992.493042 71025.578125
993.4777222 23852.0546875
1018.46875 21868.318359375
1059.437378 141313.703125
1060.427612 74084.8671875
