1250.68941332121 3
87.05600739 20999.220703125
87.1004715 17226.94140625
88.04004669 3821.6794433594
91.05476379 3311.4250488281
93.07070923 2377.0412597656
95.04993439 3837.7021484375
97.06562042 5222.3393554688
98.0608139 3016.7810058594
99.0443573 2356.6962890625
101.0715179 4550.9033203125
101.1077728 4177.548828125
102.0552139 5189.0405273438
103.0549469 19575.0546875
104.0531921 3647.6120605469
105.069809 2190.2722167969
109.0653687 4030.6032714844
115.050621 5049.2763671875
116.0710297 14514.751953125
119.0855331 2563.0517578125
120.0811768 378789.28125
121.084671 28441.6640625
123.0804596 4122.7788085938
127.0504456 65323.34375
129.06633 2568.0861816406
129.1024933 168429.15625
130.0657349 4923.1518554688
130.086319 37127.24609375
130.1066742 3108.8994140625
132.1023407 8568.5478515625
133.0424194 2430.595703125
133.0612183 4449.3754882813
136.076004 11866.23828125
138.0186005 2549.6508789063
139.0762329 2479.6340332031
141.1026154 13016.9140625
143.0821381 10379.193359375
144.0777435 3617.783203125
146.0636292 2488.3369140625
147.112854 55482.109375
155.0452576 43457.71484375
155.0819397 2421.9675292969
157.0974426 57804.10546875
158.0915985 3396.6330566406
163.0870972 3491.5783691406
165.0911865 2865.4772949219
169.0851135 5323.05078125
169.0977478 20321.357421875
171.0768433 4485.177734375
171.1152496 2714.0539550781
171.1495056 9822.4755859375
172.0718231 88375.9375
173.0754547 4410.4365234375
173.1292572 14563.2529296875
174.0583649 2288.1071777344
175.0869293 9287.41796875
175.119278 32342.599609375
181.0977783 10611.5087890625
183.149704 18556.666015625
184.0719299 3486.1428222656
185.1305542 3343.1435546875
185.1654358 25958.484375
186.123764 36894.4453125
187.1083679 4272.6279296875
187.1251068 2444.7080078125
196.1129761 2608.107421875
197.1299133 3143.7272949219
198.1251373 2669.3811035156
199.1434631 4157.2573242188
199.1813202 11357.5966796875
201.1238556 14150.5400390625
204.134491 131871.75
205.1377716 5534.0717773438
207.1130066 12817.2373046875
208.115036 2378.9899902344
209.0920563 14838.380859375
211.1447601 25596.48046875
212.1033173 13060.412109375
213.1605682 10098.046875
214.1188965 12877.0498046875
215.1215668 3185.7026367188
217.0978851 26563.92578125
223.1077576 2977.4174804688
226.1188507 69996.1953125
227.1216583 11900.017578125
227.1753082 3743.9104003906
228.13414 3403.6005859375
228.1726227 2536.1684570313
233.1650848 23447.650390625
234.1239319 39912.0390625
234.1664124 3624.5915527344
235.1075439 3442.6333007813
235.1286621 3512.1413574219
238.1195831 26309.0546875
240.1350861 3299.0241699219
240.1702728 2770.1716308594
243.1464844 3459.5109863281
244.1298065 3289.6125488281
245.0924072 24546.822265625
246.0951996 2784.8288574219
246.1543732 3972.8449707031
253.1296387 2855.0046386719
254.1134186 19756.91015625
256.1656189 35257.8125
257.1677551 3243.4672851563
260.1047058 3262.9370117188
261.1598511 15179.51171875
262.0912781 4189.552734375
262.1189575 89186.2578125
263.1229553 14697.40234375
266.1155396 3147.3525390625
266.1499023 2348.3344726563
266.7232666 2527.9663085938
271.1411438 33424.98828125
271.1690369 3958.1782226563
280.1671753 3357.0366210938
283.1398926 34187.33203125
285.1541138 2958.7006835938
289.0960693 3782.5283203125
291.1965637 3087.8286132813
298.1476135 3350.4904785156
306.9449158 2601.4204101563
308.1604919 11978.1630859375
310.2138977 2590.623046875
311.1349182 109800.078125
312.1388245 18392.80078125
319.1409912 11187.537109375
325.1863098 23590.560546875
328.1625671 31864.541015625
329.1649475 3383.3901367188
333.1934204 3362.5461425781
339.2041931 2536.880859375
342.2082214 3142.3515625
351.2027588 114405.921875
352.2057495 26135.287109375
353.181427 2962.9418945313
361.1894531 9106.267578125
364.1660156 2944.9396972656
365.184845 16882.478515625
370.2095642 9718.150390625
375.1627502 2695.3972167969
375.2009888 22085.220703125
376.206665 3783.3706054688
382.2088318 52039.296875
383.2104797 3302.6840820313
392.1989136 2760.3828125
399.2358093 15386.541015625
400.2396851 4096.2451171875
403.1968384 8977.01171875
409.1861877 12875.279296875
410.2034912 69878.375
411.2060547 14640.0126953125
413.1799316 3113.65625
421.186615 2800.5969238281
427.2313232 34746.8984375
428.2331543 4258.6616210938
430.2084656 9781.1767578125
431.1960449 3752.146484375
448.2185364 41862.9921875
450.2452393 3164.9880371094
464.2475891 2703.0166015625
465.2460632 78432.1953125
466.2497253 19075.052734375
467.254364 3117.5920410156
476.2130127 4496.1005859375
478.2683105 10547.0673828125
481.2772827 20358.5703125
482.2796021 3022.7377929688
498.3072205 3712.3898925781
509.2728577 33004.390625
510.2741394 10346.42578125
514.3724365 4020.5185546875
523.2868652 3900.5070800781
526.3010254 2902.1206054688
527.2976074 3558.4484863281
564.2871704 13720.953125
565.2861328 3482.8305664063
591.3546753 4389.2436523438
595.2879639 15311.4541015625
612.3148193 105338.9296875
613.3173828 29362.521484375
614.3223877 4996.8715820313
622.3562012 4146.7612304688
643.4139404 9356.8837890625
644.4169922 4082.9338378906
677.3729858 12627.3994140625
679.3637085 3344.7724609375
699.9071045 2446.3774414063
725.3967896 43987.61328125
726.3978271 13515.6708984375
727.3963013 4198.2421875
824.4632568 15074.4755859375
1138.594727 3319.6188964844
