1810.89558397093 2
126.7035599 6039.7861328125
127.0866165 7989.2451171875
129.1019287 9736.2412109375
134.6493835 5348.9799804688
136.0762024 62204.984375
147.1124725 15734.5654296875
155.0811157 10523.130859375
158.3707428 6242.599609375
169.09729 8796.1044921875
175.1188507 38956.9296875
176.1352692 6716.7885742188
183.1493683 77979.859375
184.1521149 7280.6625976563
189.0869598 7538.05078125
191.9839325 6026.2802734375
195.0773468 7468.5727539063
201.123642 10715.654296875
211.1430817 15229.4501953125
212.1034851 9773.2265625
214.1537628 6839.0356445313
226.1193848 10388.7646484375
240.098877 14644.6865234375
240.1716461 9752.029296875
258.0501404 6852.5756835938
258.1083069 30567.337890625
258.1678467 7994.8120117188
268.1641541 8709.416015625
269.2180176 6852.5009765625
282.181427 10096.4033203125
318.1459656 10912.859375
328.4868469 6484.9384765625
339.2035828 13997.6552734375
355.1637573 9221.875
373.1807861 11534.5615234375
390.2093201 9840.0439453125
395.1886292 8922.62109375
397.2082825 19010.22265625
403.2356567 11166.6171875
421.1712646 35588.18359375
518.2697754 65537.421875
530.2766724 13345.453125
547.2980347 71987.8125
633.2971802 11032.4169921875
660.3833008 11661.8681640625
780.3685913 9952.61328125
796.3661499 39670.140625
797.361084 15589.484375
895.4309692 37176.9296875
896.425293 11691.3818359375
898.458374 10039.8095703125
911.5592651 10674.2158203125
1008.511902 12511.4970703125
1013.534607 11780.255859375
1039.603149 11362.080078125
1064.531982 46676.87109375
1065.548706 14377.25
1095.539063 109934.2109375
1096.541504 59539.83984375
1097.546387 12642.0673828125
1194.599365 37685.4453125
1195.597412 15604.9970703125
1234.612549 13107.5517578125
1291.666138 80466.0234375
1292.657471 45691.625
1293.655884 12817.693359375
1309.631104 51659.40625
1310.645752 34153.890625
1380.682739 56161.19140625
1381.687012 32200.7109375
1382.68103 15984.6171875
