1057.62430799174 2
74.0609436 29473.5859375
83.06127167 8918.54296875
84.04518127 93367.296875
84.08150482 158993.90625
84.1921463 8498.490234375
86.09718323 1295888.5
87.05587769 31437.544921875
87.10031891 89747.609375
88.04018402 13967.6923828125
89.11073303 7240.2998046875
91.05505371 33230.484375
97.04075623 6546.16796875
101.0714951 83809.1796875
101.1076279 9782.5029296875
102.0556412 59584.98046875
103.0550842 14279.037109375
104.0535507 30188.947265625
110.0719757 86530.96875
112.0875244 42564.17578125
112.5651855 6914.6142578125
113.0712814 14017.15625
115.05056 39662.8046875
115.0866623 9721.009765625
116.0711746 37792.109375
119.0497513 10806.8349609375
120.0812073 631173.3125
121.0196762 8411.8173828125
121.0846024 192932.046875
122.0879974 8003.2016601563
127.0505524 65914.796875
127.0872192 11278.623046875
128.0545502 8503.623046875
129.0662384 29474.65625
129.1026306 174252.578125
129.1117706 14160.18359375
130.086441 47555.41015625
130.095993 7362.3681640625
130.1063232 13360.955078125
131.1180267 12759.591796875
133.0433044 52970.23828125
135.0387573 38532.9921875
136.0759888 417448.9375
137.0792236 40992.29296875
141.065918 28050.4296875
141.1027679 8745.1943359375
143.1183472 52071.890625
145.0609283 38194.6796875
147.1126862 99903.1015625
155.0813599 11044.0205078125
157.0975647 13787.513671875
157.1339569 39639.7265625
158.0928345 57035.30859375
159.0779114 11865.439453125
159.0920563 46841.32421875
159.1126404 9799.0302734375
165.1023407 93900.8515625
166.0620117 14560.357421875
166.1056061 34746.48828125
169.1336212 11678.2978515625
171.1132813 37535.1640625
172.0720978 111060.5078125
173.0561371 39726.07421875
173.0922852 13303.23046875
173.1289825 15202.734375
175.119339 200907.421875
176.1234131 13079.6708984375
181.0969391 10435.439453125
183.113739 35604.94921875
185.0915833 9489.5673828125
185.1651764 581201.0
186.087677 9091.7861328125
186.1244354 31421.421875
186.1688385 72617.1484375
187.1088562 9014.2314453125
187.1447296 32901.61328125
191.1177979 13809.00390625
193.0970764 16155.240234375
198.0870056 11485.451171875
199.1078033 14178.9853515625
199.1807098 165821.09375
200.1397705 12282.048828125
200.1838226 31360.31640625
200.7832184 8542.181640625
201.1235352 16880.048828125
204.1346588 110747.125
205.1342316 7119.3999023438
207.1135101 14372.6689453125
213.1600342 349823.84375
214.1643524 55044.55859375
215.1156616 64820.82421875
215.1394501 49414.46875
217.1185303 8686.015625
221.1294098 9373.646484375
223.1091614 9566.8251953125
223.1553802 10761.7705078125
225.1005402 8262.609375
225.1243896 8588.619140625
227.175293 80129.703125
228.1348419 40950.26171875
228.1776123 11414.541015625
229.1191406 12876.384765625
232.1411133 68520.3203125
233.0937653 9479.55859375
233.1439972 29480.23828125
233.1659546 12996.2412109375
234.1456604 7409.1245117188
235.1079254 18128.775390625
239.1159515 8285.7001953125
240.1347961 11776.9384765625
242.1498413 27356.677734375
243.1099701 28264.16796875
243.1341095 32903.40234375
244.1306305 17412.19921875
244.1674347 25480.087890625
245.1238098 8972.6796875
246.1266327 17349.369140625
247.1307068 11958.1845703125
248.123703 35002.00390625
249.1226349 12080.8076171875
249.1368561 8431.5087890625
249.1598969 100913.5234375
250.1631012 8124.2036132813
251.1506348 41862.11328125
257.1399536 34828.53515625
257.1629333 9781.4033203125
258.1457214 32064.041015625
259.0904846 8138.2836914063
260.198822 15256.3896484375
262.1511841 38937.3359375
268.1078491 62698.12890625
274.1216431 13804.037109375
275.1257629 14313.779296875
275.1704712 11048.310546875
277.1549072 16883.529296875
281.2223816 27723.576171875
282.1816101 9966.58984375
285.1342773 217902.609375
286.1376343 63081.08203125
290.1152039 15589.6572265625
290.1479797 8085.1137695313
292.1286316 11409.2529296875
293.6757507 7414.6787109375
299.1010742 15756.935546875
299.1381836 12398.091796875
303.203186 32281.873046875
308.1057739 13316.9892578125
315.1914368 7748.1645507813
317.1095581 15400.9697265625
319.1408691 10652.4716796875
320.1234131 11281.36328125
326.2452698 52569.15234375
327.1342468 27759.126953125
331.2103271 54004.56640625
332.2106628 31204.154296875
357.2212524 9139.271484375
360.2247314 44447.34375
361.1512451 11175.9853515625
371.2284241 12030.5078125
374.2379456 9091.8779296875
375.2368774 29866.98046875
378.177887 13400.6728515625
388.1828918 30652.880859375
390.1490784 9056.48828125
391.1964722 9050.3017578125
398.2177734 44702.46484375
399.2209473 10116.873046875
412.1823425 9150.3740234375
416.1789246 30770.9453125
430.1959534 11106.4091796875
441.2541809 8491.427734375
442.2518921 16008.9736328125
443.2434998 13273.390625
447.2580566 102405.84375
448.2612 28749.0625
459.2663879 69316.5234375
460.2701721 93205.4296875
461.2712402 46925.61328125
462.2722778 13335.9345703125
486.3626404 7901.11328125
488.3196411 72151.8203125
489.3231812 15144.59375
501.2639465 8987.6328125
529.2606812 33778.69921875
537.3024292 9503.3115234375
543.2822876 9123.31640625
550.2304688 9006.935546875
551.234314 11812.310546875
551.3505249 9825.728515625
562.2796021 13489.1279296875
572.3497314 41141.17578125
573.3580322 96408.2890625
574.3577881 95691.25
575.3585815 43268.796875
619.3056641 160880.6875
620.3048096 50655.48828125
621.303772 11438.322265625
642.3422241 8035.8657226563
651.3846436 98146.015625
652.3826294 35540.984375
717.3527832 8596.4130859375
732.3890991 139455.921875
733.3948364 93515.1953125
734.3895264 66270.2109375
735.3848267 92353.0546875
736.37854 38217.328125
737.9385986 7654.3696289063
814.4415283 62280.36328125
815.4423828 30517.455078125
845.4719849 93424.640625
846.4760742 69823.640625
847.4788818 11540.8916015625
882.4474487 10618.4814453125
892.2797241 8918.115234375
