1925.05676992857 3
175.1184082 24283.357421875
183.1482391 21340.84375
199.9516144 7189.9311523438
210.0254059 70064.390625
213.8507538 7615.236328125
215.1386414 15386.658203125
237.0149231 8453.318359375
244.1657104 21121.11328125
245.1700439 9641.84375
321.2262268 10294.5908203125
337.8343201 9794.3505859375
470.3894043 10168.822265625
476.1017761 10364.8359375
577.3024902 41970.62890625
637.3561401 11126.337890625
642.3672485 61029.97265625
642.6976318 19172.400390625
643.3912964 19599.46484375
699.8773193 14494.3095703125
701.3912964 18810.828125
743.3928833 18727.791015625
743.8964233 43823.40234375
793.9139404 84590.75
794.4101563 88109.1796875
794.9238892 47800.9921875
828.3702393 12880.095703125
850.4590454 53571.09765625
850.9630127 46340.76953125
851.4613037 35820.2421875
871.0765991 12640.4873046875
890.4802246 17341.25
898.9832153 88558.1875
899.487915 96624.2265625
899.9938354 45286.34765625
1041.413086 13673.171875
1042.406494 16081.5693359375
1065.580322 17474.34375
1107.731812 13271.6962890625
