2906.23497344922 3
201.1234283 11199.7822265625
203.1213684 95271.2109375
211.1448975 7998.3696289063
216.1000519 6663.4931640625
225.1601257 7421.5600585938
226.0816803 10032.8212890625
229.1179352 10689.908203125
231.1163177 73798.6953125
232.1192474 11729.771484375
235.1188354 35998.84765625
242.1500244 7668.9194335938
244.0940399 13205.3876953125
249.1605072 30077.03515625
262.150116 13186.4580078125
270.1818848 35778.08203125
288.1383057 152755.15625
289.1428223 8852.51171875
302.1542969 40207.0859375
305.1623535 7533.4008789063
311.1369934 8140.615234375
325.1531982 8462.8466796875
329.7474365 9467.83984375
338.5215759 8149.1518554688
343.1613464 19954.4296875
363.004303 9207.107421875
373.2253723 63033.92578125
374.2292175 13825.853515625
375.1704712 12269.57421875
383.2661743 12825.5078125
392.1920776 15957.0615234375
395.1465759 8904.880859375
401.222168 37305.71875
404.1065979 42626.546875
409.2211914 18139.66015625
410.2191467 8920.1767578125
495.2591858 9940.5546875
496.3520508 17613.03125
497.1994934 8100.0180664063
508.2881165 12928.70703125
611.4300537 11133.783203125
672.3126221 14761.7705078125
686.3046875 9288.9443359375
692.7987061 40557.8203125
693.289917 11369.23828125
696.3705444 13722.8544921875
740.8234863 35607.546875
741.3256226 40284.6953125
741.8204346 18415.98046875
856.3986816 39518.55859375
871.8485718 13527.458984375
964.4437866 16028.59765625
964.927124 13207.427734375
965.4643555 10858.826171875
969.6365356 43968.64453125
970.5800781 85549.265625
973.4039917 43011.15625
973.9075928 34929.87890625
985.4348145 19243.11328125
1004.474426 11195.283203125
1016.917542 41612.59765625
1017.414185 57248.44921875
1017.921265 58420.01171875
1018.429138 17857.33203125
1082.4552 12216.4990234375
1082.935059 32172.123046875
1083.438477 11148.115234375
1086.494873 59326.44140625
1087.497314 17251.62890625
1088.493164 13779.2578125
1100.525024 35135.296875
1101.534058 11425.05859375
1130.966797 13354.26953125
1131.422729 12083.384765625
1139.453125 12471.5390625
1139.951538 12607.4375
1140.450562 13946.2392578125
1150.554199 13632.9287109375
1203.985596 15442.9169921875
1204.482544 31377.671875
1246.525146 108939.7109375
1247.515503 56687.8515625
1248.537476 39212.34765625
1253.540161 15888.853515625
1383.575439 42501.43359375
1423.764771 14000.2451171875
1463.618896 12934.5087890625
1480.630859 190016.5
1481.636597 151499.3125
1482.637085 78479.09375
1491.642334 12217.57421875
1640.65271 44266.3515625
1641.661743 14300.6259765625
1642.625244 30234.55078125
1741.718994 40938.63671875
1830.782227 14015.6943359375
1945.808472 12499.595703125
2032.799316 12231.6171875
2033.85144 15494.947265625
2806.304932 15034.107421875
