1118.46206600379 2
80.19487762 1839.9453125
84.04517365 15002.58203125
84.08149719 50836.96484375
86.09702301 38351.12109375
87.05584717 3241.5756835938
92.02846527 3808.2458496094
101.0716095 9661.228515625
101.1072235 2780.9304199219
102.0557175 8046.7626953125
110.0715485 22035.853515625
112.0875473 11784.7587890625
113.0712891 4138.5834960938
115.0869141 8132.4345703125
116.0711288 3465.2419433594
129.1025238 57242.87109375
129.111496 3562.9924316406
130.0862579 4507.7075195313
131.1185913 3003.5078125
133.0431213 12818.046875
139.0870209 3513.0771484375
141.1023712 2870.6579589844
145.0961456 2481.9296875
147.1123962 17372.5
147.3251801 1897.2581787109
158.0920868 15838.2802734375
159.1112213 2416.4982910156
169.1527557 2060.0983886719
172.0720673 4400.2358398438
175.1191406 31062.08984375
176.12146 2034.4094238281
197.1656952 2919.6760253906
203.103653 2529.6904296875
210.0809784 2901.1259765625
211.118927 15695.1982421875
213.1247559 2745.8349609375
228.1450653 2695.0895996094
230.0587769 5010.3588867188
242.1502838 3520.740234375
244.1668854 3367.9655761719
245.1240845 4284.4291992188
248.160553 2295.3190917969
252.0364685 2664.9758300781
257.1604614 3166.025390625
258.1447449 8681.5029296875
260.1963196 8312.4892578125
262.1514893 34313.02734375
263.1546631 3775.0551757813
272.1717529 4425.9350585938
276.0664368 4221.4340820313
301.1149292 11045.798828125
301.6578064 4184.4921875
345.223877 2181.8498535156
369.1798706 3544.1984863281
390.1952209 3105.068359375
391.1975403 2930.0327148438
404.1239014 8361.0302734375
415.6761475 2135.0300292969
429.0924683 2110.9213867188
445.2170105 2226.947265625
452.5665283 2231.7255859375
466.711853 2784.7736816406
475.2417297 2009.2258300781
483.2314453 4199.4296875
493.226593 2136.4729003906
501.7423096 4270.7978515625
502.2398376 12936.466796875
502.739502 2569.0454101563
510.7463989 128283.546875
511.2482605 74829.8671875
511.7492065 22655.412109375
516.2886353 9250.3193359375
517.2953491 11150.4404296875
519.7502441 19665.052734375
520.2536011 12986.3583984375
542.2615967 3959.3349609375
543.274292 2194.9494628906
558.3416138 3214.40234375
558.7797852 4007.0593261719
559.2873535 29676.685546875
560.2997437 20015.697265625
585.2796021 2289.6496582031
603.3088989 3298.3857421875
630.2924194 3064.5654296875
664.3056641 3666.1787109375
704.1643677 2661.0795898438
731.3462524 4339.6059570313
737.362854 4484.779296875
759.338623 13423.2021484375
760.3468628 4820.10546875
775.34198 2544.2045898438
777.3598633 2539.9223632813
781.4008179 7697.5512695313
793.3446655 13017.2626953125
794.3450317 3853.3205566406
810.3649292 4762.3334960938
841.3728027 2621.1953125
877.4325562 3988.4729003906
878.4245605 2536.1850585938
907.4147949 9301.806640625
