2732.39478196652 3
200.1398163 9288.1318359375
201.1231689 12787.9755859375
212.0686951 6850.5947265625
212.1031494 9803.875
213.0871277 7119.9663085938
215.1376495 9861.97265625
218.1498718 37397.546875
219.1508026 6804.8334960938
223.108139 6351.19140625
229.0937958 6441.013671875
229.9187469 5726.591796875
232.1126709 7410.4946289063
240.1344757 8340.7880859375
242.113205 9351.7138671875
244.1286774 6649.4326171875
247.1442108 8355.509765625
253.1292419 10652.2138671875
256.165863 15362.0712890625
258.1442871 9102.015625
260.1055298 9991.8955078125
269.0869446 13825.369140625
275.0810852 17361.671875
283.1403198 11622.9111328125
284.1242676 74853.7890625
285.1272888 11291.140625
285.1552429 12807.19921875
289.1615906 9565.8974609375
309.1558838 7963.7866210938
327.1322632 9444.2080078125
331.2339172 29337.115234375
337.1505737 9398.763671875
338.1831665 31624.357421875
354.1760254 9133.962890625
355.1607666 10331.5986328125
355.1977539 25265.18359375
355.2350464 22428.94140625
356.1954651 14846.857421875
357.1196899 8510.7177734375
374.1470337 9752.89453125
382.1722717 17831.134765625
383.192688 31858.748046875
387.1727905 6996.9809570313
399.1995239 41583.6484375
402.2723694 40595.21875
406.1708069 9267.1943359375
407.1765747 12312.666015625
437.1743469 10445.2060546875
451.1918945 16145.5419921875
515.3560791 27054.9453125
528.1900024 10514.3603515625
550.2675781 8824.1572265625
551.2738037 8428.322265625
551.9363403 7527.1064453125
559.2318726 10388.7041015625
584.2518311 8502.865234375
592.25354 15104.8447265625
597.265686 8508.2998046875
613.2780151 16121.16015625
642.2995605 8770.359375
657.3581543 39360.41796875
658.3286133 10557.3935546875
671.822937 8394.82421875
687.4411011 14497.0439453125
720.3492432 11031.0361328125
728.8619385 12438.216796875
781.0306396 8764.748046875
815.5066528 31315.48828125
820.4260254 12277.9638671875
859.3878174 10790.7666015625
868.552002 8258.853515625
878.3531494 11793.8447265625
911.5732422 280367.5
912.5765381 177013.875
913.5761719 14406.10546875
914.5707397 30846.333984375
929.0055542 105383.96875
929.5030518 109605.3515625
930.0026855 75888.4921875
930.5130005 14202.5048828125
943.4342651 11185.5693359375
964.5147705 42614.29296875
965.0285645 53353.85546875
965.5380859 12090.3427734375
976.9122314 9722.578125
1029.585571 37161.91796875
1038.052246 46632.86328125
1038.561523 59587.859375
1039.05957 29848.16015625
1039.55542 15975.3603515625
1087.575195 14113.43359375
1088.085938 11007.921875
1088.586182 12326.923828125
1150.660156 82100.7890625
1157.687256 29083.798828125
1158.684448 15944.86328125
1179.518921 16609.5078125
1209.647949 9205.7412109375
1287.722412 12812.349609375
1292.6073 11699.4013671875
1307.633423 13150.9912109375
1373.758423 33320.91796875
1374.770996 14082.2021484375
1439.680176 32468.615234375
1440.681885 14191.7900390625
1474.806885 38884.078125
1475.810547 38958.0625
1666.803955 17311.384765625
1784.79895 12391.9931640625
1857.990723 30346.146484375
2050.815674 11786.9384765625
2309.749512 10602.2138671875
