1623.906248 3
112.0863037 7406.1083984375
116.0707092 10085.7314453125
119.0817261 19264.271484375
120.0811005 178206.9375
120.9747467 6404.666015625
121.0842972 9299.962890625
122.4098663 6914.46484375
127.0500717 8867.392578125
129.0644226 8197.5771484375
129.1018219 54533.58203125
130.0861511 14465.8828125
131.4629974 7663.076171875
136.0756226 44309.3125
143.1173706 9318.2265625
146.9220886 8840.2021484375
147.05867 15353.896484375
147.1121979 49444.796875
152.0518188 6907.8125
157.1075897 9069.318359375
157.1339264 24960.296875
158.0925293 24905.080078125
159.0760193 9946.3994140625
159.090683 8584.962890625
163.0860596 9328.6455078125
169.1337891 9342.4287109375
171.1126404 7911.6000976563
171.3365326 9368.6962890625
173.1294556 8529.958984375
175.0541992 24278.625
175.1192474 157313.5625
183.1135559 12893.234375
183.1493835 83929.3515625
185.128006 27682.1484375
185.1643982 49584.90625
194.0261688 8865.1552734375
197.12854 11592.525390625
199.1804352 14680.7783203125
201.1239166 11243.8115234375
211.144455 92914.4375
212.1027679 28431.75390625
213.1588593 24155.166015625
215.1387634 20376.251953125
217.1368713 10405.642578125
225.1371307 9836.328125
226.1169739 9909.576171875
227.1022644 10379.00390625
227.174881 23250.201171875
228.1341095 14205.712890625
228.682251 11358.0654296875
230.1137085 12547.666015625
232.1098328 8175.400390625
234.1446686 22735.466796875
234.1682587 9883.8671875
235.1471405 9719.818359375
242.1491699 22031.8828125
243.1338959 55625.12890625
245.130722 13556.853515625
246.128952 11438.0615234375
247.1076202 20011.677734375
249.1603699 18201.115234375
253.0913391 11971.814453125
257.1600037 15093.486328125
258.1452026 17962.19140625
260.0847168 10982.8466796875
262.0847473 18676.36328125
266.3016968 9152.3701171875
268.1416931 18688.724609375
269.1249084 62173.66796875
275.1717224 11672.466796875
277.1545105 18002.494140625
284.1596985 12691.23828125
284.6574402 9293.28515625
286.1506958 64383.78515625
287.1346741 21822.271484375
292.1292114 76965.515625
294.1822815 15432.2958984375
303.1777954 55315.4140625
314.171936 19643.349609375
318.1796875 18403.0703125
320.1224976 13270.1123046875
325.1880493 42321.33984375
327.2059326 12721.3349609375
340.1899719 82005.765625
343.1989136 16142.0927734375
360.2257385 13328.1552734375
381.2131653 24030.974609375
388.2559204 16007.1650390625
400.6482239 11745.75390625
402.2476501 99126.3125
403.2530518 14628.021484375
411.2631226 18246.640625
425.251709 12268.59375
436.2174377 19323.505859375
439.2567444 21843.052734375
443.2662048 22389.171875
453.2510071 61829.3828125
454.238678 22259.8125
471.2542725 92270.3359375
472.2637634 15027.74609375
473.2827148 263442.78125
474.2868347 63439.69140625
513.3780518 12262.5927734375
541.3480225 46732.6484375
552.3409424 26317.4765625
568.3134766 19999.033203125
584.3166504 44652.47265625
602.3253174 379999.625
603.3302612 100371.359375
604.3187866 14566.2412109375
633.3495483 13967.0234375
640.2288818 15663.0888671875
650.3590698 19231.173828125
664.3759766 75898.1640625
665.3826294 15418.7529296875
681.3912964 18396.03125
682.3720093 14834.6572265625
715.4103394 237603.984375
716.4145508 38883.93359375
717.4085083 18766.6015625
763.4434204 87557.5546875
792.4275513 23346.103515625
810.4415283 25897.689453125
814.4788818 112332.7265625
815.4767456 18585.19921875
891.4859009 21864.87890625
908.4984741 18392.537109375
925.4896851 15751.09765625
928.9447632 13366.6552734375
943.5158081 99319.125
944.524353 72298.3046875
945.5366211 15873.2236328125
1056.607178 23666.12890625
1153.658936 25404.12109375
