884.55650898402 2
66.36884308 25712.45703125
67.3419342 31636.216796875
70.06593323 457067.625
72.08158112 356383.65625
72.48617554 28060.90234375
74.06082153 47134.15625
77.06336212 25870.59765625
84.04502106 319242.0625
84.08143616 146317.578125
86.09713745 3835311.5
87.10044861 176025.40625
88.04016876 180986.265625
101.0715866 392724.5
102.0555344 289837.25
110.0720062 169712.140625
111.0434189 29300.591796875
116.0706177 42666.4296875
120.0811768 702275.4375
122.2090988 30329.705078125
129.1025085 299591.75
130.0866547 70135.1484375
131.1184998 57625.21484375
136.0759888 179600.40625
143.1181183 69377.1484375
145.0613403 166490.4375
147.1131287 146500.625
158.0929871 117608.28125
166.0864105 147094.40625
169.0971222 43069.546875
173.0559845 138525.328125
173.1291351 48083.76953125
175.1191559 688579.75
183.1127472 132788.046875
185.0557251 193274.5625
196.1450043 43241.0859375
196.8453369 30581.484375
197.1292572 257439.4375
198.5751495 28624.224609375
199.1807709 857789.9375
200.1394043 130902.390625
200.1837769 69607.8515625
214.1552124 129130.859375
215.1393585 72434.703125
222.8890533 34295.7578125
224.1400452 55342.92578125
225.1235809 42965.11328125
227.1757965 168318.859375
232.7784576 28649.48828125
242.1499939 197161.1875
243.133728 70327.109375
244.1656799 65683.4609375
269.1253662 58265.59375
272.1714478 33346.94921875
287.1364136 124779.3046875
304.1601868 151931.375
320.6924438 161399.609375
321.1943665 139523.03125
334.1402893 39059.40234375
355.2341919 49190.4375
385.2553406 130572.7734375
417.2464294 279230.3125
418.2496948 42507.6328125
498.3412476 117321.546875
530.3296509 460509.84375
531.3344727 67205.5
611.3427734 43363.1796875
627.3811035 177931.09375
628.381958 35656.328125
640.375061 115568.2265625
641.3619385 246624.546875
658.387146 532891.25
659.3889771 234053.703125
703.0742798 36029.46875
771.473999 58326.015625
