1782.93682935377 3
125.6266708 11117.4951171875
129.0660858 15691.2744140625
129.1022644 20543.1796875
133.0602722 23907.384765625
136.0761566 139068.1875
136.0837555 13646.6953125
140.0814514 11704.94921875
141.1021423 26246.74609375
143.1177216 22405.85546875
155.0815125 14055.306640625
157.1340332 14319.7890625
158.0917511 17312.37890625
159.091507 16912.92578125
169.0965424 13253.736328125
173.1287537 38062.78125
175.1191406 175822.71875
183.1129456 29573.037109375
187.1077728 18785.779296875
196.1448822 14515.64453125
197.1284332 34199.328125
199.0709839 21371.0546875
199.1800842 22513.455078125
201.1235657 337528.71875
202.127243 17834.83984375
205.097702 22104.501953125
214.0823975 15106.6455078125
214.1548767 22844.349609375
215.138855 43220.56640625
216.0986176 37517.37109375
219.1499481 20710.0390625
227.103363 31373.986328125
229.1186829 100977.53125
235.1440125 24690.826171875
242.150589 67242.890625
244.0929108 83300.4140625
254.1503601 24536.033203125
255.1456909 97968.765625
257.1247253 17750.345703125
269.1257019 16145.7763671875
272.1725769 208257.171875
290.149292 23095.701171875
291.1531982 23905.56640625
293.1149292 19904.826171875
315.1308899 36191.18359375
326.17453 19275.1484375
327.1320496 25496.87109375
343.2081909 194591.28125
344.1506653 21635.265625
347.7061157 30669.873046875
353.1829834 30451.9765625
357.1781311 23046.44921875
360.1982422 20790.4453125
367.1251526 19969.912109375
382.203949 17212.3984375
384.1525574 26136.091796875
395.0499878 17632.822265625
415.019043 19585.494140625
418.8882141 17372.646484375
456.292511 199733.8125
457.2349854 18064.126953125
457.2995605 23337.611328125
474.243042 73074.0703125
485.2164917 24763.029296875
543.2384644 33005.1875
562.2772827 19599.611328125
584.3536377 133379.46875
585.3563232 67499.5390625
586.2758789 26380.416015625
592.5247192 20694.765625
603.288269 88688.21875
614.2717896 19176.779296875
695.3905029 40198.52734375
712.4063721 124230.3984375
716.3723755 103908.9140625
717.364563 26692.982421875
725.3358765 27064.857421875
746.4091187 68618.9765625
770.3557129 22330.6796875
782.4230957 27931.908203125
785.0314331 23257.640625
796.3922119 26016.412109375
799.4435425 311377.8125
800.4437256 168486.625
801.4589233 22897.33984375
815.4052734 29801.216796875
834.4573364 27725.453125
898.5147095 93891.0390625
899.517334 30408.12109375
966.4973755 77205.078125
969.5437622 62782.2109375
970.5505371 32051.615234375
1040.584473 73796.984375
