1483.88437863766 3
103.0546494 9722.130859375
107.3229218 5102.0595703125
112.0870209 6893.8041992188
115.0503845 6785.4438476563
115.086792 9046.93359375
116.071167 23254.646484375
117.0871353 4718.9399414063
120.0811081 276426.40625
121.0842819 22127.345703125
129.0658875 18689.09375
129.1025543 20445.6484375
130.0502472 5190.4008789063
131.1176758 6036.919921875
136.0757751 24530.23046875
143.0818787 6395.0014648438
143.1179199 28694.4296875
145.0605621 6455.8959960938
157.1339874 24951.041015625
158.0928497 22086.076171875
160.0429688 9555.251953125
161.0925751 6178.9106445313
167.1434326 5508.8330078125
169.1340942 8593.5634765625
171.0766602 6734.640625
171.1131439 9996.591796875
172.0712891 5877.5854492188
173.1289215 28305.509765625
175.1192627 138871.390625
176.1226654 7038.0317382813
183.113266 11318.537109375
185.1282501 38326.26953125
185.1655273 31252.92578125
187.1443787 6081.9506835938
196.1455841 7094.751953125
197.129303 28214.439453125
199.1817474 9147.61328125
200.1027222 7196.9018554688
201.1234589 29936.900390625
203.1022949 10495.0458984375
207.1132965 11225.201171875
213.1598053 7866.796875
214.155304 10904.6787109375
215.1394196 25925.66796875
219.1495056 69147.96875
224.1405334 8024.8046875
226.1183624 10847.41796875
229.1186066 7343.4833984375
233.1660919 23822.013671875
242.1509247 8780.6201171875
243.1339417 12214.6640625
245.1275787 6847.271484375
247.1449585 33413.15625
249.1253204 9319.87109375
256.1656189 31278.76171875
257.162262 11433.357421875
261.1620789 7818.1376953125
262.1188965 34665.359375
262.1474609 7174.0654296875
274.1873169 18636.888671875
277.1190796 11215.18359375
282.1097412 5502.6401367188
284.1980286 6242.470703125
288.2020264 19560.96484375
295.1772461 8424.5361328125
296.1619263 9811.482421875
308.629364 5230.77734375
313.1874695 20925.7578125
327.2425842 6268.9702148438
342.2052612 6347.7880859375
345.2254028 42156.3125
355.2354431 8224.89453125
357.1780396 5318.2192382813
361.2189026 24547.046875
362.4154968 5540.8984375
370.2095642 7981.154296875
384.2229004 7863.2114257813
387.1993713 43580.1796875
388.2025146 7557.0034179688
390.2017517 9018.0859375
401.2836304 7237.3666992188
408.2606812 9421.43359375
409.2434692 11869.4130859375
426.2713623 9230.96484375
428.2581787 8324.2705078125
458.3088379 73681.34375
459.3111267 21881.9140625
476.3467407 6303.5620117188
479.2967224 42043.69921875
480.2888184 23686.978515625
484.2886963 6981.6381835938
490.2630005 34630.25390625
497.3082275 27187.927734375
501.3129272 20569.765625
514.367981 9344.8564453125
578.3677368 9937.6611328125
579.3641968 7913.0112304688
587.3551025 45683.78125
588.3475952 10518.990234375
596.3782349 10993.21875
615.3117676 8808.8076171875
615.418396 24701.453125
628.7094116 5844.3559570313
630.3519897 45762.51171875
637.3300781 7484.1396484375
687.3502808 9087.3046875
688.3985596 35494.30859375
689.4000854 8206.7294921875
703.3889771 8203.4306640625
726.4412842 6817.298828125
739.4125977 41414.2265625
740.4086304 21239.83203125
743.4400024 89321.59375
744.4552002 71081.65625
745.4498901 26730.912109375
775.4331055 69329.78125
776.4276733 24988.47265625
888.5082397 9247.0888671875
890.5043335 31004.826171875
891.5111084 6850.1982421875
