1262.6738478875 2
91.05487061 74322.0546875
101.0713501 158165.359375
103.0547714 47731.93359375
104.0531235 596029.3125
120.0811157 1047300.5625
121.0847015 77714.640625
129.102478 277127.03125
136.0758972 967161.5625
137.0794067 84681.3203125
143.3617859 47308.9140625
147.1131897 175571.578125
157.0973053 68204.8359375
159.0920105 180687.109375
159.1128693 62359.296875
169.1337891 92048.953125
175.1191406 505528.0
176.107132 483231.53125
176.1207123 60017.9140625
183.1122894 50272.49609375
183.1495056 64043.7734375
187.086319 51972.3671875
197.129425 75017.375
200.1394196 55644.52734375
203.1208191 252500.796875
211.1437073 51941.5234375
215.1392365 42224.92578125
221.1285095 530198.8125
228.1347198 307064.71875
231.1130371 742985.0
232.1167297 85109.3359375
233.0949249 96580.9609375
237.1231842 171184.8125
240.1346283 62655.63671875
249.1233368 282415.8125
249.1616058 65128.02734375
255.1452789 183909.359375
257.1622925 44883.6328125
265.1191406 83459.03125
277.1544495 66951.296875
278.1141357 170741.671875
327.2042236 59426.38671875
335.1352539 160346.625
339.2013245 99212.359375
347.7418518 39620.46484375
354.2148438 248225.15625
359.1744385 72947.8515625
362.1547852 384570.34375
371.2391052 529761.875
374.2370911 63925.83984375
380.1640015 92718.9140625
403.1974792 183619.796875
470.2732849 285469.25
508.1857605 174729.046875
523.2669678 46473.37109375
540.2906494 79051.7578125
557.3171387 583603.9375
558.3209229 189919.609375
559.3252563 45435.0078125
584.3741455 249582.859375
601.1826782 57698.99609375
630.3712769 209545.875
631.3655396 65780.4375
640.3760986 361672.40625
641.3743896 236987.96875
656.387085 449516.46875
657.3931274 75843.765625
731.4478149 78982.125
766.4328613 90159.796875
767.4138794 71530.03125
784.4471436 733265.8125
785.4471436 346571.9375
810.4815674 67953.65625
844.5275269 75715.96875
883.5129395 415589.15625
884.5146484 250439.171875
924.519043 55571.35546875
1014.561401 284959.1875
1015.547546 171984.921875
