1347.6134151299 3
93.41938782 9511.9130859375
101.0714951 33958.04296875
102.055687 39615.3984375
107.6734772 12095.1484375
110.0717926 63098.85546875
112.0877457 18177.134765625
115.0866699 11004.08203125
120.0812531 43387.76953125
129.0662079 17267.12109375
129.1025085 168874.8125
130.0864258 47570.328125
134.1405334 7698.1821289063
136.075882 115872.03125
142.119812 8639.541015625
143.1183777 16603.271484375
147.1132813 38003.43359375
157.0974731 10553.5576171875
157.1092987 9959.2392578125
157.1338959 16447.64453125
158.0927429 13057.9638671875
158.1380768 8967.6162109375
166.0615082 17653.16796875
171.1130981 20162.669921875
175.1189575 95777.7109375
177.1028595 10778.466796875
184.1081543 13038.390625
194.7644043 8717.8251953125
209.0924377 49902.8203125
217.0824585 12677.9716796875
219.1494141 10982.546875
226.1190338 58295.70703125
235.1195984 48735.9375
244.0930481 16108.0205078125
245.0762634 10371.177734375
249.1603851 62448.93359375
252.0974579 12859.1796875
264.1374512 68783.5234375
269.1281128 37301.875
275.8172913 13608.037109375
284.1243896 40962.90625
289.9457703 9173.4501953125
303.6601257 30161.67578125
312.6642761 86473.703125
313.1675415 9192.3291015625
323.6663208 10398.4697265625
331.2319031 8780.3251953125
344.7907104 8823.0166015625
390.2096252 87669.1328125
397.2080994 17925.810546875
431.7037354 37244.421875
432.2089844 13123.8330078125
441.7397766 18104.595703125
446.2378235 13395.185546875
450.2385864 167459.234375
450.741333 49631.70703125
487.2169189 9299.6689453125
487.7195129 12649.1513671875
496.2281189 73352.296875
496.7243347 12067.1044921875
497.2321777 16450.091796875
517.2958374 11412.494140625
527.2698364 34817.69921875
545.307312 11436.556640625
553.7380371 45487.69921875
554.2426147 15511.0400390625
589.2546387 38381.17578125
589.7608643 9250.8369140625
596.3154907 11777.9521484375
608.7608643 11136.46484375
614.3497314 119320.359375
615.3568726 35090.4765625
617.7667236 184315.234375
618.2714844 118424.0390625
618.7706909 37860.7578125
624.3233643 131502.453125
625.317749 10226.251953125
628.3358765 9814.42578125
785.4298096 9637.2958984375
845.3689575 14270.2607421875
987.7040405 10845.404296875
1261.929077 11843.9375
