1086.49047772591 2
84.04516602 15259.2001953125
84.08154297 28431.38671875
86.09707642 24221.611328125
87.0559845 1884.2275390625
88.32823181 1644.4161376953
99.05639648 1841.6666259766
101.0717392 12583.6328125
101.1083832 2268.7573242188
102.0555954 6191.8618164063
102.0919266 3951.2612304688
104.053421 38342.83203125
110.0720139 7829.9028320313
112.0763702 6581.0205078125
112.0872879 2911.7717285156
113.0713806 2018.2058105469
115.087059 6582.7436523438
116.0713425 3396.8581542969
120.080986 3321.5827636719
129.0661621 3139.9460449219
129.1025391 38218.90234375
130.0866089 7591.775390625
136.0759888 6158.9453125
141.0660095 11043.828125
143.0817719 9744.408203125
143.1184082 3145.5971679688
145.0973663 2642.8283691406
147.1127319 20548.109375
148.114624 1581.9720458984
152.0705566 2166.9858398438
157.0971222 2018.7121582031
157.1082764 2779.1975097656
158.092453 6961.2915039063
160.0423431 3160.13671875
160.0792236 41570.0546875
161.093338 2406.7604980469
171.0766602 3452.7724609375
171.1139069 2850.9047851563
173.0924377 2182.26953125
175.0711365 2078.7768554688
175.1191864 34280.71484375
183.1134796 1739.6329345703
183.1508331 2346.5922851563
185.0915375 1781.2413330078
189.0874176 2695.2275390625
197.1291962 2379.0769042969
201.1241608 6992.0244140625
205.100647 17529.568359375
210.0813751 3607.203125
214.1187286 13197.216796875
215.085556 2983.2131347656
226.1551361 6423.5590820313
228.8442993 1681.4000244141
229.1177063 3334.9929199219
233.0951691 8583.8125
244.12883 2957.1254882813
244.1660156 47771.5625
246.181366 3070.2307128906
252.035675 3624.3779296875
255.14711 2006.2548828125
260.1986389 2356.4260253906
262.901062 1936.7844238281
272.1714783 6233.2172851563
285.157074 6854.158203125
292.1921082 1780.0787353516
299.1715088 8066.9497070313
302.1174011 2407.6640625
305.1624146 2172.427734375
322.1878357 72283.8203125
323.1873169 11420.2734375
331.1983032 9273.255859375
333.1874695 2170.5246582031
336.6732788 12816.28515625
337.1708374 3505.0546875
343.2338867 9922.0185546875
357.2487793 6655.2241210938
370.2429199 2312.9865722656
384.691925 3037.7265625
402.2345886 2441.1176757813
417.2441406 3115.9753417969
427.7020569 7919.396484375
428.2019348 1855.2414550781
428.706604 1736.072265625
437.2113953 4648.0512695313
446.1755371 1959.1127929688
478.2268066 7092.19140625
500.2836304 6229.34375
501.3020325 17684.326171875
501.3729553 4580.9428710938
526.3087158 3102.3215332031
532.2680664 3236.7612304688
543.366394 11985.1259765625
543.74646 2284.3237304688
544.3063354 50081.12109375
544.7862549 3493.2570800781
565.3074341 10177.1455078125
566.3147583 1936.0083007813
576.2185059 6558.3979492188
603.2658691 2567.0080566406
647.2547607 2079.2106933594
672.3253784 3235.5737304688
680.335083 3883.958984375
719.3170166 1963.2462158203
731.2877808 2187.0769042969
747.3082275 2525.4223632813
748.3066406 9314.517578125
749.3082886 2594.2302246094
767.3637085 10601.3798828125
768.3739014 2608.8366699219
854.3986206 22376.6796875
855.3999634 9776.52734375
856.4033203 1987.0903320313
858.3939209 5875.4619140625
955.4295044 3097.4399414063
956.4550781 2928.8642578125
1053.738281 1946.6545410156
