1625.91139835194 2
115.0864639 7119.7641601563
120.0811844 218037.453125
121.0841904 8160.5571289063
129.0654144 8033.7607421875
129.1025696 46828.640625
130.0861969 12582.4990234375
133.0437469 4029.7866210938
133.0605164 7256.3740234375
136.0754089 40856.48046875
141.0648651 3802.0034179688
143.1174622 5786.57421875
147.112442 15779.330078125
155.0818634 4571.7114257813
157.0622559 4532.5122070313
157.1240845 3701.8012695313
157.1337128 58732.328125
159.0777283 4910.9497070313
159.091507 30688.275390625
160.6263275 4204.3427734375
166.0843811 4798.162109375
169.1335297 34369.3359375
173.1286011 6098.8076171875
175.1184845 40287.25
181.0617371 5666.3759765625
183.1126099 6805.4892578125
183.1492157 98544.84375
185.12854 89886.0546875
187.1437836 11922.732421875
187.3081055 4588.1430664063
191.1177979 29333.65625
196.144104 13227.681640625
197.1286621 44855.4453125
198.086853 5677.4130859375
198.1303406 6344.65234375
200.1396637 8668.8369140625
201.1222839 15197.1591796875
207.112915 9008.205078125
211.1444397 102553.4296875
212.1026611 7882.9663085938
214.1542816 23895.265625
215.1386871 31717.857421875
216.0971527 7420.5703125
217.0812988 5830.0805664063
217.1353607 6613.6879882813
219.1137238 67597.6640625
219.1493073 24320.78125
224.1394043 7727.3251953125
226.0827942 9016.4248046875
227.066803 7012.3471679688
228.1347351 11212.15234375
229.1186676 12031.9755859375
231.1117706 7584.087890625
233.1654358 6463.2485351563
235.1068573 8416.888671875
241.0814362 6127.2504882813
243.1103821 7254.1420898438
244.0928192 11399.689453125
245.0764923 6488.515625
245.1303101 7018.7114257813
246.1271667 5989.6098632813
247.1430511 7231.1948242188
248.1613922 8685.900390625
249.1236725 13792.44140625
250.1224976 6790.6337890625
254.1493378 8094.6479492188
255.1464233 14075.92578125
258.1446228 7614.1450195313
271.1443787 5728.705078125
272.1720276 47521.578125
275.0823364 6310.7124023438
279.098999 7359.9775390625
280.1398926 44815.11328125
282.1816101 107911.1171875
283.1846924 13749.9111328125
287.1377563 6632.765625
298.2120667 7723.3071289063
312.1573486 6312.1767578125
321.1598511 10617.3359375
326.1781616 6981.208984375
344.1948853 9211.2685546875
347.1191101 15593.0595703125
353.2179565 7311.5102539063
366.1821289 39262.14453125
367.1863403 7031.7451171875
367.2711182 39190.91796875
392.2113953 7508.716796875
393.224823 23054.55078125
395.2662354 26644.728515625
413.20401 7014.1655273438
433.2415771 58315.3359375
466.3054504 9896.833984375
475.235199 14036.1015625
524.3098145 8874.0224609375
532.2423706 8304.8017578125
532.3110352 60011.85546875
533.3096313 11296.62109375
572.3103638 8847.15234375
576.2819824 29119.146484375
579.2923584 8204.85546875
647.3349609 33673.7578125
659.3738403 29654.73828125
660.3806152 10169.111328125
664.8605957 15075.248046875
665.3651733 11313.2255859375
689.3696899 10749.7421875
700.3779907 54925.8984375
705.3438721 8305.4248046875
714.3674316 7813.6147460938
748.3786621 11307.9560546875
764.9116821 7327.6958007813
797.4155273 11456.0517578125
798.4046021 8918.35546875
804.8770142 12686.0576171875
805.4008789 82216.125
805.8857422 7847.654296875
806.407959 34239.30078125
807.4227905 8971.3349609375
815.4019165 30991.76171875
816.4050903 9077.943359375
865.4595947 7929.111328125
886.4417725 34509.296875
896.4527588 9233.7255859375
916.4439087 10634.7841796875
934.4454956 62912.3515625
935.4539795 31445.677734375
936.4939575 12916.7451171875
941.4949951 10167.896484375
1033.506714 54242.2734375
1034.512329 37503.828125
1047.535034 55372.1796875
1048.536499 43710.30859375
1100.554443 10778.4462890625
1118.57373 79625.40625
1119.57019 51093.71484375
1144.542603 23555.474609375
1145.567139 9742.3623046875
1152.63562 25884.361328125
1153.649536 12251.533203125
1162.557739 76404.484375
1163.559692 43003.03515625
1164.562378 29134.484375
1231.638672 15291.2314453125
1237.610962 9133.4755859375
1261.620972 24934.052734375
1328.717651 75129.8125
1329.7146 47504.33984375
1330.726318 25838.33984375
1331.674683 13295.5419921875
1383.681274 25244.38671875
1384.66748 24130.4921875
