1274.53609447075 2
92.02920532 102457.3671875
98.93936157 55246.35546875
102.055481 122787.3828125
104.0532074 56163.5
110.0718842 114938.1171875
115.0873184 92571.5078125
120.0810013 556896.5625
127.0505676 373878.65625
129.1025085 348992.625
130.0862274 255465.484375
133.0337067 61113.81640625
133.0433044 260651.921875
136.0756989 235753.96875
141.0659485 69652.984375
143.0817719 61016.62890625
143.1182556 61064.41796875
147.1134186 111270.453125
155.04599 113667.015625
158.0912628 68922.6640625
172.0726318 489737.96875
173.1287994 277990.5
175.1195374 220223.359375
201.1235352 91794.765625
209.473999 58636.47265625
226.1189728 75682.53125
231.1127319 113909.8984375
232.074295 68682.2890625
246.1268463 209495.6875
260.1963501 105508.140625
284.0878296 75750.96875
292.3877869 58115.32421875
300.8569641 69536.8828125
301.1202698 68638.828125
301.1500549 72569.484375
328.1282043 67413.359375
385.1480713 75164.328125
403.1621704 129995.6015625
415.8317261 60263.37109375
420.2268982 123054.2265625
420.5273132 74387.75
439.1282959 79714.3984375
451.2331848 71061.7109375
473.2088928 68078.0546875
519.0842896 58052.26953125
583.2835693 83874.84375
588.2866821 222517.421875
638.3456421 78881.7421875
687.354187 270648.15625
698.3126221 71098.34375
802.3778687 133926.296875
827.3538818 206878.296875
828.3685303 68581.0390625
873.4121094 116812.84375
1031.502441 91166.2265625
