2524.26105792916 3
175.1189423 12647.705078125
185.09198 5733.4887695313
185.1279449 1934.5321044922
187.1439514 2609.7138671875
197.1287231 9075.083984375
199.0708923 2523.6994628906
199.1811981 2257.4709472656
200.1039124 3052.2719726563
201.1234131 1760.9791259766
211.1422729 2195.37109375
215.1401367 3371.9660644531
217.0816345 9262.4306640625
217.1333618 3422.0988769531
219.1128082 2979.427734375
227.1764221 1969.5506591797
234.094574 2001.7426757813
237.1247711 5618.8247070313
240.0977783 2603.740234375
247.1088715 4175.146484375
249.124054 16012.3740234375
251.1023712 9680.2685546875
254.1152344 2250.4775390625
265.1194458 4679.4946289063
277.1187744 16851.84765625
279.0975647 4915.8525390625
280.1667175 4341.1572265625
283.1443176 3065.0900878906
288.2038269 2949.4572753906
296.1966858 2570.359375
298.1786804 3639.8190917969
299.1745911 2149.8159179688
311.1357727 9409.90234375
316.1520386 12408.6962890625
329.1526184 2667.7607421875
347.1737061 3357.341796875
356.1463318 2623.9426269531
380.1478271 9920.9599609375
381.1450195 2279.693359375
382.1774902 3068.1491699219
405.1782837 5229.419921875
406.1816711 4291.3139648438
412.186615 2881.5151367188
429.2354431 5329.16796875
442.2100525 5696.017578125
456.3197632 2846.0463867188
459.2383423 4509.2397460938
460.2915649 18212.962890625
465.2141418 3339.4692382813
476.2161255 4325.6826171875
477.6123352 2501.1528320313
553.2567139 2958.6186523438
573.3753052 16208.8017578125
574.3740845 3407.810546875
584.2573853 2930.9243164063
594.2513428 3837.7136230469
605.2914429 3603.1306152344
674.4202271 39093.9375
675.4264526 17370.08203125
740.3759155 3032.5874023438
741.3139038 2796.8920898438
743.2999268 3513.015625
770.3380737 3906.6379394531
787.5009155 36661.3359375
788.5083008 16079.4970703125
791.3761597 2958.0991210938
900.5921631 10615.248046875
901.5978394 3829.5961914063
987.6222534 16680.19140625
988.6264038 10757.9853515625
1029.523682 10087.091796875
1066.67688 3604.1943359375
1084.679199 56000.9921875
1085.668579 31080.345703125
1086.672241 8894.767578125
1142.623657 4749.4150390625
1171.710449 16214.56640625
1172.708618 5455.0112304688
1258.725098 9474.7734375
1259.734375 4367.109375
