1897.01158827727 3
136.075592 94749.265625
143.0812683 70675.3125
147.1130829 145337.15625
157.1335602 153843.703125
159.0915985 55938.6171875
169.0972443 28113.296875
173.1282959 219840.0
175.1190186 87573.921875
181.0605927 51228.94140625
185.1283417 82108.671875
190.052536 35180.7421875
199.071106 50166.95703125
199.1803436 447914.4375
200.1032562 46344.01953125
201.1235046 86952.25
211.1450348 39314.7578125
217.0808411 36681.81640625
227.0659027 60523.12109375
227.1755981 224767.640625
233.1652527 39162.875
234.1448059 83143.078125
239.289032 31348.556640625
258.1072083 47676.68359375
260.199646 57256.33984375
272.1610718 47524.125
284.1240845 69294.4921875
316.1510925 59288.609375
381.1767883 69627.8359375
407.2678833 81908.9140625
426.2174377 43725.390625
484.2329102 39758.48828125
491.2600403 53942.67578125
665.3401489 96586.0859375
679.3865967 69530.3125
741.4111938 81910.2265625
808.4390869 185220.78125
809.4390259 176345.109375
821.4733887 224293.25
822.4799194 89709.0859375
920.5158081 53032.3203125
921.5284424 190417.65625
985.4855957 78176.03125
1029.120117 57641.296875
1121.61499 61928.1484375
1286.605591 56879.453125
