865.47853010354 2
68.33424377 49183.31640625
69.55873108 45148.2890625
70.06596375 488164.375
72.08158875 1954932.0
73.0848999 60847.40625
74.06089783 177631.390625
84.04512024 213895.921875
84.08161926 480782.0625
86.09715271 2537952.25
86.10243225 83733.5234375
87.10060883 86507.6640625
102.0554276 57044.8359375
104.0530701 64006.671875
110.0718231 384927.8125
115.52034 50165.3515625
116.0711594 96840.546875
120.0810165 512813.59375
129.1025543 432637.21875
130.086319 95854.46875
136.0759583 517864.03125
147.1128998 223215.859375
149.7701111 49623.5546875
155.118103 322157.25
157.1090698 53952.08203125
158.0930786 91078.015625
159.0918579 61791.93359375
173.1284943 78228.4609375
175.119339 541730.625
180.5574188 45371.33984375
185.1650238 949811.75
186.168396 58531.33984375
187.1436462 71731.203125
197.1288605 78889.2265625
200.1390686 67963.09375
203.1031494 103992.484375
203.1213531 211000.09375
209.103653 53231.31640625
213.1603699 208776.4375
231.097702 99051.15625
237.1219788 53758.1875
249.1612244 66880.265625
276.1676025 64028.9140625
340.059845 50018.07421875
342.179718 53610.62109375
359.2030945 89563.4140625
406.2091675 64009.98046875
423.2339478 309562.4375
468.3022766 61283.8984375
522.2682495 69338.40625
534.2702026 53785.3046875
552.2723999 101194.7734375
634.6014404 49147.8671875
635.3566284 55675.5546875
653.3253174 545300.9375
654.3242798 304159.875
663.3131714 77727.4453125
866.4706421 51679.42578125
887.5752563 54120.8828125
