2354.0819521426 2
165.0913544 7185.6752929688
175.1183319 30661.59765625
215.1029205 13344.4814453125
215.1386871 7726.3188476563
259.0943298 6198.5825195313
270.1904602 8803.51171875
288.2030945 183933.84375
289.2061157 17367.177734375
304.115509 14924.4208984375
312.1594849 8854.6572265625
358.1645203 12196.1826171875
383.1201477 10942.2978515625
401.1332703 36926.73046875
419.1413574 16093.5400390625
480.5275574 7741.158203125
500.1946716 16666.23828125
514.2169189 36051.73828125
515.2203369 10028.3681640625
520.1743164 38735.58984375
532.2271118 9787.36328125
533.2260132 9661.2587890625
561.3022461 15934.65625
613.2835083 12685.34765625
619.2437744 9956.3935546875
631.298645 13195.63671875
632.3327026 8542.119140625
655.4160767 32410.716796875
689.3595581 59536.56640625
690.3607788 16571.216796875
760.3984375 33963.53515625
861.4633179 10610.921875
941.4862061 14119.3056640625
958.4962158 266002.09375
959.4967651 132415.375
960.4960938 36171.01171875
982.8782349 9089.0
1095.552002 10717.767578125
1105.56604 186965.828125
1106.57019 96207.7578125
1107.566406 16675.294921875
1161.508179 34933.0859375
1177.609253 14388.3427734375
1178.563599 37505.796875
1204.635498 67036.0234375
1205.637207 47539.9765625
1268.630859 9779.2607421875
1331.121948 11195.4482421875
1333.678223 48261.58203125
1334.689575 47247.25390625
1462.713379 46501.37109375
1463.709106 47310.734375
1563.778809 64315.6953125
1564.781372 41859.3359375
1723.806152 54289.88671875
1724.785522 56818.85546875
1725.803467 29753.73046875
