2595.30751423718 2
183.1130524 19059.046875
183.1494293 17007.79296875
186.0873413 16763.322265625
186.1238251 11485.0390625
200.4781952 6634.6997070313
212.1029205 44658.11328125
226.1191864 8714.591796875
229.1309967 9171.3896484375
238.1197815 8651.8740234375
240.1350708 82934.0625
242.1464386 5858.025390625
243.1079254 28998.69140625
252.1353455 8276.853515625
254.1488342 12826.1513671875
257.1228943 15024.474609375
258.1038818 6999.205078125
259.0317078 7700.826171875
269.1251831 39121.55859375
273.1552429 8260.8359375
283.1443176 30749.908203125
283.1771545 33776.57421875
286.1505127 70359.40625
296.138855 9254.9970703125
297.1562805 16616.345703125
311.1711731 128954.234375
312.1763916 10126.611328125
314.1461487 145586.375
314.1829224 39564.015625
315.1499023 8876.455078125
316.1650696 142661.90625
317.1690063 43337.0234375
342.1777039 53657.40234375
354.1802063 11014.1337890625
357.2499695 64311.921875
367.2077942 32617.748046875
368.1930542 67374.8125
369.1934814 15429.361328125
385.21875 178758.8125
386.2217712 34996.25
387.1967773 10667.7177734375
391.1975098 11189.6494140625
394.1789551 19704.849609375
395.2025452 40115.0390625
410.361084 9045.1982421875
413.2157898 58644.3984375
416.1934204 9204.1689453125
419.1914368 13911.6494140625
430.7859802 7729.6958007813
431.1572571 11009.3291015625
433.2232971 8321.0966796875
451.2348328 65395.796875
477.2129211 10269.9404296875
479.2310181 67389.5
480.2342224 12070.841796875
534.2709351 9994.140625
552.2840576 12039.2060546875
553.2974243 11591.2783203125
558.3283081 81416.953125
559.2506104 18591.384765625
559.3308716 15146.634765625
562.2693481 66134.0390625
563.2746582 18920.435546875
580.2786865 44987.43359375
581.2885132 12461.5849609375
611.2977905 12732.1298828125
629.3005981 16126.076171875
662.3579712 9963.93359375
669.3540039 8804.2646484375
672.3406372 18148.28125
673.345459 9182.83203125
687.3655396 51087.1796875
688.3650513 11802.7275390625
690.3395996 16989.099609375
700.3846436 9666.716796875
729.3690186 12885.103515625
735.3505859 15023.84765625
772.4042969 10237.6201171875
789.4260254 14531.328125
797.4087524 16750.083984375
798.4003296 57059.80078125
802.4157104 17469.609375
815.427124 75450.5078125
816.4316406 17994.6328125
880.4417725 11645.08203125
891.4377441 11906.8369140625
914.4953003 60064.2578125
915.5045776 30509.064453125
936.4364014 11862.4541015625
992.4879761 13460.5263671875
998.4738159 15097.8017578125
1027.577026 33727.09765625
1028.559204 12925.212890625
1121.580933 60526.02734375
1122.583252 15336.9521484375
1128.624634 36147.375
1137.561279 12245.1826171875
1185.648804 92974.4609375
1186.645386 67998.765625
1187.640747 13037.88671875
1217.51709 16812.400390625
1218.526367 18699.93359375
1247.599854 12087.74609375
1248.596924 12010.1865234375
1254.620728 15881.5751953125
1255.596191 13970.8369140625
1280.65625 10049.6474609375
1297.63269 31213.337890625
1298.652954 65490.98828125
1299.640869 14712.646484375
1348.689331 35590.3125
1349.697266 17655.400390625
1405.7052 65491.5703125
1406.735962 53227.6484375
1506.777588 45960.859375
1585.812256 44912.203125
1586.804565 52390.60546875
1587.819092 17082.751953125
1603.834961 358122.9375
1604.832031 337568.5625
1605.834106 138609.984375
1686.887329 16060.16015625
1704.88501 120549.28125
1705.869141 112758.1640625
1706.869507 45687.24609375
1867.958008 64862.140625
1868.922852 73831.3125
1869.942627 15988.650390625
2015.002319 27901.7421875
2016.027954 15303.107421875
2017.012939 14601.62890625
2165.036377 12410.09375
2166.116455 17993.849609375
2183.120361 93480.03125
2184.113525 142801.25
2185.102783 88716.3203125
2186.068359 27083.283203125
2648.02124 13320.7509765625
