806.40733378046 2
57.05829239 10642.0654296875
58.06599426 16841.5625
60.04524994 51914.90625
60.05651474 14578.7490234375
69.0400238 9042.013671875
69.07057953 15672.92578125
70.0659256 199442.03125
70.79463196 7708.3110351563
72.0815506 1301081.5
73.08483887 50717.875
74.06074524 34986.1796875
84.04496765 149548.390625
84.0814209 329722.0625
85.08470917 10325.650390625
86.0970459 649438.75
87.05589294 19548.20703125
87.10049438 38046.73046875
88.04000092 18475.068359375
91.64231873 8489.744140625
92.03521729 9052.072265625
94.08877563 8216.7470703125
101.0713272 50471.953125
101.1076508 18673.880859375
102.0553818 127198.0078125
102.0916214 21507.2734375
110.0603867 13116.3251953125
110.0713577 70988.3046875
112.0869217 9673.5703125
115.0211868 9967.796875
116.0704956 13901.748046875
120.081192 116111.171875
127.086792 19824.234375
128.6064606 7681.8984375
129.0660706 19208.99609375
129.1023865 298390.8125
130.0865173 112481.1484375
130.105835 18234.10546875
131.1179657 13924.650390625
133.0431976 191000.3125
136.0755157 48057.7734375
141.1022339 14841.49609375
143.1178589 60891.55859375
146.0599365 17474.83203125
147.1128235 167149.28125
152.0709686 38972.15625
155.0815277 223300.15625
155.1175995 15552.630859375
156.0856476 9231.947265625
157.0967712 12396.6826171875
158.0922089 18573.771484375
159.1128845 53171.1328125
160.0433807 11801.181640625
169.0980835 12577.7978515625
171.1131897 19125.26953125
173.0923309 185578.28125
173.1287079 113672.3046875
174.0959167 9315.810546875
175.1192474 134328.015625
179.0489655 10851.3603515625
183.0765381 126111.875
183.1118011 14049.751953125
185.0933685 8607.392578125
185.1649475 17357.3203125
187.1076508 61473.50390625
187.1442413 59843.0703125
197.1287231 11513.8974609375
199.180191 19409.568359375
200.1395874 11011.6572265625
201.0871887 90653.296875
201.1234894 39113.76171875
201.4556427 9165.0166015625
209.0563202 10607.22265625
215.138855 10550.7890625
216.1349182 11766.6982421875
217.0809784 9574.833984375
218.1504669 11939.71875
225.0422974 10405.3447265625
226.1540527 12302.5166015625
229.1320038 15876.91015625
234.1450043 11709.892578125
241.1357269 12068.3955078125
244.1651306 20429.8125
246.1289673 12854.0908203125
251.139389 14325.7509765625
254.1513977 61867.75
271.1222839 39645.37890625
272.1065979 21198.07421875
274.1217346 35070.34375
282.181488 18105.783203125
283.1778564 11216.849609375
289.1337585 73320.1484375
289.1619263 12182.685546875
290.117218 55323.76953125
301.1869202 10405.123046875
301.6488342 13981.8681640625
307.1434937 541441.4375
308.1466675 69825.6171875
309.1402588 16248.4580078125
312.6609497 10701.6806640625
326.6985474 10713.728515625
333.1598206 9324.4482421875
351.163147 11162.05078125
355.131897 8857.79296875
361.1541138 38561.8828125
369.1758728 18031.2109375
402.5584717 8959.6494140625
404.2255554 33393.9296875
411.2453613 12290.2978515625
420.2265015 85247.6328125
421.2328796 16948.1796875
477.2290649 17324.580078125
489.2404175 11912.0576171875
507.2598267 312031.34375
508.2652893 67851.46875
509.2600403 13204.2451171875
515.3260498 38770.8515625
517.2529907 11947.1650390625
606.326355 44272.60546875
652.3818359 11292.46875
677.7740479 9891.5634765625
682.6600952 12457.869140625
