1621.75422237275 2
117.066185 8237.8369140625
120.0808105 24017.326171875
129.102005 81300.15625
130.0649719 20091.380859375
130.0857544 29324.5625
132.0802917 27208.70703125
136.0754242 30841.365234375
145.0603638 10834.998046875
146.0628662 73939.9140625
147.1123352 55050.5546875
155.0807343 11028.4375
159.0793304 23424.01171875
159.0918579 341152.0
160.0948334 22395.970703125
170.0601654 24346.681640625
172.0731506 12221.658203125
183.0917206 9250.935546875
187.0868225 54349.72265625
187.1437836 12899.314453125
191.0848236 62757.3046875
197.1288757 33383.63671875
200.1398926 15956.9638671875
201.0696411 13167.8056640625
201.1227417 12270.294921875
202.0819702 28346.55859375
215.1389465 26335.142578125
216.1143799 48154.62109375
218.1506653 98631.34375
219.0800323 57146.98046875
219.1132965 11632.3330078125
225.1232452 17473.177734375
227.1019135 17474.771484375
228.133606 24412.22265625
238.082962 11458.6015625
242.1520538 13845.767578125
243.1331177 15341.62109375
244.1094513 117145.1328125
245.1109467 31180.84765625
258.0899658 57110.60546875
265.4596252 13650.755859375
276.1004028 12963.1015625
288.1193237 18441.6875
299.1029968 26645.185546875
301.1307678 61403.05859375
311.1738892 15972.44140625
316.1286316 64751.1484375
329.1817627 72358.3046875
333.1221313 32858.05078125
334.1301575 15534.3544921875
347.1931458 29366.923828125
354.1667175 19008.896484375
360.1316833 27951.759765625
360.1695557 66956.375
372.1765442 24034.380859375
383.1959534 14940.978515625
384.1511536 21821.443359375
388.1600647 76707.75
430.1747742 19337.365234375
448.2432251 61711.4140625
456.1705933 22551.87109375
462.2079163 17042.810546875
473.2007751 16477.712890625
480.2088318 21941.7421875
491.2069702 60261.26171875
505.2623901 140569.765625
517.2032471 29722.87109375
602.2843628 30809.837890625
619.3048096 180814.09375
620.3103638 55017.08984375
648.2473755 25840.63671875
715.3644409 19036.4921875
732.3892822 255328.8125
733.3959351 90151.8125
785.7091675 15932.9111328125
843.4145508 29937.85546875
861.4299927 215774.3125
862.4337158 85502.34375
863.4420776 22086.9375
957.5031128 29257.111328125
974.5201416 273845.6875
975.5214844 159926.421875
1021.287048 16667.701171875
1054.600586 21705.0
1085.542725 27873.96875
1086.555176 23678.873046875
1087.537109 19646.42578125
1103.560913 196563.046875
1104.565796 124964.7578125
1105.561157 20399.62890625
1183.546997 18813.4609375
1290.637817 27265.583984375
1347.670654 22966.65625
1403.687134 22416.03125
1490.713257 20150.02734375
