1245.55034867597 2
86.09706879 246967.203125
92.02845001 39181.23046875
96.08128357 21583.9453125
102.7308807 18195.712890625
115.0877609 19736.296875
129.1022797 25489.701171875
141.1025238 71607.1328125
155.1180267 108851.46875
158.0923767 20792.68359375
165.0990601 19176.228515625
175.1195831 127867.9921875
183.1127167 107694.734375
199.1078186 136591.609375
200.139679 568508.3125
201.142334 43880.8046875
211.1433563 19218.09765625
216.1936646 19624.94140625
227.1030579 74281.203125
228.1340332 31068.2890625
261.0385132 19744.794921875
303.4944458 17878.060546875
324.5037231 17783.033203125
331.3515625 17829.099609375
377.1983643 157082.953125
492.226532 22755.873046875
509.7169495 97090.3984375
510.2166443 33261.5703125
510.7177124 22676.486328125
563.255188 22843.94921875
567.1619263 18396.54296875
622.3739624 108223.2109375
623.3754883 24519.685546875
624.338562 44444.23828125
677.2973633 141891.75
785.0700073 21020.95703125
792.3325195 153457.90625
793.3346558 44606.859375
806.956543 21517.65234375
904.3552246 26548.611328125
921.3624268 124741.546875
922.3730469 41809.3046875
944.7502441 21163.50390625
1018.424805 379331.28125
1019.42981 167285.109375
