1831.83071123035 3
127.0866547 2311.8432617188
129.1027374 37206.0859375
130.0860748 18963.84375
133.0429077 7235.8422851563
136.0758972 142821.390625
137.0787354 8472.44921875
147.1129761 28925.548828125
155.0811005 3135.03125
157.0595551 3688.3393554688
158.0922852 3009.3549804688
171.0749207 3167.5295410156
172.1089478 4794.9428710938
175.1185913 9279.9228515625
178.0542145 4055.1240234375
181.0611267 3747.1801757813
183.1498566 3244.080078125
185.0767365 2935.4189453125
185.0919189 22793.86328125
185.1650085 4476.9174804688
190.1224823 4324.3828125
196.4243622 3114.7749023438
197.1291809 3304.5126953125
199.0714722 4183.5512695313
199.1073151 3803.3981933594
202.1192932 3278.3664550781
203.0691376 3176.0856933594
211.1441345 5681.5126953125
215.1381378 3168.091796875
226.0836487 3613.3432617188
226.1186066 24383.0625
233.1273346 6208.7919921875
235.144043 89741.890625
236.1474609 13948.908203125
240.1340485 6368.8745117188
249.9417877 3543.6643066406
256.1291199 20529.677734375
258.1458435 6968.595703125
260.1072388 4635.1899414063
260.1987915 4438.1469726563
262.0859985 4447.5307617188
263.1387024 14311.2109375
276.1530762 5384.6708984375
290.0812988 7565.6923828125
295.1064148 4121.5810546875
297.1565552 4296.1103515625
310.1170654 5637.6909179688
315.0723267 3475.9106445313
316.1312561 5192.1650390625
341.1447449 3834.9448242188
353.1830444 8827.873046875
357.2500305 80384.515625
363.1866455 9238.88671875
383.1687622 5279.1909179688
428.290802 5052.9282226563
436.1972351 5565.6171875
450.2209778 8352.255859375
520.2647705 13731.0810546875
520.762146 4252.1997070313
524.3322754 5917.1176757813
533.2670288 13763.716796875
534.274231 4316.47265625
550.2351685 4669.0380859375
567.2453613 6487.7612304688
610.3191528 24276.98828125
610.8208008 14767.0
611.3196411 13039.5478515625
611.8220825 4205.568359375
612.2855835 8534.0830078125
612.3772583 100919.5625
628.25354 6193.0815429688
640.822998 22699.47265625
641.315918 6006.5537109375
657.3222656 8131.1923828125
675.3320923 59277.796875
676.3364258 17403.69140625
698.3623657 4376.255859375
720.4473267 6366.8203125
742.4261475 14490.3203125
777.3468628 8645.306640625
781.3473511 6887.0092773438
782.2817993 7382.0048828125
785.355957 16956.712890625
785.8554688 5140.7280273438
793.3900757 20023.1640625
867.3937378 5083.1684570313
868.3837891 6203.328125
892.4295044 5884.2719726563
895.3830566 27030.650390625
896.3848267 7148.1547851563
902.4571533 28278.513671875
978.4966431 5266.8208007813
979.4481201 16365.2666015625
980.4546509 5060.0380859375
1039.516724 7069.9252929688
1040.501709 4996.0395507813
1172.937256 5045.0478515625
