2995.40030676682 3
211.1448975 214798.28125
212.0779266 184792.234375
215.1026764 226058.921875
215.9573669 163802.90625
242.0769958 277021.875
243.1101227 199127.75
247.0762329 426432.1875
260.086731 2442951.5
269.1219482 196683.59375
274.1200256 246916.6875
283.1767273 4926165.5
284.1803589 484127.03125
286.1036682 1035796.375
303.1315002 273954.8125
313.1139526 1030660.625
315.1289368 283525.125
328.1892395 470028.3125
331.1242676 1186353.875
346.1436462 1353319.375
356.1575928 394635.59375
357.1391296 443944.375
374.1697998 417802.0
382.247406 336185.78125
384.1518555 3083929.25
389.1332397 1051046.125
400.1914368 317708.90625
402.1621094 4310056.0
403.1662903 858009.375
442.2798767 940366.4375
459.229248 285306.125
470.2237549 1105327.0
479.2981567 404269.5625
488.2002563 334686.09375
501.2406006 222616.890625
515.2450562 1704978.0
522.3041992 838958.6875
523.3044434 281030.625
539.3310547 4744304.0
540.3342285 1425224.25
554.0839233 236605.09375
614.3130493 994230.375
617.2434692 400113.4375
671.2991333 285616.34375
702.394043 6534186.5
703.3933105 2149663.75
704.3953857 339667.625
729.3509521 346075.53125
747.2873535 301155.65625
770.3618164 371804.0625
817.4155884 935161.4375
818.4284058 438533.90625
877.911438 331696.78125
899.4190063 528880.0
904.449585 1612636.75
905.4554443 330942.1875
941.9351807 303690.8125
1018.985229 3289379.5
1019.481079 4055012.5
1019.98053 2247323.25
1020.497986 1040159.625
1051.517578 487312.65625
1052.518921 361746.125
1069.01709 321199.25
1100.545166 350166.5625
1138.548584 1932676.125
1139.550903 952484.9375
1191.536377 392502.375
1192.057617 466188.34375
1267.592773 1492673.125
1268.597168 1106024.25
1298.640747 345822.625
1335.559326 901200.9375
1366.670776 368821.6875
1498.65625 483188.875
1499.624634 383661.84375
1526.722046 888672.25
1527.69751 407610.5
1754.792725 5795379.5
1755.798706 4570004.0
1756.788086 3278446.75
1757.802612 1574691.875
2036.970337 1696462.625
2037.969971 1385081.625
2038.959351 1254180.25
2927.459961 358667.625
