1760.84955053701 3
126.0547791 7208.1860351563
127.086113 6063.5375976563
128.3980408 4542.4252929688
129.0546875 7797.857421875
129.0655365 37290.35546875
129.0939178 7089.7221679688
129.1025238 171008.75
130.0502625 7299.9252929688
130.0866699 70326.875
130.1054993 9861.404296875
131.0812836 11718.9814453125
133.0426331 38060.34375
134.4123383 4204.55859375
136.0664063 8375.19921875
136.0759125 164152.875
137.0791168 12934.6162109375
138.0664215 7681.8364257813
138.1286316 4906.7543945313
139.0864105 8310.6875
141.0658722 9186.8994140625
141.1016235 7694.1884765625
143.1182251 93351.9921875
144.1219177 8073.1923828125
145.0608673 6724.2778320313
146.0914612 6728.2041015625
147.1126556 134468.265625
152.1074829 4962.759765625
155.0814362 17216.728515625
155.1177979 10672.4453125
157.060318 7311.2573242188
157.0970306 42698.19140625
157.1333466 13041.0009765625
158.0924072 10348.2509765625
159.0760498 39022.390625
159.0914459 36688.8125
161.0739746 13369.8857421875
161.699295 4651.5522460938
167.0812531 16064.54296875
167.1181641 9037.408203125
169.1334534 13721.7314453125
171.0756531 7762.0815429688
171.1130524 56726.52734375
172.1153717 39093.1328125
173.0919189 6590.2416992188
173.1285706 12973.8154296875
175.1190033 86050.21875
176.1217194 5394.4604492188
179.0813293 15736.9921875
181.0606995 6436.7846679688
181.0962219 5854.7084960938
183.1133118 9869.43359375
183.1490173 35524.23046875
185.0558014 8793.0810546875
185.0919495 6688.6162109375
185.1287231 14843.3779296875
185.1648865 29251.373046875
186.0884399 14303.6962890625
186.1239319 12447.494140625
187.071106 9155.8408203125
187.1080017 13809.7197265625
187.12883 10266.626953125
187.1445007 221711.53125
187.1613922 8119.55078125
188.1476288 10762.140625
195.0770111 7212.0869140625
197.1286926 29450.013671875
199.0711517 14512.4619140625
199.1076508 48100.234375
199.1806183 50863.78125
200.1390839 14282.6083984375
201.086731 7945.248046875
201.1233063 47368.8828125
201.1390228 5533.1235351563
202.0821075 47446.87109375
203.0856171 5685.4819335938
204.1343994 96456.2734375
207.0769196 27504.462890625
207.1112976 7195.2724609375
211.1443329 32665.123046875
212.1029053 28894.11328125
212.1397095 11983.9892578125
213.0868988 12339.490234375
213.1234283 8043.9926757813
213.1599274 38696.4375
214.1195374 11596.23828125
215.1391296 139526.515625
216.097702 11398.603515625
216.1401825 8989.7060546875
217.0815582 17669.630859375
217.1364288 37950.453125
218.0592194 13567.0146484375
222.1237793 7504.4814453125
226.1185913 17767.291015625
227.1028442 46971.87109375
227.175705 30240.513671875
228.1347198 13605.3955078125
229.1193237 7519.5615234375
230.0945587 9616.4638671875
230.1138763 39553.8359375
231.1149292 7584.052734375
233.1407471 7119.2255859375
233.1649933 37199.796875
235.1075287 10637.052734375
235.1441345 6403.6572265625
236.1025848 7161.0205078125
239.1749115 8798.9052734375
240.0978394 37295.48828125
240.1342621 13643.01171875
241.0810699 17772.11328125
242.1494446 39441.34375
243.1096954 52662.2265625
243.130722 10460.3173828125
244.1314087 7607.3627929688
245.0770721 46986.578125
246.1269073 14630.7255859375
246.1809235 36600.11328125
249.1230164 9916.4814453125
249.1599884 16204.5205078125
252.1342163 6604.7788085938
254.1504974 26119.2265625
257.1616516 35889.1953125
258.1112366 12202.978515625
258.1448059 58351.078125
260.1971436 51457.7421875
261.1604004 15210.2099609375
262.1512756 8713.3427734375
262.4208984 6296.4868164063
268.1644287 10891.7412109375
269.1607666 8358.013671875
270.1826782 51873.6796875
271.1818542 31287.216796875
272.1629028 7986.3872070313
274.1242676 8135.2211914063
274.1602478 9303.3525390625
275.1717224 29071.7265625
277.1557922 11643.4111328125
279.1463013 9025.08203125
283.1450806 44841.8203125
284.1975708 11953.271484375
284.6491089 17651.154296875
285.1350098 32909.70703125
286.1400757 15440.4716796875
287.1414185 7533.1552734375
288.2019958 9049.9853515625
290.0802002 11683.70703125
294.1817627 33157.2421875
297.1576233 9819.6513671875
298.1409912 10122.5654296875
299.1728821 14159.595703125
308.1640625 9898.8037109375
308.1968079 59240.78125
308.6478577 13887.556640625
311.1379395 14211.7275390625
311.1723633 15991.5751953125
312.1916809 9214.0810546875
313.188446 9200.7080078125
314.208252 33987.390625
317.2192688 76403.875
318.2219238 16378.783203125
320.131073 9626.3994140625
323.1353149 10421.9970703125
326.1715393 8247.06640625
326.2451782 30167.001953125
330.1643066 7719.2602539063
335.1752319 63908.77734375
336.1806946 7296.8422851563
341.1464844 9032.7060546875
344.1586914 34093.91796875
347.101532 10407.060546875
348.1656799 53404.953125
355.1602173 50233.33984375
357.214386 36219.71484375
366.1777649 235725.8125
367.1808472 51741.15234375
369.1391296 12290.3662109375
372.1881104 26920.65234375
374.1977234 6759.3471679688
374.2383728 51959.31640625
375.237854 35054.0078125
381.2524109 12507.380859375
388.2564392 30020.2265625
391.2351685 39960.140625
392.2375488 9465.5029296875
398.1658936 25346.8203125
398.2160034 10005.3349609375
399.2228699 8782.3974609375
402.2409058 9551.5224609375
403.1645508 13085.31640625
409.2454224 62981.13671875
410.2475281 10142.783203125
412.2167053 10251.0966796875
417.2081604 7661.5532226563
424.2200928 9975.6904296875
426.2067261 12612.6181640625
427.2935181 12355.3515625
431.3006897 11970.6328125
432.2485657 7457.3740234375
432.7270508 25983.93359375
433.2264709 13740.6298828125
439.2287598 9579.31640625
440.1742554 11147.6689453125
445.2796936 34408.4921875
448.2597961 47212.015625
457.2426453 13245.0859375
459.2938538 31174.51171875
469.2376099 8472.2724609375
478.3036804 13707.9033203125
481.2554932 39288.17578125
481.757782 8209.2412109375
482.2337646 9714.0166015625
483.2228699 13740.494140625
485.256897 38611.06640625
486.2929993 8204.42578125
487.2497253 9312.3544921875
493.2524414 12790.515625
493.7538757 13335.6171875
495.2436829 9926.1181640625
502.2999573 129473.875
503.2981262 33471.28515625
504.2762451 16692.796875
508.2842407 46008.31640625
513.2456055 244758.8125
514.2502441 88793.8828125
515.2531738 11772.0283203125
531.2086792 11336.3349609375
535.7797852 29876.814453125
536.281189 13369.9326171875
543.3909912 8703.734375
544.3897705 11337.7265625
556.3464966 8540.953125
559.3015747 7421.8427734375
561.3412476 73563.4296875
563.277771 8610.5078125
579.3563843 11827.0634765625
586.3964844 37277.3046875
587.395874 70126.953125
588.335144 38905.58203125
603.34729 161390.046875
604.3497314 76203.8828125
610.3150024 12587.4541015625
616.289856 29574.89453125
627.2667236 9187.0380859375
633.3197632 72374.9453125
634.3272095 28681.708984375
635.3443604 31234.65625
640.355835 12357.1845703125
644.2872925 167327.125
645.2845459 95972.046875
646.2877808 42701.15625
647.2852783 9704.9853515625
650.3273926 16992.80859375
657.2304077 9943.5322265625
660.414856 95100.578125
661.4136963 52125.21875
664.4393921 30483.30859375
666.3458862 11149.2734375
674.416687 10166.4482421875
678.3538818 31509.140625
681.3515015 8532.3818359375
683.3031006 16705.046875
691.3828125 12650.462890625
692.4404907 13529.65234375
698.3776245 8461.9306640625
699.3755493 10920.013671875
706.3131714 12431.4853515625
716.4104614 37808.1796875
737.380188 14880.5712890625
746.4026489 53756.83984375
747.4053955 34260.44921875
765.3955078 50214.55859375
766.392334 12459.7802734375
768.4026489 11676.5625
773.4574585 34842.53125
796.385376 11370.1845703125
810.3997192 8291.275390625
819.3969727 30743.421875
820.3986206 11719.8369140625
827.4440308 10809.962890625
828.4273071 12462.9931640625
844.4699097 14786.5732421875
847.4346924 30470.033203125
848.4338989 13908.310546875
857.4341431 11330.791015625
860.4848022 43405.26953125
862.4814453 43662.671875
864.4522705 29754.025390625
865.4458618 14197.275390625
868.4798584 11245.7900390625
874.5404053 40045.00390625
875.4502563 51734.28515625
876.449707 13359.333984375
878.4726563 15721.9384765625
912.4807739 12224.3349609375
933.5054321 34842.375
959.4525757 10333.6669921875
961.4988403 41716.984375
1003.504883 9858.416015625
1004.539124 45584.921875
1005.557678 12585.1884765625
1027.424072 14725.4404296875
1045.411011 11428.6484375
1070.552002 45096.046875
1071.553589 14720.68359375
