1106.54554727861 2
84.04516602 129001.953125
84.08161926 122387.9296875
86.09724426 23361.78515625
87.05609131 25727.484375
87.6399765 23967.759765625
101.0714798 109846.953125
102.0556183 31676.544921875
104.0536346 35368.96484375
111.7531357 27534.943359375
112.0881119 29453.20703125
129.1024933 149470.609375
131.0817261 353632.96875
147.1135101 29932.916015625
159.0766602 348205.6875
175.1196442 199459.578125
185.0928955 35307.7578125
203.1022339 181388.5625
213.0873566 59754.890625
216.0978546 45263.5234375
231.0977783 129413.6953125
240.099472 50751.12109375
242.1129608 142801.34375
260.125061 54719.57421875
288.2035217 27466.044921875
307.5369873 26870.310546875
341.1465454 32483.087890625
345.2236633 60892.34375
435.3605347 27950.861328125
446.2704163 40254.32421875
475.4804688 28166.3125
503.2932739 171281.984375
504.3023376 32584.607421875
545.7415161 38469.8828125
546.2474365 34341.08984375
554.2540894 296732.90625
554.7597656 173667.125
590.3272705 468656.3125
591.3244019 133727.890625
701.3526001 135723.921875
702.3599854 37317.3203125
718.3843994 383884.6875
719.3855591 59799.87109375
723.2594604 29301.47265625
802.3477173 31309.845703125
829.4150391 41394.921875
847.4179077 171881.765625
848.4351196 35789.21484375
853.0369873 30214.63671875
894.8656006 28839.095703125
919.3821411 28804.0078125
948.4694214 224952.453125
949.4645996 50340.0703125
1127.327637 29903.384765625
