1610.8990765411 3
116.070816 85538.0859375
119.0815735 158647.828125
120.0804825 581475.3125
121.6181793 64175.5390625
127.0859756 92026.484375
129.1028137 809424.25
130.0862732 99015.84375
133.0426483 557674.1875
136.0761261 866904.0625
136.0838623 99024.4140625
138.6076202 70209.546875
147.1127625 236542.8125
155.0814362 103738.25
157.1337891 1043502.25
175.1185913 223028.671875
177.6003113 88841.9140625
181.096817 118211.578125
183.149231 185309.0
185.1287842 1186015.375
197.1297455 119051.1875
199.1803131 229753.921875
201.1237946 1180655.0
215.1395721 194922.359375
217.1334534 568448.375
221.133606 118084.2578125
226.1553955 1668579.875
227.1757965 135130.28125
229.1184235 256168.375
239.8227234 99704.78125
244.1655731 1094900.0
245.1276855 258916.390625
253.0943146 127496.5859375
258.1447144 143629.296875
262.085083 265386.0625
277.120697 103788.140625
292.12677 119316.7578125
298.212677 457409.78125
323.2073364 1868240.25
324.2108765 174706.25
363.4190063 112510.8671875
374.1716309 475820.0
375.1725769 187756.203125
375.243042 111110.921875
381.2518616 144942.40625
395.2028198 193184.15625
405.1611328 163199.171875
469.3147888 216488.515625
470.2669067 145031.203125
503.2983093 241506.546875
504.2943115 164879.3125
564.2438354 152302.21875
566.3668823 3364720.5
567.3664551 901374.3125
591.3161011 170962.34375
608.2965698 237145.015625
662.3469238 804204.9375
666.357605 712093.75
677.4019775 191931.453125
687.3497925 128853.53125
695.4123535 260001.109375
697.9824219 140044.515625
729.6786499 136081.21875
734.3522949 480182.21875
737.3922729 233593.390625
741.874939 241260.796875
757.3734741 538674.6875
758.3829956 174908.125
793.3925781 713478.5
832.416748 211151.28125
842.480957 260003.046875
843.4677734 170005.46875
847.4348755 198508.40625
930.4468994 161164.796875
939.5291138 1575760.625
940.5294189 801480.125
1442.913208 158261.265625
