2740.23941804463 2
214.1923218 3610.3603515625
223.1082764 7085.2705078125
228.1342316 4686.4296875
236.1035461 8302.4765625
246.1801605 5783.4423828125
251.1038361 3975.564453125
254.1133118 10522.2978515625
261.0911865 6584.09765625
274.0119629 3910.9008789063
302.0961609 4623.1147460938
359.266449 8815.4111328125
360.1567688 4784.9848632813
369.139801 5968.392578125
407.1928711 5660.74609375
417.1755981 7296.267578125
435.1868896 8180.3232421875
466.1612854 5912.1215820313
488.3086243 11317.9619140625
511.194397 5199.5170898438
512.1907959 5090.3916015625
515.1502686 4871.4584960938
573.2189941 9446.884765625
592.2381592 6046.490234375
617.3585815 5142.720703125
618.3521118 7282.0620117188
628.9228516 5970.6123046875
642.255249 6149.607421875
681.248291 6769.0556640625
695.2696533 6719.9072265625
697.2747192 6099.130859375
718.2710571 10425.1728515625
736.2711792 31803.94140625
737.2816162 19051.38671875
803.4318848 9964.90625
810.300293 6859.3793945313
822.3446655 5583.0454101563
849.3132935 7030.8076171875
867.3227539 19487.26953125
881.3590088 5879.1274414063
901.3465576 6950.4951171875
909.3824463 6765.31640625
974.491394 18595.76953125
975.5100708 10465.0634765625
996.3701172 24218.67578125
997.3677368 21772.080078125
1009.749023 6529.2021484375
1061.528809 30587.076171875
1062.520996 7199.916015625
1077.41272 7060.1059570313
1095.430542 24193.287109375
1096.432251 7280.1005859375
1162.56543 18927.57421875
1276.619141 44545.16796875
1277.614868 26991.6328125
1299.597778 6141.7958984375
1330.649292 8459.6572265625
1347.653442 50831.796875
1348.657104 39642.23046875
1349.640625 8269.318359375
1372.670654 7406.3037109375
1383.631226 6989.0
1401.670288 7061.1596679688
1418.692993 34517.08203125
1419.684814 31245.642578125
1529.729004 34024.52734375
1530.725952 10427.53515625
1546.753662 22778.2578125
1547.753296 25358.119140625
1548.745605 8878.2138671875
1645.828857 38754.859375
1646.837402 37943.484375
1647.82312 9991.9970703125
1744.89856 19616.19921875
1745.892456 7739.0625
1873.925293 10156.3125
1874.959961 8603.3486328125
1952.843872 7167.8466796875
2004.973877 7120.3061523438
2005.95105 9813.8125
2006.989624 8406.9560546875
