1823.86733915297 2
129.1024017 22260.08203125
130.0859833 24804.76171875
133.0426941 13109.5126953125
136.0755463 20574.96484375
147.1124878 73952.6796875
147.1229095 9728.1435546875
156.4044952 15236.4794921875
157.0973511 190227.390625
158.101593 14329.443359375
173.1278687 13144.287109375
175.1182251 36254.59375
183.1490936 136077.015625
185.0922852 367398.15625
194.330658 14610.2705078125
197.12883 19379.185546875
197.5622253 14864.3408203125
199.1067352 15951.080078125
199.1804199 79417.5078125
201.1238556 23499.890625
203.121582 30246.03125
211.1438446 190747.375
215.1391754 36129.49609375
222.5655975 16089.0029296875
225.1597443 23352.783203125
227.174942 68074.8828125
229.0946503 19302.837890625
233.1299133 14652.865234375
233.1657257 25831.90234375
237.6574249 13658.1787109375
246.1816711 19476.6328125
249.1240692 16737.8515625
261.1599121 18428.31640625
270.1812439 18340.759765625
276.0632019 30937.916015625
277.1181946 112209.0703125
278.1534424 38585.2578125
280.1663513 180676.1875
285.1562195 25240.138671875
298.1421204 39332.54296875
298.1762085 1007824.25
299.1794128 156630.46875
300.1329041 71616.8984375
314.2076721 17815.6015625
323.6747437 17153.244140625
324.2288513 99379.359375
325.2294006 17146.77734375
366.2377014 32462.921875
377.2214355 26487.4375
383.265564 233796.921875
384.2695007 25389.232421875
390.2020874 130987.921875
391.0933533 33977.7421875
393.250885 74285.28125
411.2611389 330933.875
412.2643738 89828.03125
431.2618713 37745.82421875
432.2648621 17179.99609375
478.1222229 37417.41015625
479.2289429 18257.857421875
496.3540649 24977.052734375
503.1430664 20513.033203125
506.3330383 21038.748046875
509.2771912 29951.517578125
513.3121948 27797.654296875
521.1494141 24316.435546875
524.3451538 72425.0625
528.2866211 19081.8046875
537.2686768 36561.60546875
545.3059692 82919.265625
610.1548462 23846.134765625
618.1678467 24491.560546875
625.1878662 25047.8359375
635.1890259 25500.40234375
636.3464966 19481.43359375
657.3566284 36043.46875
676.3480835 93747.859375
723.2172241 22818.1640625
733.1948242 23825.140625
740.3947754 20998.900390625
791.3666382 25483.59375
844.4752808 24429.611328125
912.4723511 84747.0078125
913.4856567 110563.2734375
915.5093384 68532.5546875
951.4031982 36015.6171875
952.4110718 31631.197265625
1031.559814 113316.90625
1032.571045 26563.30859375
1038.327026 24933.9921875
1067.442017 37050.02734375
1130.883789 19953.02734375
1136.438599 24526.986328125
1150.6427 32522.5234375
1151.662842 32386.0859375
1153.464233 114679.1953125
1154.467407 104032.703125
1155.471191 34072.30078125
1200.780518 29605.7421875
1300.528687 264657.3125
1301.538696 154040.28125
1302.542969 63191.73828125
1303.531006 29444.966796875
1395.655273 31154.0859375
1396.598267 34871.3984375
1413.608398 209073.515625
1414.617432 145003.5625
1415.615845 84034.28125
1528.693481 29143.837890625
