1706.86204491207 3
119.0490417 10172.2392578125
120.0812454 575132.1875
121.084137 26634.5390625
125.8682251 6979.5639648438
126.0548248 22154.158203125
129.0655823 10363.107421875
129.1025238 150670.46875
130.0499725 8572.4755859375
130.0647125 19743.16796875
130.085968 80109.6328125
130.0942841 8215.9208984375
131.0813446 10489.076171875
133.0431976 19292.5390625
136.0665588 18041.12890625
136.0758972 380133.75
136.0856781 25392.20703125
137.0788879 22348.73828125
140.0704803 24442.97265625
141.1019135 15492.1689453125
147.10495 8807.421875
147.1128235 131982.484375
157.0971832 12162.328125
157.1336823 22793.07421875
157.8379059 8967.5244140625
158.0928192 17471.015625
159.0781555 10375.0087890625
159.0916901 9364.205078125
164.1182251 52818.6875
167.0813904 20682.595703125
169.0972595 10673.130859375
171.0758362 50277.02734375
171.1127777 9240.703125
172.0735779 8095.9331054688
175.1191101 88000.5234375
176.7687683 8224.3779296875
181.0605316 10283.2998046875
183.1124268 13497.3271484375
183.1491394 79401.0078125
185.0921478 30072.900390625
185.1284637 28726.447265625
185.1651917 44769.37890625
187.1073456 15000.529296875
189.0869293 22121.513671875
192.1129303 9520.724609375
195.0766449 18041.515625
197.1286163 15651.5751953125
198.0869904 10377.978515625
199.0706329 23510.896484375
199.1082611 134847.953125
199.1440582 8187.521484375
200.1390533 50890.41796875
201.1225433 18960.734375
203.1022034 22102.142578125
207.1135559 15173.091796875
209.1399841 189671.21875
210.1428986 11990.1533203125
211.1446075 83166.1875
212.10289 10300.3125
213.0870972 60278.89453125
213.1603394 20424.779296875
215.1389923 18558.310546875
216.098053 100675.3984375
217.098587 16076.921875
218.150116 54967.0859375
223.1080475 22305.083984375
225.0973206 10038.9384765625
226.0831451 12048.0166015625
226.1200409 15844.9599609375
227.1029053 183639.03125
228.1358948 14376.1005859375
231.0978851 58333.0078125
233.0931396 19621.16796875
233.1644897 16872.34765625
234.1242371 56051.0546875
237.1346893 97339.0546875
242.1490479 13301.9208984375
244.165802 21195.109375
251.1033936 19057.8828125
260.1050415 12625.5439453125
261.1602478 10971.7626953125
263.1395874 29905.234375
276.1410217 12061.9541015625
276.1656799 97643.8359375
277.119873 18515.197265625
283.1034851 13780.5546875
292.1646118 11276.3525390625
299.1411743 12146.107421875
303.2156677 12998.8466796875
310.1427002 28639.173828125
310.1766968 111113.1875
310.2123413 41024.11328125
311.1760864 24022.3203125
312.1549377 10788.34375
313.6677856 11502.720703125
317.2191162 20035.73828125
318.1939087 59060.80859375
327.1322937 60345.28515625
328.1511536 76666.421875
329.182373 56845.734375
331.1955261 13741.8994140625
332.1608582 19206.951171875
336.2032471 29503.48046875
340.1873169 15622.5908203125
341.2190247 13682.0859375
350.171051 54316.7109375
363.1828003 16371.11328125
373.1996155 13079.5810546875
382.2023315 48644.95703125
382.7009277 12897.7236328125
387.1965942 15671.765625
404.2070618 19562.853515625
404.2601318 129975.5234375
405.2111206 70897.015625
405.2634277 27152.3203125
409.2475281 24927.8984375
410.250885 13427.7841796875
414.1993713 14767.3232421875
414.2718201 23580.109375
424.1831055 26911.43359375
431.1592712 47239.40234375
431.2290039 17089.796875
440.2171936 12921.8955078125
442.1923828 125404.640625
443.1938171 25685.8515625
449.1704407 15531.3935546875
449.233551 17275.4140625
449.2919922 18663.19921875
459.2250061 14362.8310546875
502.241272 15979.9501953125
510.2552795 18072.77734375
511.253479 15501.041015625
515.2976074 24751.412109375
520.2471924 22935.99609375
526.2624512 19735.345703125
527.2822266 105978.2578125
527.3596191 100027.2578125
528.2851563 45817.61328125
528.3607178 13996.95703125
531.9326172 28646.814453125
532.2678833 23052.69140625
533.3059692 121001.2265625
534.315979 36152.7734375
537.2692871 20296.50390625
538.2592163 52609.82421875
540.2990723 14241.376953125
555.2785645 211836.515625
556.2816772 59684.88671875
572.3114624 69839.328125
573.3174438 19484.970703125
601.3309937 76509.1484375
602.336853 15073.9716796875
612.3509521 98274.453125
613.3519897 21611.66015625
635.3012695 113153.828125
640.3725586 28475.193359375
645.3362427 15973.9326171875
662.3493042 169290.859375
663.3474731 50202.3515625
668.3585815 90277.7109375
669.369873 17470.005859375
671.3740845 20153.478515625
684.3374023 23366.865234375
692.3411865 17383.7734375
745.394043 23933.24609375
746.3461914 25842.69921875
758.4130249 52240.66796875
763.395752 303449.0
764.4050903 113067.4140625
765.3918457 22062.158203125
797.3911743 23779.46875
797.9053345 16267.8310546875
803.3668823 21734.861328125
820.4037476 21285.310546875
822.4935303 28393.87890625
831.3931274 18376.1796875
856.4140625 17992.15625
874.4313354 121725.40625
875.4300537 74983.21875
876.4182129 16660.447265625
892.4351807 254328.71875
893.4425049 108810.3046875
894.4358521 21425.765625
902.5751953 62791.47265625
903.574585 18545.234375
911.4153442 53889.10546875
912.416748 28935.751953125
921.5130615 15427.2255859375
1022.493164 62563.75390625
1024.477417 18637.109375
1039.503662 158727.171875
1040.511353 75588.3828125
1041.51355 55798.31640625
1152.58606 25223.201171875
1266.639893 28433.958984375
1267.638916 21303.6484375
1267.915771 18962.7109375
1367.714844 18134.109375
