2095.11800783027 2
147.1120758 3168.6967773438
159.0913544 3100.392578125
169.1327057 4249.923828125
170.7946625 2508.6911621094
175.1189728 22304.26953125
183.1128845 2752.8803710938
185.1651917 29670.3046875
196.1439514 4388.8203125
197.1287079 8421.0595703125
199.1791077 3945.2131347656
201.1235352 4003.7138671875
207.9408875 2817.3564453125
213.1593323 22416.505859375
214.1549835 6602.2041015625
221.6295319 3424.0361328125
226.1177063 2964.0732421875
227.1752319 5478.6313476563
228.8310242 3025.7834472656
240.134552 6638.716796875
242.1500702 36054.89453125
270.1455688 3634.6645507813
274.1182861 5236.7954101563
293.1162109 4341.8017578125
294.6074524 3476.1918945313
305.160675 6568.8271484375
312.1589661 5132.5576171875
322.1885071 6695.75390625
341.2181702 80313.796875
342.2225342 15959.3564453125
355.2355347 23388.583984375
388.2558899 4515.5346679688
406.763092 4189.2446289063
409.2816162 5314.1059570313
426.3067322 4738.7221679688
454.3034363 24792.06640625
455.305481 4128.0712890625
461.2564087 3662.1437988281
476.2151489 8110.7124023438
478.2792664 16254.0810546875
503.2328491 4785.8374023438
547.2511597 22319.16796875
548.253479 6174.3774414063
641.3374023 8836.5380859375
673.3044434 4597.7036132813
728.3776245 29625.50390625
841.4537354 15409.419921875
912.4949951 22757.423828125
913.4962769 7443.71875
933.4723511 4257.7490234375
967.5053101 5270.5341796875
973.4910278 5117.0224609375
994.3438721 4426.30078125
1013.537109 28302.875
1014.545288 14857.119140625
1047.594849 5039.2202148438
1084.575317 22009.94921875
1085.580322 14310.6748046875
1185.628296 17261.384765625
1186.619995 5663.0361328125
1265.630005 4908.3930664063
1299.668701 35514.2734375
1300.672119 15929.34375
1336.692261 5292.7060546875
1414.688599 19981.876953125
1415.700562 15003.6044921875
1511.707153 8816.7802734375
1528.742432 75538.1015625
1529.740112 56780.703125
1530.728882 33556.15234375
1531.771729 5583.4775390625
1624.800903 6907.2553710938
1625.788818 6885.275390625
1641.826782 34605.59765625
1642.814819 30253.396484375
1643.824951 14714.8642578125
1754.913208 8454.064453125
1819.981934 5594.6728515625
2045.591919 6111.4223632813
