879.447871078562 2
70.0660553 522909.8125
72.08157349 454520.28125
74.06079865 773254.1875
84.04505157 421940.3125
84.08142853 268510.5
86.09708405 1385832.625
89.07167816 158176.1875
94.05677795 64327.22265625
101.0715942 395955.75
104.0533829 346542.03125
107.586319 59498.15625
110.0718079 107022.8984375
112.0703354 66155.96875
112.0876389 76357.21875
115.0870285 1272196.125
116.0712585 67329.25
119.0817261 463354.96875
120.0811386 547249.0
127.0869675 84706.0078125
130.0865479 143423.203125
136.0758209 115250.1640625
143.081665 771814.4375
147.1133575 117759.1875
155.0817108 73345.96875
158.0931854 91494.1875
159.0921631 263822.8125
169.1341248 82043.8203125
175.0868225 85307.1875
175.1190491 1249795.0
176.1235352 92694.1015625
183.1140289 75240.6015625
187.0904236 102085.75
195.0760345 157728.71875
201.1240997 664362.75
202.1277161 62272.3671875
230.1130371 113335.6640625
309.6613464 150794.671875
310.1626587 100586.8984375
330.1500549 364001.15625
334.3574524 67265.640625
344.172821 316665.59375
361.1968079 529460.6875
362.2006836 74236.4921875
365.6698608 79845.9140625
395.7072144 103346.6796875
396.208252 96188.984375
474.2360535 73481.96875
501.4038696 89371.1015625
508.2668457 1191154.125
509.2695313 342594.75
619.3001709 378992.375
636.3205566 429136.4375
637.3262329 123736.03125
649.3285522 77814.4140625
737.3654175 275972.5625
738.3696289 91650.59375
809.5666504 73244.46875
