968.49098608129 2
70.06599426 204671.40625
77.10066223 33240.796875
84.04520416 58752.484375
86.09709167 216105.3125
101.0710449 57102.38671875
102.8602982 28889.845703125
110.0717697 1125544.25
111.0748215 42483.72265625
131.118454 33740.82421875
147.112854 43385.3515625
158.0930023 42740.05078125
175.1193542 259272.734375
195.0881348 182105.40625
200.1028595 44529.88671875
208.0719757 34050.63671875
225.0988617 107997.1640625
255.1454926 60569.51953125
278.0899658 34596.66015625
278.1235046 32897.4140625
278.6527405 36403.43359375
292.1035767 55077.55078125
304.1053772 69243.8515625
322.1162109 120466.7421875
340.1257324 50930.9140625
383.7189331 472016.71875
384.2213745 165784.359375
397.1464233 119250.40625
427.2409973 41161.6640625
473.2826233 250902.765625
484.3255005 451338.6875
484.7464905 74455.296875
485.3250122 119306.3203125
558.1122437 34788.0625
572.3497314 132031.015625
629.3739014 756723.3125
630.3793945 218701.0
