2530.32189424343 3
175.1183929 63512.4296875
182.1291656 17397.35546875
183.1125793 92130.4375
186.1248169 11787.947265625
187.1456604 12707.4580078125
189.0867615 12818.646484375
197.1298218 18251.06640625
197.4020233 11848.6982421875
198.0872803 23226.052734375
200.1393738 25743.07421875
201.1233215 97517.375
201.1415405 12076.017578125
203.1031189 54984.14453125
209.0919189 11403.34765625
211.1070251 18091.375
213.0870819 71825.546875
214.1183014 13656.3330078125
215.1387787 61466.64453125
216.0982513 96240.3359375
219.1343536 28422.63671875
226.1185455 60982.78515625
226.154953 34729.28515625
228.1347046 55729.7734375
229.1190033 23379.6484375
231.0977173 80627.5546875
231.1532745 13580.4990234375
240.0984192 21669.369140625
240.1345978 137976.125
242.150116 58977.2890625
244.1656494 239470.234375
245.1684113 24232.810546875
257.1247559 59671.8203125
258.1455688 117432.0
266.1507874 31510.318359375
270.1465454 15261.8818359375
272.1608276 18330.4453125
282.109375 15498.486328125
284.1608887 85582.890625
290.149231 17990.912109375
297.1561279 18659.41015625
300.1205139 82281.7734375
302.1686401 17997.951171875
311.1730652 16339.673828125
311.2071533 20672.724609375
312.1552734 34842.18359375
313.153595 14510.1328125
315.1681519 28060.6171875
315.2029724 106911.3984375
316.2046814 15355.3388671875
318.1311035 77936.453125
326.2051697 18664.595703125
327.2041321 24060.751953125
329.1473389 25119.216796875
329.1830139 61159.453125
341.1822815 17832.3671875
343.2335815 23150.458984375
353.1816711 22864.650390625
353.2201538 20511.017578125
355.1632996 15961.4443359375
368.1948242 14865.02734375
369.1786499 33087.85546875
371.2314758 82742.90625
386.2040405 24450.32421875
387.1889648 17260.587890625
395.1942139 32245.33984375
413.2027893 16533.220703125
417.2041626 25653.455078125
430.1951599 32519.33984375
431.2155762 23034.80078125
438.1970215 19414.041015625
457.2433472 90052.1953125
458.2265015 26759.587890625
468.2545471 41556.16015625
471.296936 20239.154296875
475.2519531 16980.357421875
482.2653809 20630.080078125
485.2696228 24206.529296875
486.2669983 18945.693359375
499.2924194 28930.734375
515.3264771 15755.0068359375
543.2763672 24594.986328125
607.3180542 18992.80859375
609.3331909 15862.2841796875
627.3486328 26081.259765625
643.3699341 21789.833984375
744.1976318 22926.603515625
758.3928833 33375.0625
759.3944092 27689.63671875
778.7184448 18386.048828125
808.4266968 18965.408203125
808.9387817 24674.8671875
843.5465698 23531.609375
844.5006714 17033.84765625
845.5310059 318395.28125
865.9659424 18289.66015625
886.5075684 24707.08203125
887.4873047 25796.4609375
915.9725342 71138.03125
916.4838257 112274.9921875
916.9752808 57277.7109375
917.4840088 24025.603515625
974.4899902 17898.8359375
986.5048828 18386.181640625
989.5784912 76851.4453125
990.5845947 34183.671875
1001.031433 78966.625
1001.525269 151395.203125
1002.505737 57542.3046875
1018.455994 245256.4375
1019.468567 26428.37109375
1045.517944 20190.548828125
1051.067749 29060.615234375
1101.59375 21137.37890625
1131.615479 158492.71875
1132.61853 120896.109375
1188.582764 68303.765625
1201.644165 24135.033203125
1202.646851 33866.34765625
1232.65686 57357.19140625
1233.67334 28491.2421875
1234.667358 27069.4140625
1288.671387 137254.6875
1289.680054 102062.1640625
1361.726563 25618.693359375
1401.73999 32374.927734375
1459.759033 22441.759765625
1460.786133 29070.728515625
1461.740967 29126.884765625
1516.777222 95773.1328125
1517.772217 80553.4765625
1518.777466 29087.833984375
1729.854858 19990.880859375
2523.940674 20370.78125
