2226.08392615148 4
175.1193085 63199.8515625
199.1076965 45404.515625
201.1223755 26831.634765625
214.7501068 15019.28515625
221.2724152 16932.19921875
227.1025696 26690.232421875
256.9680176 15951.0078125
271.0872192 24197.59375
272.0701294 43944.78515625
279.140686 16283.6630859375
286.1499939 19570.880859375
289.0965881 20208.80078125
293.4100037 17640.09765625
303.1777649 398834.4375
304.1807556 29380.3515625
314.6752014 19273.748046875
349.0358582 18020.15234375
371.1387939 20099.02734375
385.1723328 22290.494140625
388.1652832 27668.044921875
418.2039795 22889.2421875
432.9050903 27438.833984375
433.2383423 40385.546875
535.8024292 32455.34375
536.3048706 35748.04296875
556.3283691 94798.7890625
557.3093262 82648.3828125
557.3825684 493816.65625
558.3330688 100608.703125
558.3902588 20611.232421875
600.3203735 44443.5703125
628.3399658 257921.265625
629.343811 99607.046875
631.2507324 26121.275390625
631.3456421 31709.248046875
648.8479614 141637.75
649.3511963 105329.78125
649.8604126 28814.21875
669.3562012 38357.4375
756.4387207 88719.2109375
799.3079224 87583.265625
800.3017578 27800.453125
884.5327148 30236.771484375
994.5164185 37575.96484375
1200.639526 27632.640625
