1043.40292829925 2
74.06089783 12882.216796875
82.06562042 1893.0941162109
83.06091309 2555.1965332031
84.04492188 33854.7421875
84.08145905 82494.65625
84.08648682 3260.365234375
85.01126862 2111.0881347656
85.08489227 2988.2487792969
85.70761108 1367.4876708984
86.06138611 1582.5435791016
86.0970459 60977.03125
87.05580902 8732.2490234375
87.10023499 2094.4519042969
88.04007721 3788.5710449219
88.07613373 1643.9808349609
89.07173157 13775.4453125
90.00144196 1494.5093994141
92.01689148 4132.9599609375
92.03430176 2341.5083007813
100.0762482 4195.8388671875
101.0713654 19558.49609375
101.1077271 3357.75
102.00103 1622.7004394531
102.0554504 22053.26171875
102.0919952 2047.0928955078
104.0540009 1745.7598876953
105.0660172 2511.7985839844
110.0715866 24347.62890625
112.0873337 13585.5048828125
113.0711975 6521.6630859375
114.0554047 6829.9462890625
115.0221481 4817.67578125
115.0504913 4182.3349609375
115.0867615 10061.1904296875
116.0168152 3681.6491699219
116.0708847 3794.9064941406
119.8902206 1629.2414550781
120.0811005 39155.15625
121.0850449 3461.8486328125
126.0559311 1915.6789550781
126.0915604 25002.984375
127.0492554 1534.7530517578
127.0866623 2615.0090332031
129.06604 9003.8115234375
129.1024323 82220.3828125
130.0863495 26655.884765625
130.0963593 3531.1989746094
130.1060638 8338.6708984375
131.0812836 6448.6904296875
133.0431213 28938.17578125
134.2861328 1679.779296875
136.0758514 21498.091796875
139.049942 16555.1328125
139.0868683 2298.701171875
140.0710602 1758.1038818359
141.0658875 3279.0988769531
141.1021118 14912.6259765625
143.0813141 6731.962890625
143.1183472 10493.0224609375
144.0116882 1669.1163330078
144.0652466 2035.7037353516
144.0762482 2021.2236328125
147.1129761 39886.14453125
152.0708313 2407.6564941406
155.0818176 7380.64453125
156.0766144 4027.703125
157.0609131 2642.1154785156
157.097168 3574.1596679688
157.1088867 2933.2648925781
158.0929413 13894.80078125
159.0767822 9054.84765625
160.0427704 14725.4130859375
161.0368652 12247.1357421875
161.8864441 2076.6953125
166.0503235 2052.7060546875
167.0550385 2593.8955078125
167.0810394 2027.4739990234
169.0969696 8885.177734375
169.1335602 2423.8610839844
171.1126709 4131.6196289063
173.1284027 17794.8125
175.118988 61352.84375
176.1222382 4144.9526367188
178.0528717 3750.2219238281
178.0650024 42241.84375
179.0675964 2449.7553710938
183.0768738 12104.1083984375
183.1127014 3571.3420410156
185.0916748 2783.7067871094
186.0866394 3201.7416992188
186.1243439 2580.7258300781
187.0718842 7720.1962890625
187.1079559 4112.2939453125
191.1179962 1993.0098876953
195.1126862 1796.7907714844
197.1284943 3141.5009765625
199.0713043 2496.1528320313
199.1072998 4078.9169921875
200.1035156 12914.087890625
201.1066742 1814.6842041016
201.1236267 3711.9992675781
204.0794525 6806.9638671875
209.1065216 2307.3139648438
210.0255127 10586.45703125
210.0785065 12788.7880859375
213.0327759 2403.1110839844
213.0869446 6803.0424804688
213.1226196 2597.3022460938
215.1400146 2447.5358886719
216.0982208 6916.0727539063
216.1343231 3934.1579589844
217.1343231 3026.7609863281
226.0821991 1860.7182617188
226.1183624 2721.93359375
226.155304 2941.1247558594
228.1332397 4180.998046875
230.059433 7207.2041015625
230.1499176 1832.5985107422
232.1410675 6681.1303710938
234.1444244 7268.724609375
235.1430817 3414.8330078125
240.0980682 6424.6235351563
240.1345673 3437.896484375
242.149704 1985.1536865234
243.1354523 2622.3344726563
244.1637115 12697.484375
245.1282501 2993.0886230469
251.0498505 2428.9040527344
252.0349884 3130.8322753906
252.1343994 1975.8905029297
254.1164093 1910.6413574219
257.1616516 2090.1242675781
258.1123657 1790.4727783203
258.14505 9652.47265625
259.1400452 3623.1669921875
260.1967773 2103.4758300781
263.139801 2083.5373535156
267.108551 2141.3142089844
272.1713867 2138.6721191406
275.1725464 2194.7585449219
276.1665649 65138.35546875
277.1702271 7161.212890625
284.0695496 3068.3413085938
285.1552429 7375.4326171875
289.162384 8787.90625
293.0730591 2267.2514648438
297.1540833 1903.63671875
298.1406555 2117.8896484375
299.0618591 2838.2297363281
300.0630188 1955.6531982422
301.0617981 5570.5561523438
301.0971069 7899.9228515625
301.1270752 1960.9132080078
303.1789856 2138.1613769531
304.0412292 2190.2028808594
304.1607971 2757.8793945313
321.0688782 12189.8037109375
322.1884155 2791.5739746094
325.1512756 2032.9151611328
332.1946411 8167.9223632813
338.1816406 3927.9497070313
341.2194519 2103.9514160156
345.142395 2142.8767089844
370.6848755 2492.1003417969
371.1880798 8329.8779296875
391.1972351 2975.7021484375
392.1052246 8085.5888671875
401.6906128 2736.0881347656
435.7345886 6549.6020507813
439.7501831 8134.880859375
449.7159729 3231.2475585938
457.318634 6206.9052734375
459.2624817 2788.7114257813
480.2535095 3792.9235839844
485.3577576 2158.1196289063
488.2063293 2069.0744628906
498.296814 1914.189453125
505.2370605 14043.7470703125
513.2716675 2505.326171875
522.309082 12164.470703125
522.7880249 3539.3212890625
523.2589722 14543.013671875
546.2946167 2890.6928710938
551.7636108 2500.0505371094
559.31073 7445.2163085938
572.2594604 3174.1821289063
575.7791138 1960.3245849609
589.2961426 3224.9711914063
603.8356323 6399.3388671875
616.3407593 2344.5698242188
626.3340454 8065.3237304688
643.3126831 2192.4504394531
644.3108521 2126.8110351563
652.3026123 14601.119140625
653.3028564 7504.5209960938
658.3399048 2016.6854248047
665.2930298 2095.7529296875
683.4075317 3251.4880371094
701.298645 2736.1513671875
704.3167114 2278.7495117188
723.3406372 29329.451171875
724.3427124 11799.4619140625
741.37323 2477.4150390625
799.4000854 2633.7690429688
801.3712769 3253.8706054688
802.3780518 3887.0620117188
804.3831787 3124.5864257813
805.3829956 3397.1115722656
870.4587402 9251.5302734375
871.460022 2519.494140625
883.3613892 6438.7255859375
