1057.52675132447 2
74.06085968 17453.8828125
77.97525787 8658.7265625
79.60626984 9471.248046875
83.36078644 9057.7138671875
84.04499054 109370.3828125
84.08139038 60871.796875
86.09694672 97029.3203125
87.0559082 8883.3251953125
92.97780609 9752.0654296875
101.0715942 101423.859375
102.0554428 38635.8828125
110.0718765 12553.8369140625
112.0874634 10937.9716796875
115.086647 24275.759765625
129.1022949 79335.984375
130.0862122 16980.884765625
136.0759888 44934.11328125
143.0817261 40510.41015625
147.1127625 15868.6650390625
157.0971985 105110.953125
167.0818939 13008.4501953125
171.0765076 12962.4189453125
175.1192474 118142.59375
185.0923615 60628.44921875
198.1240845 16136.705078125
226.118454 46687.203125
230.1131592 12052.1298828125
241.0823669 11397.052734375
286.1506958 12546.9013671875
295.1381226 15121.57421875
303.1779785 37983.30078125
355.1585999 12873.2802734375
416.2635193 35307.41015625
428.2192993 23546.46484375
428.7176819 18990.4453125
441.1613464 10660.109375
477.2382202 16272.5048828125
477.7430115 16652.1640625
485.7489929 41727.2734375
486.2522888 44253.75390625
487.2998047 57811.75
503.0261841 15082.349609375
529.3463745 136190.890625
530.3445435 21910.640625
564.4966431 11111.1630859375
616.3428955 102853.125
617.3486938 13314.4609375
631.6780396 12759.134765625
631.7734985 11234.888671875
738.7681885 10619.271484375
745.3831177 118490.671875
746.3843384 22626.716796875
856.4130859 48364.88671875
873.4463501 84729.5078125
874.4360962 19651.908203125
1093.924072 14051.0751953125
