951.427062694662 2
68.2231369 24390.931640625
70.0659256 415052.28125
70.37394714 19584.9453125
70.69298553 18837.98046875
71.06910706 36462.0078125
72.0815506 499945.40625
74.06080627 130876.859375
83.63097382 18994.001953125
84.04509735 376388.28125
84.08140564 268077.75
86.09712982 1217989.25
87.05600739 30024.796875
87.10041809 154071.4375
89.06043243 404129.34375
91.05478668 39473.51171875
101.0715027 339510.46875
101.1085205 26075.513671875
102.0554581 148921.046875
104.0534058 760809.375
105.0570374 38640.61328125
110.0715866 192331.40625
115.0871353 37087.72265625
120.0811386 434254.0625
121.0850296 26308.873046875
127.0870132 28578.7421875
129.06604 52647.33203125
129.1023865 309648.125
130.0865326 158758.375
131.0901794 21005.900390625
132.4662628 22184.92578125
133.0862427 356167.03125
136.0759583 362310.96875
137.0796356 41383.296875
143.1184082 37439.57421875
145.0971985 38796.73828125
147.0765839 115882.0859375
147.1128082 302205.96875
148.1160583 35302.3515625
157.098465 33468.76171875
157.1338196 32883.796875
158.0927124 32239.42578125
159.0918274 99575.0078125
167.0818787 37149.08203125
169.1334381 84265.5546875
171.1134033 30597.31640625
173.0920868 132084.140625
173.1287231 138574.625
175.0719452 34961.53125
175.1191254 148570.375
177.1122742 103431.484375
185.1287079 27709.58203125
185.166153 36496.0390625
187.0539398 148270.546875
187.1447144 102724.1484375
197.1279144 34114.09765625
201.0873413 41586.71484375
201.1227264 43822.00390625
203.1024933 34074.78515625
214.1002655 30146.41796875
215.0852356 40961.86328125
215.1373596 25947.4921875
216.1358948 28727.060546875
219.1481934 25959.521484375
219.6363068 23497.8359375
233.095108 33624.1484375
233.1647339 28546.11328125
234.1449127 220857.5
242.1496429 55604.96484375
243.153244 28851.16796875
245.1338806 23063.27734375
248.160614 28168.126953125
254.1500092 27080.681640625
260.8634949 21279.24609375
263.5523987 22792.322265625
270.1448059 30608.94921875
288.119751 32569.154296875
321.1787109 256604.984375
429.1281433 217225.90625
429.2590637 30393.966796875
434.2603455 114225.6796875
472.1673889 34614.97265625
505.2999268 190480.28125
531.1001587 23052.224609375
538.3001709 43366.5625
554.0952148 29172.982421875
566.3082886 27713.14453125
578.3344727 53930.66796875
579.3339233 37229.72265625
606.3462524 161154.328125
748.394104 35387.78125
959.5429077 26196.1953125
