1244.59718141518 2
86.09719086 564460.3125
87.05623627 61144.87109375
91.05484772 205517.640625
101.0716858 119996.953125
102.0556107 126170.3359375
104.0531998 26150.0546875
107.0495148 13870.5048828125
110.0717926 164908.09375
113.0710678 23306.9921875
114.9877014 13219.04296875
119.0497284 145650.96875
120.0812912 124653.5859375
125.0719452 16964.796875
129.065979 32255.103515625
129.1025848 347872.34375
130.0865631 158439.109375
132.0810089 20398.587890625
132.760025 15371.8447265625
133.0434875 28789.595703125
136.0759277 2000601.375
137.0795288 155761.296875
141.102356 66933.4765625
145.061142 36864.54296875
147.0444183 118365.0703125
147.1130676 268547.6875
154.7079468 15662.814453125
155.0812531 18892.03515625
157.0970154 19981.9765625
158.0930481 35299.37890625
159.0921326 64466.8515625
159.7592926 15060.7578125
164.0705566 24078.078125
169.1339111 19780.494140625
173.0556793 113745.4609375
173.12854 59607.140625
175.118927 115366.5859375
181.0610657 77567.5234375
181.0973663 486128.15625
182.1004639 33687.1796875
183.1129456 28654.43359375
186.0901184 16671.50390625
186.124054 25811.21875
187.0717468 24582.154296875
187.0879669 16961.232421875
187.1451416 18853.931640625
197.1286774 34116.65234375
198.0884705 21391.548828125
199.1806793 71403.9296875
200.1401672 16838.205078125
201.1240082 132550.734375
202.0858154 63598.95703125
212.1008911 22390.3359375
214.0856781 16826.73828125
215.1405029 15783.1357421875
216.0983582 34641.83203125
217.0815125 15164.26171875
217.1368103 23078.86328125
218.1529694 19315.62890625
219.1532288 15220.759765625
223.1561279 17859.953125
226.082901 29914.169921875
226.1184998 21601.578125
226.1553345 17076.66015625
227.1027679 22471.2578125
227.1767731 25177.28515625
230.0811768 17256.19140625
233.0950775 28456.732421875
240.1356049 24881.77734375
242.1503601 26004.01953125
243.1097107 35100.65234375
243.3309174 14939.8828125
244.1662292 100552.2578125
245.1318665 35866.9609375
246.1817932 16179.7744140625
249.1600189 23982.197265625
250.1188049 135066.9375
251.1496582 52492.4296875
258.0752258 66548.7734375
258.1448364 27657.248046875
261.0900269 81701.3671875
272.1755066 22408.599609375
275.1026611 129741.984375
275.1711121 17200.302734375
278.1138306 144348.765625
286.1407166 60782.84765625
292.1300659 213287.125
299.1731262 20670.216796875
303.2028503 196682.296875
309.1152954 18423.771484375
318.1116333 94030.90625
351.2034607 16512.203125
353.2228394 17004.927734375
361.1496277 19017.6640625
374.1685486 20033.330078125
389.144989 66814.9921875
389.1871948 32526.70703125
390.144989 18840.65625
391.1976624 134383.28125
392.20047 19126.04296875
406.1716614 28168.181640625
414.2369995 62549.1796875
432.2454224 120290.625
433.2521973 23918.587890625
457.2083435 31516.427734375
477.1331177 18849.2421875
502.2313232 30317.62890625
522.2659912 17918.8359375
532.265625 28979.2578125
563.2861938 232167.375
564.2891235 69589.546875
565.28479 16375.75390625
591.3036499 16308.826171875
623.2905273 79657.015625
676.3711548 143320.8125
677.3700562 68324.890625
687.362793 18043.46484375
691.3776855 16597.328125
831.4192505 28105.072265625
839.423584 62463.49609375
840.43396 29013.3515625
853.4763184 21634.431640625
887.486084 20407.080078125
898.4518433 30998.859375
936.4474487 21197.875
953.4786377 161308.015625
954.4716187 112839.84375
955.4616699 19725.203125
969.4812622 27206.873046875
1064.502075 31799.630859375
1065.505737 25056.33984375
1091.830933 18988.232421875
