1148.6317456126 2
84.04494476 209652.21875
84.08144379 298770.875
86.09716797 1416679.0
86.10246277 51169.9609375
87.05594635 209125.765625
87.10042572 27707.396484375
91.05471039 36275.8125
101.0715103 123658.5
102.0558014 160683.9375
104.0535889 52356.50390625
110.0718384 51060.04296875
114.0918503 139070.75
115.0871582 34419.84765625
116.0713272 39109.8203125
120.0812607 584055.3125
121.0848999 38991.82421875
122.2608795 22573.29296875
127.0511017 31262.59765625
127.0873489 35409.93359375
129.0662231 33698.734375
129.1025085 349628.65625
130.0651245 33003.4921875
130.0864868 227673.234375
132.0810699 26703.119140625
133.0426331 24402.125
136.0761566 266037.6875
137.0802155 30931.3046875
141.1026154 27780.482421875
141.9658356 21405.48828125
143.1181946 135799.453125
147.1127625 275234.34375
155.1180878 30802.62890625
157.0971375 49104.21875
157.1335754 122744.75
157.6244354 21877.6796875
158.0922241 35503.02734375
159.0926361 527006.4375
159.1129608 1747406.375
159.126236 56544.2421875
160.1165314 130925.0625
169.1342773 49771.6953125
171.1130219 33800.875
173.1294861 29715.83984375
175.1191406 327376.5625
183.1131287 49926.6796875
185.1291046 28005.234375
185.1645966 33818.87109375
187.0876312 29414.12109375
187.0908508 32575.826171875
187.1085663 372220.84375
187.1447754 37179.39453125
188.1105194 31070.28515625
197.1295319 28200.990234375
199.1800537 43890.3671875
200.1396027 220223.96875
201.1232758 131174.21875
202.0825348 52498.765625
204.1348877 24338.390625
214.1192474 94971.8828125
215.1395111 30814.2734375
216.0981445 39401.171875
216.1340485 35823.125
217.1364899 34086.3046875
226.0827484 88634.7265625
226.1195984 29508.6328125
228.134201 177640.265625
229.1184692 35211.53125
233.1651764 41123.3359375
234.123703 30975.138671875
234.1455994 25279.55078125
238.1205597 24781.216796875
244.0926666 112179.5390625
246.1825409 138234.734375
258.1464844 28191.58203125
261.1605835 28635.462890625
262.1200256 40402.9609375
272.1743164 29019.947265625
282.1817932 39307.8828125
283.1434937 38933.7421875
291.1676331 138092.84375
313.1285095 32525.400390625
313.194519 22431.615234375
327.203186 105350.125
345.2831726 23722.501953125
359.267395 31926.734375
361.1868591 98360.125
373.1488342 39940.56640625
391.1629028 104024.5234375
395.173645 41724.63671875
398.1722107 27958.955078125
404.2496338 32594.521484375
427.1996765 37413.33203125
437.2131958 112946.3359375
444.2232361 41386.140625
456.2814636 48866.7578125
472.2232666 24082.857421875
473.3104858 123799.8515625
515.2799072 25713.443359375
572.3771973 137827.796875
573.3723145 29140.935546875
574.3391113 31708.158203125
575.3364258 29864.654296875
623.296875 269449.59375
661.350708 52288.13671875
700.3301392 41184.32421875
719.4398193 37536.00390625
722.3599854 86373.7578125
792.3859863 45631.3046875
833.4799805 47721.62109375
834.4818726 27285.66015625
836.3991699 113273.7421875
923.4388428 250239.65625
962.5214233 97172.4921875
963.5302124 78578.8203125
