1329.67615589299 2
92.02893066 2703.7055664063
101.0708847 2692.2995605469
104.1858749 1822.0589599609
104.4803467 1945.0769042969
110.0717621 3357.8562011719
129.0661926 2916.2160644531
129.1022186 8199.3193359375
129.7207336 2123.9221191406
136.0768433 2203.0241699219
143.0815277 4026.841796875
158.0572815 2633.3010253906
171.0771484 4090.8903808594
175.1045685 1967.1232910156
175.1192932 12932.06640625
188.1039886 5282.9423828125
195.6242981 2604.8244628906
198.0879364 8628.708984375
199.0724487 2220.2705078125
216.0984802 23483.166015625
216.5427551 2172.8237304688
227.707489 2356.9597167969
228.1338806 2455.2583007813
234.1433411 2379.0935058594
239.4136353 2437.5544433594
244.1647186 3760.3010253906
244.5839844 2595.9658203125
250.0935059 33761.98828125
269.1243896 3124.0729980469
287.1347046 5076.1665039063
352.1958313 3242.4294433594
416.1755981 9370.9853515625
447.2726746 3299.5007324219
529.2573242 2829.3581542969
622.3651123 4109.5932617188
647.322937 3009.6086425781
656.3310547 4405.9892578125
664.3627319 22063.80078125
665.3572998 14524.2021484375
666.2982788 4205.5541992188
666.3898315 18138.40625
673.3617554 40365.90234375
674.3623047 13421.6064453125
784.3963623 4673.98828125
801.4212036 9184.6982421875
848.0744019 2698.5949707031
914.4984741 15043.4130859375
915.5042114 2846.0583496094
1043.54541 8404.8671875
1114.574585 9941.224609375
1115.567017 3390.1506347656
1305.892212 2603.1628417969
