2107.10292796007 2
155.0928955 8630.4111328125
166.0974121 7835.2607421875
166.6887817 5199.3500976563
168.0839233 5087.2895507813
175.1187592 47890.8984375
178.1339874 10164.0244140625
187.1073151 16857.138671875
193.1086884 10239.775390625
195.0885925 6859.9912109375
211.1195068 7375.8715820313
215.1030579 13786.751953125
215.1377411 11915.7041015625
221.1031647 41341.33203125
226.1192627 7454.28515625
226.1550293 8528.5791015625
239.1145935 57812.0234375
249.0978546 13386.7529296875
254.6503754 6859.98828125
263.1428223 11668.875
266.071106 7151.4125976563
267.1095581 30883.568359375
278.124054 10573.1943359375
306.1199646 16299.5859375
324.1308289 37859.06640625
350.1472778 9361.97265625
359.2441711 10908.2373046875
379.19104 6727.181640625
381.1513672 8052.0390625
391.2068176 10532.33984375
407.166748 18414.150390625
409.218811 71865.5546875
419.2056274 16191.6865234375
425.1790466 15188.6044921875
428.2936401 12790.3994140625
437.2154236 101115.59375
438.223175 8722.0732421875
440.2525635 13384.9208984375
465.1576538 8340.1357421875
492.2587891 18689.908203125
493.245575 13853.126953125
494.2391968 13127.173828125
510.2684937 74925.859375
520.2518921 78463.125
521.2537842 18241.6484375
538.2614746 155381.90625
539.2677612 37839.29296875
541.2952881 11077.7646484375
549.2799072 8637.5087890625
673.305542 9229.779296875
757.4368286 44064.65625
758.4418945 10315.322265625
773.3612671 12589.443359375
793.3830566 10254.271484375
886.4783936 32257.5234375
887.4801025 10440.833984375
895.477417 45467.55078125
895.9726563 50830.40625
977.4951172 10552.72265625
1017.512634 50536.3515625
1018.518188 39093.375
1036.524414 11585.939453125
1045.049072 70318.34375
1045.547974 100963.453125
1046.052856 31253.03125
1046.544312 51836.15625
1053.517578 33973.0078125
1054.060303 13848.4189453125
1054.554932 63602.71875
1055.059204 18412.5234375
1055.55957 39147.66796875
1118.539673 10874.150390625
1130.602783 48202.81640625
1131.59314 31028.294921875
1201.644287 91469.84375
1202.643799 65930.3359375
1203.632202 15364.6650390625
1314.717407 65447.76953125
1315.720703 39322.26171875
1385.753052 16185.32421875
1386.768433 31280.888671875
1472.791504 42171.83984375
1473.800049 33566.78125
1530.765137 13159.560546875
1551.831543 13638.5966796875
1552.819214 16425.537109375
1569.842041 471032.59375
1570.843384 464751.09375
1571.849243 213001.234375
1572.872559 65161.90234375
1573.798218 35130.71484375
1574.821777 35098.23828125
1626.859985 33305.42578125
1670.891113 65202.50390625
1671.860352 74945.546875
1672.891724 31349.205078125
