2384.23373118296 3
169.1336365 57136.58203125
171.0761261 19812.119140625
171.1130524 32231.078125
172.0710602 23240.990234375
173.1291351 11091.943359375
175.1186829 73797.3984375
175.1319733 12009.0693359375
181.0975494 10551.8427734375
182.0809937 17700.271484375
182.1282806 12005.6953125
183.0761108 20676.46484375
183.1130371 15896.9619140625
185.1281891 18464.794921875
185.1643219 13629.5791015625
187.1437378 20894.134765625
197.1285706 33663.73828125
198.0866699 11951.9990234375
199.1076813 73075.7734375
200.1030121 84587.921875
200.1391449 23173.875
201.1228943 12153.888671875
213.159729 32707.375
215.1380768 25370.7890625
216.0977783 17055.533203125
216.1346741 15555.0576171875
217.1329346 14392.783203125
226.1182098 19831.541015625
227.1026306 121848.078125
228.1043091 12878.03515625
231.0982361 14585.052734375
244.1662903 16550.0
245.1289215 20395.7734375
251.1207123 24918.6875
252.1353607 23785.24609375
254.1505432 53001.01953125
258.144928 16564.826171875
259.0926514 14793.1279296875
262.1396179 21782.580078125
268.1646423 29786.07421875
278.1136169 21259.435546875
278.1504211 119585.6328125
279.1173706 32165.18359375
280.1664124 30522.51171875
282.1469727 19317.423828125
284.1247864 54425.2890625
296.1599426 29788.447265625
298.177002 17384.5
299.1725769 20238.3359375
306.7103271 12380.4638671875
309.1539307 14347.2587890625
319.1615295 83700.09375
326.1808777 15611.0810546875
328.161377 13350.251953125
337.1889954 14972.8583984375
338.1400146 17217.927734375
346.1766052 26897.833984375
356.1462097 195931.640625
357.1481934 21642.263671875
367.1967468 22607.416015625
377.2058716 72123.390625
398.1690674 16920.09375
399.2268372 25590.939453125
416.1799622 21451.482421875
433.2044678 124510.2734375
434.2093811 23415.84375
439.2286682 18424.412109375
441.2363586 57274.3984375
451.2205811 28092.59375
457.206604 20193.841796875
469.2279663 65208.09375
475.2197266 23091.630859375
475.75 29135.388671875
476.2468262 21009.96875
476.7497559 18058.94921875
484.7571716 21260.283203125
487.2204285 18961.076171875
495.2906189 23151.353515625
504.2441101 92842.9140625
514.2164307 66857.453125
515.2203369 19704.125
522.3015747 19107.810546875
523.2871094 20612.703125
524.277832 52540.578125
530.2598267 56107.4140625
531.2697754 26183.27734375
531.7763062 18522.62109375
540.2672729 95032.34375
540.7749023 73836.5625
541.2716064 15790.8525390625
542.2822876 17578.119140625
548.2713013 221276.9375
549.2766113 165558.796875
549.7797241 64333.703125
550.2815552 17032.005859375
570.2893677 21299.98828125
574.2498779 61574.2265625
591.2718506 304091.09375
592.2763672 93427.046875
595.2755127 23193.64453125
596.8133545 19522.84375
603.3175049 19417.517578125
606.3295288 28943.673828125
613.284668 124440.9609375
621.3258057 308126.09375
622.328064 98945.75
624.3473511 21291.5234375
641.3361816 29360.60546875
668.3286133 19256.833984375
689.3703613 31543.263671875
704.362915 78601.3671875
705.3653564 17225.1875
706.3826904 22015.150390625
707.3796997 78993.3203125
712.3519897 69829.546875
713.3492432 21166.806640625
724.4036865 56260.7890625
725.3917847 59157.01953125
726.3830566 21697.28125
734.357666 22790.705078125
742.4094238 100113.828125
743.4154053 23609.90625
752.364563 232393.328125
753.3711548 89749.3515625
754.3635254 27654.58984375
755.3779907 18115.044921875
765.911438 22221.115234375
778.3452759 52421.2265625
779.3503418 17319.041015625
794.4221802 212376.359375
795.4279175 177319.515625
796.4221191 93338.5703125
805.4049683 203310.71875
806.4035034 99351.0703125
817.4240112 18624.453125
858.4390259 18813.2109375
859.4228516 21518.46484375
860.4126587 18133.833984375
876.444397 379487.03125
877.43927 179319.5
878.447998 78582.3359375
880.4465942 27976.82421875
908.3325195 24572.021484375
913.4780273 19939.6875
951.482605 31292.263671875
975.5092773 147782.609375
976.5089722 94274.8515625
1031.542725 33750.15234375
1032.539551 29875.830078125
1042.490234 79219.6171875
1043.495483 32587.48046875
1078.439209 31990.701171875
1079.550171 22098.2421875
1080.523804 66843.3203125
1081.521973 26677.54296875
1086.547974 68050.96875
1087.529663 25403.673828125
1097.553101 112845.9375
1098.550659 33205.16015625
1099.561157 19502.1328125
1103.571289 68434.625
1165.476074 32183.404296875
1174.607544 56505.95703125
1176.607666 25256.0078125
1281.657104 19257.93359375
2282.966309 21382.66796875
