1120.61532723828 2
78.2838974 61370.37109375
83.35601044 64502.421875
84.04499817 116984.03125
84.47576141 66188.140625
86.09712219 1054524.0
88.04000854 132661.53125
88.59631348 72928.78125
101.0712357 104995.8359375
102.0552826 120448.6875
110.0716705 79179.109375
112.087677 89233.6640625
117.102211 135922.921875
120.0812225 136608.9375
131.5476379 74243.2890625
158.0931854 76342.1875
175.1192169 546245.5
201.1234283 2584985.5
202.126709 265434.46875
211.1071014 90306.1328125
228.1347961 378211.25
229.1177521 859746.875
245.1266937 78775.453125
248.1394806 114683.2734375
276.133667 98636.4375
328.1856079 118046.359375
375.201416 156809.03125
388.2154846 102390.234375
402.2154236 585633.375
403.2138672 108848.90625
419.239502 988795.6875
420.2431641 110696.546875
454.5466919 79424.046875
461.2470703 98632.1640625
497.5457153 75676.4296875
512.1786499 84344.078125
518.3079224 468380.625
532.0089722 70972.484375
665.3774414 872606.75
666.3772583 408432.78125
776.4134521 144133.625
793.4362183 774112.5
794.4312744 435691.5625
892.4906616 386098.9375
893.5066528 300649.0
960.4544067 80706.296875
