914.532182943012 2
65.90765381 3259.5971679688
69.07085419 6937.783203125
70.06596375 290602.8125
71.06919861 4770.00390625
72.081604 233254.703125
73.04759979 5418.2924804688
73.08509827 6969.2075195313
74.06080627 28356.056640625
75.05603027 3649.4526367188
79.5834198 3313.0478515625
83.06108093 6222.7026367188
84.04507446 78960.328125
84.08148193 175217.890625
85.39916229 3658.4572753906
86.09710693 316346.15625
87.05601501 19359.248046875
87.10035706 15257.4755859375
88.04008484 16145.02734375
89.07170105 3768.37890625
98.02361298 4864.220703125
101.0715485 45622.6484375
101.1078568 8820.6513671875
102.0554428 42195.734375
104.0530701 13916.0634765625
110.0716171 115416.8046875
112.0874329 6637.9633789063
113.0712357 5483.2905273438
114.0920181 4375.3852539063
115.0868073 43498.09375
116.0709534 8398.8974609375
120.0810547 90487.171875
127.0868073 55947.43359375
129.0660858 26287.490234375
129.1024628 189673.921875
130.0866241 57301.16796875
130.1059723 7437.9555664063
131.1180725 7672.8793945313
133.0433044 5131.5668945313
136.075943 91448.0546875
137.0795898 7556.3388671875
140.0706024 18583.12109375
141.102356 84560.578125
142.105957 5235.43359375
143.0813446 9001.1884765625
143.1179047 44779.88671875
147.1128845 86455.6171875
148.1171417 5168.5961914063
149.0454559 5408.7568359375
150.0582733 6519.6235351563
155.0811768 5702.7739257813
155.1175385 7091.3178710938
157.0976715 14099.171875
157.1341248 8261.29296875
158.0927582 25901.109375
167.0556335 21367.9375
167.0937958 5812.1040039063
169.0973358 95431.921875
169.1336212 108431.265625
170.1013641 4684.9702148438
170.1374512 16325.5107421875
171.1495361 17308.443359375
173.1293793 17207.2421875
175.1191864 70564.4375
184.1080627 8198.224609375
185.0925751 19521.205078125
185.1289673 17248.0
185.1659546 7615.7607421875
186.1238403 330336.1875
187.1111755 3715.0666503906
187.1273346 23824.671875
187.1443634 46498.23828125
195.0765228 18811.32421875
197.1285553 124651.8828125
197.1668854 4715.3891601563
198.131134 4925.37109375
199.1450348 35931.51953125
199.1803741 30169.994140625
200.1025696 7458.0688476563
201.0871582 4177.025390625
201.1231842 7368.6450195313
204.1349335 16139.451171875
210.0259857 7370.9423828125
212.1028748 9116.744140625
213.0871277 18409.55859375
213.16008 4780.1220703125
214.1189423 23149.94921875
215.121109 4103.6889648438
215.1387024 38012.33203125
216.0981903 5725.4248046875
216.1366272 5712.6625976563
221.085022 5767.0341796875
223.1082611 4280.6801757813
225.0432129 28591.267578125
225.1590576 5699.1328125
226.1191101 25571.953125
226.1557922 4250.404296875
227.1751862 6034.353515625
228.1350555 6031.595703125
229.1182709 5455.880859375
233.165741 17337.955078125
234.1456604 25511.052734375
239.0945587 26437.0078125
240.0984802 8759.2880859375
240.1339417 4520.6552734375
244.1665497 19841.40625
246.157959 5805.7651367188
251.1514282 5201.6157226563
254.1504822 4830.0859375
255.1455994 7704.6850585938
258.1086426 6166.1474609375
260.1613464 7175.2290039063
260.1973267 18331.439453125
261.1564636 4408.57421875
277.118103 3884.6015625
281.1231384 4508.5590820313
283.1419678 14599.8056640625
288.2036133 23886.994140625
291.165802 32205.654296875
299.0617065 19696.142578125
299.7009888 16717.4296875
301.1534119 4376.5498046875
310.212738 25228.04296875
312.2287903 4765.349609375
313.1522522 5463.013671875
319.1726074 23640.3125
328.1801758 15836.6259765625
333.1886292 17604.369140625
339.2037354 16451.7890625
351.2120972 37372.73828125
351.7143555 8569.6904296875
374.2011414 8360.3359375
376.2119751 4013.365234375
392.2140503 73553.75
393.212738 7777.9780273438
397.7487793 5340.03125
448.2129211 7109.9052734375
449.2664795 5071.32421875
449.4419861 3966.8815917969
458.309967 7396.48828125
473.2849121 8249.3994140625
475.3053589 20698.859375
487.2822571 7135.9067382813
489.305542 30839.16015625
505.297821 72099.640625
506.3001404 15397.193359375
518.2938232 19965.787109375
524.2460327 8674.68359375
536.246521 4636.3798828125
561.2944946 15387.3994140625
581.3065796 5285.1845703125
586.3658447 4785.7163085938
598.3919067 14625.703125
604.3693848 32279.392578125
605.3748779 6401.8754882813
637.335144 8847.666015625
655.3505249 18984.77734375
674.3792114 22482.3359375
683.4046021 6351.7895507813
686.3325195 5741.7607421875
701.4210815 75750.4453125
702.4182739 37134.25
703.423584 5953.1938476563
746.4085693 14116.244140625
787.4665527 6481.7778320313
799.4342651 5184.5498046875
898.0371704 5398.6791992188
