1295.65994020182 2
92.0175705 57616.52734375
101.0717392 213298.421875
104.0535965 76948.0859375
110.0720673 64914.7734375
117.102684 93964.09375
120.081192 533028.0
129.1028442 194582.390625
133.0429993 81462.546875
136.0757904 292653.53125
157.0973969 894836.75
175.1194305 510308.625
185.129364 93344.5
203.1221619 72255.234375
205.1007233 808856.1875
228.1344757 402787.03125
233.0955048 907854.3125
276.1791687 45289.4296875
285.337738 47504.6484375
303.1707764 65701.6875
314.1492615 62749.6015625
332.1627808 96480.078125
473.7494812 67596.15625
482.3522339 59791.83203125
495.121521 58231.05859375
547.3046875 82633.4765625
553.2530518 211841.421875
554.2565308 90493.6953125
625.848999 84151.5390625
634.1117554 59737.33984375
647.8505249 91823.0859375
666.3330688 90653.8828125
723.3594971 842395.75
724.3614502 395715.09375
725.3550415 55946.65234375
775.177002 50721.8984375
813.0543823 58719.1875
836.4449463 534405.5625
837.4411011 262632.96875
947.4758911 163519.46875
948.4586182 64144.96484375
964.5048828 388393.1875
965.5044556 107720.9921875
966.4938354 74668.703125
1063.559814 285350.78125
1064.557495 95636.9609375
1065.557373 57490.10546875
1107.062988 52261.984375
