1547.72631254259 2
110.0717773 7988.7216796875
113.8483276 5701.791015625
115.0863876 9054.4619140625
116.0700989 6588.0747070313
120.0806122 17637.81640625
129.0655823 11365.2900390625
129.1020203 51432.9296875
130.0860748 14014.2294921875
136.0758057 71372.453125
138.7189178 5969.5678710938
141.0656433 9720.6279296875
142.1215363 5870.109375
143.0812073 12629.9755859375
143.1165314 8475.2705078125
147.1127014 22344.41796875
155.0815887 22208.1171875
157.0965881 19476.4140625
158.0921173 8690.0390625
159.1125183 17895.998046875
167.0815277 11904.107421875
169.0970154 38895.23828125
171.0759277 41981.15625
173.0921173 40978.21875
173.1290588 8532.427734375
175.1189575 82768.1796875
183.0769653 13072.48828125
183.1129913 8692.0361328125
185.0920105 19564.244140625
185.1651001 7234.140625
186.1235352 18957.708984375
187.1074219 60556.58203125
197.0917206 7269.6245117188
197.1287079 9959.2412109375
199.0717468 7601.4770507813
199.1081696 9308.751953125
200.1403046 12228.642578125
201.0870819 124383.359375
201.1234436 17174.0625
213.1605377 8138.6176757813
214.118515 42606.89453125
215.1022797 17936.859375
217.1371918 9066.7724609375
219.0804596 13668.3349609375
227.10289 14285.513671875
228.134491 34883.703125
231.0969696 12645.75390625
232.129837 14633.78125
234.145401 9286.1259765625
240.1348114 15011.935546875
246.1252594 9261.6015625
251.1038513 8970.248046875
255.1460876 15574.3408203125
260.1260986 9100.0458984375
268.129364 12458.83984375
272.1242676 65836.65625
272.1720886 19626.669921875
274.1213684 11955.189453125
282.1825867 9586.0556640625
286.1410828 18176.76171875
306.2418823 9388.8212890625
311.1324463 8484.1533203125
326.1364441 10649.736328125
330.1440735 10179.7685546875
331.1977234 54625.3671875
340.1903992 8968.064453125
343.1618958 10026.8759765625
355.1607666 11665.7060546875
383.1583862 9907.3798828125
387.1869507 9970.412109375
405.2096252 22429.181640625
419.2399597 14974.3583984375
474.232666 51680.21484375
475.2364197 13917.275390625
482.228363 12113.044921875
485.2740173 14922.0126953125
499.255127 11809.29296875
500.3564758 15983.3232421875
503.2825928 165511.703125
504.2880249 49597.08984375
506.2738953 15240.2568359375
619.3546753 13204.4580078125
675.3339233 38474.6328125
730.4469604 35471.08203125
731.4508667 15552.1171875
748.4038696 16377.2216796875
756.4242554 15955.38671875
768.3421631 15476.953125
773.4529419 143606.671875
774.463501 94348.5
775.4215088 10944.14453125
802.1159668 11501.98046875
839.390564 54861.4140625
840.390625 42271.70703125
841.4034424 13497.2734375
875.4472656 11523.845703125
877.4435425 50493.5234375
879.4608154 10747.9248046875
938.4606323 12532.2939453125
948.4775391 64140.4453125
949.4828491 35323.61328125
974.4483032 40557.09765625
1003.493469 13487.25
1047.518555 18640.87890625
1059.520508 17126.884765625
1062.062256 10625.810546875
1076.542847 41385.8125
1147.573242 74619.234375
1148.574829 15559.416015625
1188.565186 15672.701171875
1277.618652 15503.6328125
1278.96167 12105.86328125
1285.61145 75496.4453125
1286.605103 91049.390625
1287.615845 43078.125
