1025.48267518408 2
72.08172607 86962.046875
74.06077576 352672.0
81.5411911 55021.671875
84.04537201 130779.1328125
84.08158112 285990.59375
90.12689972 65349.4296875
102.0555496 76598.2890625
104.0531693 95324.125
110.0721283 229698.578125
112.0762634 138589.125
129.1026001 236480.828125
130.0864716 1307723.625
131.0900116 73907.625
147.1128693 303892.90625
150.3488159 55523.63671875
151.0926056 59124.78125
154.7529602 64394.07421875
157.0972137 428051.96875
175.1077118 765778.0625
175.1206207 101688.4765625
185.0921173 142087.6875
185.5225525 74238.421875
195.0900269 88527.71875
199.83815 54446.22265625
201.1213989 67509.953125
203.1028137 396233.65625
278.1538391 332904.03125
300.1193542 82607.53125
316.1509094 99957.09375
321.2690125 57611.1953125
324.7133484 63169.328125
345.5675659 58891.49609375
353.0032959 58322.890625
377.2237244 99279.3359375
444.7096252 107297.5078125
445.2078552 98862.125
447.1673584 119571.0546875
569.7614746 71378.3046875
593.293396 117167.328125
823.3811646 265193.84375
824.3886719 146706.8125
