866.510208279766 2
70.06603241 1507323.75
72.08161163 4481609.5
74.06096649 161891.984375
84.04528809 281078.46875
84.08154297 996805.8125
86.0971756 6919696.5
87.10050964 189334.671875
92.70308685 132210.28125
110.0716782 329229.21875
115.087326 1190658.625
115.1505966 142049.796875
120.0811539 1284892.0
125.9018936 137545.375
129.10289 1359609.0
130.0864258 219809.53125
140.0705109 166722.65625
143.0819855 509954.125
147.113205 188754.703125
169.1340637 926519.0625
175.1195221 800175.625
185.092392 252447.421875
185.1652222 4101003.0
186.1687927 265968.875
201.2773438 136537.265625
213.1600037 611949.9375
234.1461182 153473.625
255.1439819 566389.125
270.1688538 565643.0
272.1754456 132963.25
294.48349 148805.5625
312.15625 199332.734375
343.2064209 254540.359375
366.1828003 185371.5
376.2166138 165058.125
442.2764587 589094.4375
512.2579956 666223.6875
539.3301392 3714500.0
540.3345337 1042692.25
611.3180542 254624.1875
654.3579102 347053.8125
725.4041748 237214.40625
