821.443764735642 2
61.01157379 466651.21875
69.07067871 50049.5703125
70.06602478 576335.9375
72.0815506 374278.46875
73.37456512 47587.62890625
74.06083679 271464.9375
75.08557129 39858.49609375
84.04529572 452987.0625
84.08152771 923019.6875
86.09719849 2557687.75
87.05601501 105574.6796875
87.10057068 107149.4765625
88.04000854 70572.375
92.02861786 97223.0234375
101.0714493 88019.6796875
102.0558624 426277.28125
104.0534439 2727245.25
105.0571518 72406.390625
106.0491638 94377.4375
110.0714111 63356.8203125
120.0813065 217700.234375
126.0552292 89881.265625
129.1026459 1091035.75
130.0866394 504590.15625
130.1062927 62786.65625
136.0761414 221810.71875
138.0915833 59834.05859375
140.0710449 67960.6484375
143.1183014 297181.65625
147.1129761 1005156.25
155.1180267 59183.2890625
172.1156311 1229441.75
173.1291504 313679.65625
175.1191101 344411.3125
183.1135406 345074.0
185.0924683 76688.203125
189.0869293 109929.015625
197.128952 59359.9765625
199.071991 120668.5703125
201.1233673 344589.6875
215.1399841 290785.8125
217.0821381 293252.8125
217.1370544 2369523.75
218.1401672 223418.296875
230.1514282 209664.09375
243.1341248 111766.1640625
245.1325226 115700.203125
248.1610413 769338.375
260.1953125 84964.5625
288.2033997 69404.34375
294.1460876 84882.9609375
302.1720581 85240.96875
312.1549072 462682.3125
330.1669922 237954.609375
332.1929321 63223.75
336.0250244 55032.72265625
341.9887695 51571.29296875
346.1753845 121150.0
347.2310791 111579.359375
361.2454834 87747.1171875
413.2024231 71468.203125
421.3043823 51770.42578125
447.2189026 55082.0859375
448.2770081 297197.75
462.2585144 57844.6796875
490.2649841 69525.046875
552.5178833 61423.91015625
559.307312 210025.328125
560.3146973 68930.484375
577.3207397 456808.96875
578.3266602 83629.4921875
593.288269 65323.453125
594.2919312 62981.7421875
690.4077759 100765.78125
691.4018555 78403.265625
