1237.62256005685 2
86.09725189 502761.125
88.04029846 24423.1328125
101.0714035 23929.927734375
102.05513 37257.8203125
104.0537872 48640.39453125
120.0812149 293843.09375
129.0663452 27826.5
129.1023865 54494.015625
133.0428619 47078.98828125
136.076004 181838.984375
143.1181183 39524.359375
147.1128693 46860.859375
158.0926971 30706.298828125
159.0923004 106289.8125
171.1485443 49471.359375
175.1190948 156499.234375
183.1130371 24161.21484375
183.1498871 90939.0390625
185.1296234 28794.673828125
187.1077271 392161.6875
187.144516 161420.5625
201.1234741 56815.44140625
215.1034698 401669.3125
215.1393738 134650.234375
216.1075897 29143.15625
217.136322 34224.734375
219.0812073 32826.5546875
226.1200867 32538.728515625
228.1337738 91701.4375
229.1184998 39361.984375
232.056076 24278.091796875
242.493866 27393.375
242.9470367 28119.244140625
245.1302795 34534.44140625
254.1520691 33765.72265625
314.1705322 51401.28515625
328.1881714 32264.970703125
513.2250366 27094.328125
533.2820435 39160.625
597.2814941 48124.56640625
642.4443359 31782.046875
710.3610229 127803.25
778.3309326 34249.83203125
794.4069824 146685.34375
811.3726196 37526.31640625
825.3862305 165956.9375
911.4316406 37761.95703125
924.4522705 156495.59375
925.4572754 56902.8671875
999.6878052 29381.76171875
1009.636475 54180.76171875
1010.647034 45345.48046875
1023.515259 116278.1171875
1025.518799 34054.30859375
1182.667114 30509.677734375
