1864.90821061671 2
129.1019592 22762.28515625
130.0648499 3303.603515625
130.0863953 4847.322265625
132.0804749 4253.197265625
132.0898438 3611.4379882813
133.0426025 32942.28515625
133.0506744 3363.4602050781
136.07547 29435.04296875
141.1026154 3711.6284179688
143.080368 4426.1479492188
143.1178284 8426.9091796875
147.1126251 11100.6630859375
149.9581604 3782.5524902344
151.3294678 3187.6186523438
154.5696716 3708.1911621094
155.2970428 3181.6430664063
157.0972137 4675.5092773438
158.0924225 4118.0629882813
159.0767365 3533.9582519531
159.0916748 23135.556640625
162.0529175 3625.2270507813
167.6440887 3664.5944824219
169.09729 5642.3862304688
171.0762177 3478.0764160156
171.1126556 8645.2158203125
175.1192017 46063.77734375
177.1018524 5895.4565429688
179.0805511 4286.78125
180.7118378 3877.8383789063
181.0974579 4068.5522460938
183.1124115 5991.1958007813
185.0923309 10762.876953125
187.0724487 3994.0837402344
198.0886993 4698.5205078125
199.0710602 8090.9453125
200.1369781 3696.5063476563
201.1241302 6993.4692382813
205.0980988 6507.6274414063
212.1033936 4676.8720703125
213.0865784 19552.65234375
213.1612549 4681.5537109375
215.13974 9272.3037109375
216.0800171 17322.8203125
216.0982513 27020.486328125
217.1362 4363.1201171875
226.1195068 6750.0209960938
228.1346893 9329.8173828125
229.1173401 4389.2255859375
240.1340332 21262.837890625
243.1335754 5537.427734375
245.1309204 4908.51953125
248.160141 4887.2104492188
250.9221954 4604.978515625
262.6026001 4267.4125976563
264.0838318 19662.220703125
272.1716919 55453.81640625
280.1674194 6265.3696289063
282.181427 6027.0849609375
292.07901 32704.912109375
297.1558838 5647.9208984375
298.1785278 5755.5166015625
299.1358948 8294.240234375
300.1221619 5136.6494140625
315.1673279 5933.7978515625
331.1439514 82360.2578125
332.1466675 11752.154296875
334.138916 7078.9838867188
357.1796265 4731.5288085938
372.2287292 4904.4125976563
405.1641846 19862.916015625
429.2520142 6693.8100585938
432.2366028 6238.8051757813
462.1867065 7215.7700195313
503.2729187 29066.46875
504.2563477 7104.7514648438
514.8236694 5292.455078125
545.3305664 69040.046875
546.3344727 39588.8125
547.3374634 7876.9526367188
564.303894 5980.005859375
585.3061523 7956.2392578125
595.3009033 5679.5571289063
597.4140015 5263.4833984375
632.3220215 8612.021484375
687.3848877 7128.271484375
688.3966064 9074.30859375
698.3907471 7309.6494140625
703.3556519 27935.408203125
704.3612671 11220.1064453125
738.9000854 5951.7768554688
817.4407959 6814.359375
829.4324341 6632.548828125
830.6816406 5876.658203125
887.4828491 9826.7529296875
888.4661865 9816.0712890625
932.5334473 10946.1611328125
933.0289917 11817.73046875
934.5056152 10217.68359375
988.5240479 33433.9375
989.5163574 18344.90625
1017.545715 11451.103515625
1089.578491 28823.642578125
1090.583984 10408.755859375
1203.611572 35780.56640625
1204.619507 12015.1103515625
1273.609985 18750.97265625
1274.624756 9678.1806640625
1290.641357 84706.0546875
1291.642822 54131.62890625
1292.632202 8965.197265625
1403.733154 9260.3095703125
1404.732788 26277.17578125
1534.773071 8288.4033203125
1535.767212 8347.9033203125
1552.741577 7554.6606445313
1594.778442 22195.11328125
1595.769653 8736.927734375
1596.786255 11545.046875
1694.831787 7455.59375
