1062.58170555478 2
73.9361496 7953.7880859375
74.06087494 34822.60546875
75.0561676 53836.90625
83.06089783 12282.6435546875
84.04502869 119520.0703125
84.08155823 169071.09375
85.0403595 39724.30859375
85.085495 6618.548828125
86.09712982 1243958.375
87.05600739 18770.240234375
87.10053253 105117.796875
88.03990173 11541.1982421875
98.09690857 80034.0234375
101.0714264 97573.421875
101.1079025 8024.8745117188
102.055542 56351.26171875
103.0549011 31568.92578125
104.0534592 11311.8544921875
110.0717773 119079.71875
111.0744858 7874.9443359375
112.0877762 10448.501953125
113.0021667 8464.283203125
113.0715103 11598.8876953125
115.0867386 11099.546875
120.0810928 384035.59375
121.0844421 48784.0625
127.0870209 15512.8056640625
129.0658722 27491.123046875
129.1025085 219728.34375
130.0652924 17270.474609375
130.0865021 99018.7578125
130.0956421 11346.490234375
130.30513 7700.5732421875
131.1180115 14256.994140625
132.081131 103629.796875
133.0429382 12601.7880859375
136.0758514 72720.53125
141.0661926 7736.1967773438
141.102005 17854.9921875
143.1068726 18687.259765625
143.118103 498948.6875
144.1212311 15805.4541015625
147.1129303 161198.875
155.1167297 10210.4287109375
157.0980835 8038.6220703125
157.1340637 12193.9921875
158.093338 9022.873046875
159.0918579 53473.1640625
169.0974579 8496.0205078125
169.1334534 11339.5830078125
171.0767517 9419.78125
171.1130066 77639.5625
171.1487122 7213.2919921875
173.1291962 29743.005859375
175.1196899 75832.453125
183.1137085 17735.3671875
183.1490784 106580.328125
183.1846619 9608.0029296875
185.0930328 12651.2138671875
185.1649017 27933.3984375
187.0863953 80204.6484375
187.1448517 33540.08203125
197.1287231 43682.01171875
199.0883942 9180.515625
200.1398468 9530.6591796875
201.1237488 80253.0234375
205.0982666 8035.9819335938
211.1444397 76173.4375
211.1819763 14724.447265625
213.1596222 8627.623046875
214.0312347 8122.3500976563
214.1560822 11126.3876953125
215.1389618 60025.1171875
216.1139832 120604.625
217.0814819 8273.9833984375
217.1369476 7144.3188476563
225.1235962 17491.26953125
226.1193695 14378.2333984375
229.1183777 38549.671875
230.1180115 7752.2934570313
232.0765991 7492.1362304688
233.1649017 14877.3076171875
235.107605 13983.314453125
240.1344147 18761.515625
242.150177 42672.70703125
243.1332397 14025.7021484375
244.1127014 53716.265625
244.1321869 9109.4384765625
248.1607361 28006.564453125
249.1232452 11193.8193359375
249.1594696 17498.787109375
253.0935059 8559.2978515625
256.2018738 96249.8046875
258.1442261 55998.14453125
259.1471252 9511.4619140625
261.1568604 12569.8193359375
263.1025696 9361.2900390625
276.1555786 19008.708984375
277.12146 8888.4326171875
277.1557312 37570.04296875
284.197876 8218.513671875
289.1607666 7590.373046875
294.1826477 14803.54296875
298.1755371 8862.0107421875
299.170929 34013.15625
310.2144165 12185.685546875
317.1850586 9203.0029296875
325.1861267 8097.544921875
335.192627 50927.8984375
340.1492004 28957.720703125
343.1988525 8014.1303710938
357.1766357 44555.27734375
374.2074585 60053.49609375
381.2084045 8631.5615234375
381.8166809 7690.2973632813
401.2190247 8644.591796875
405.2131348 29823.375
411.2421875 46736.87890625
423.2246094 51118.7578125
440.2786865 14248.4736328125
448.2736206 40032.34765625
459.2987976 10976.5498046875
487.29599 11872.0361328125
504.2407532 11101.0361328125
537.2663574 9910.6591796875
538.2514648 49649.953125
547.3201294 9089.47265625
548.3035278 8181.4135742188
611.3416138 80976.28125
650.3485107 16171.759765625
651.3374634 68029.984375
652.3371582 13114.7744140625
724.4260864 58300.20703125
761.3800659 30406.12890625
762.3659668 51641.85546875
763.3735962 33396.86328125
779.3927002 81003.203125
780.3967896 18507.0390625
821.4797363 63656.58984375
892.4709473 29063.650390625
893.4709473 10398.07421875
949.486084 35713.78515625
950.4968872 10125.4609375
