1344.74111594669 2
101.0715103 186396.625
102.0553818 57199.7734375
110.0713501 95004.625
115.0870056 34045.234375
116.0707474 44624.82421875
118.626709 26434.978515625
120.0809021 360559.4375
121.0164871 25239.564453125
127.0507355 37399.125
127.086792 392089.53125
129.1025085 426382.03125
130.065155 28487.728515625
130.086441 63610.8046875
131.0812683 37320.24609375
135.8284149 26915.013671875
136.0760193 216006.3125
143.082077 52966.328125
143.1177063 35007.0078125
147.1128693 209574.421875
151.6647186 29482.837890625
159.0769043 35828.125
161.0922852 227558.5
171.0765076 414450.5
171.1130981 45705.61328125
173.1288605 177204.71875
175.1192169 165102.375
177.1027374 59239.9609375
183.076828 68819.90625
183.1133423 60331.40234375
185.0923157 39649.84375
186.1234283 46859.109375
189.0871735 310922.3125
199.144165 48919.0390625
200.1033936 333624.9375
200.1385956 45288.46484375
201.1239014 196136.015625
205.097229 53851.8203125
213.1600189 66621.0
215.1391144 47252.59375
216.0965271 35425.19921875
226.1186523 51614.8515625
228.1338959 39583.4921875
229.1543121 61468.08203125
242.1134949 201346.796875
243.1352081 44974.27734375
244.1657257 35233.28515625
258.1265564 65106.4140625
260.1255188 31106.173828125
262.1401978 287739.03125
275.6660767 36042.2890625
277.1513367 160614.15625
286.1425476 198684.6875
287.1405334 40833.06640625
299.1693115 106244.40625
320.1247864 166666.53125
320.5226746 30639.744140625
353.2185059 35107.91796875
361.2092896 217591.0
362.2086792 38040.62109375
370.171814 36776.1796875
371.2291565 44990.60546875
385.207428 147755.5625
386.2052612 50597.83984375
388.1819153 188843.640625
399.2200317 47484.05078125
433.1958923 33047.41015625
453.2684631 38089.77734375
470.301239 47731.04296875
484.2767944 40217.15234375
487.2534485 47810.27734375
498.2947083 39432.3515625
499.2985535 40836.421875
500.2984009 41335.11328125
531.3135376 285493.40625
532.3186035 46924.46484375
646.3380737 129761.7890625
729.8216553 34144.41796875
759.4239502 275489.40625
760.4315796 62444.20703125
797.4957886 111611.703125
858.4957886 302729.03125
859.4992065 206215.703125
910.5797729 54674.37109375
957.5581665 216274.71875
958.5605469 56545.50390625
1059.586914 66195.9375
1060.579956 55265.80078125
1069.588623 40346.8125
1218.755005 37703.19921875
