1370.77245076308 2
101.0713959 103841.4921875
110.0717621 218042.53125
120.0811615 111311.6171875
129.0664673 103735.34375
129.1027832 273447.84375
130.0866241 101703.1171875
131.1183319 112004.625
136.0756378 371926.3125
137.07901 98332.5234375
143.1178894 511662.15625
147.1128082 176312.53125
155.0817566 95212.921875
171.0770264 72706.625
171.1128845 359717.53125
173.0923309 78176.828125
175.1192627 371595.96875
185.092392 96161.9140625
187.1445923 193235.3125
188.1033783 114529.28125
193.0975342 314581.75
194.1022186 63811.0078125
197.1294708 54082.86328125
198.0878601 193205.15625
201.1231537 65115.17578125
212.1030121 59900.234375
213.1588287 47535.90234375
216.0984497 235858.328125
221.0924683 100060.0078125
240.0967865 51986.3203125
268.1661682 67804.5859375
282.5422058 44235.72265625
285.1552429 65243.76953125
288.2037048 80506.625
293.1124573 51980.609375
304.1307373 84758.4296875
305.1324768 67444.1015625
310.1771545 50616.94140625
322.1421204 80507.3125
323.1421509 85519.625
326.1455383 87982.5390625
357.7570496 54175.97265625
362.872406 50814.4140625
368.1926575 81702.8359375
386.2027283 81000.828125
398.1659546 65631.546875
415.190918 88796.0
444.2818298 52074.21484375
448.2569275 199615.109375
456.2940063 51834.96875
458.3086548 54881.14453125
492.2950439 91212.3203125
586.3656006 288626.15625
673.3982544 805300.9375
674.409668 96702.828125
703.3279419 54101.375
786.4840088 530696.3125
787.4793701 252371.265625
833.3706665 57249.73828125
834.3815308 69564.046875
857.5170898 751226.875
858.5297241 354380.4375
933.4403687 99898.1875
968.5546265 80051.2890625
985.5744629 283511.3125
986.5842285 85437.171875
1086.619995 348976.40625
1087.615112 74717.09375
1200.65686 87504.40625
1296.568848 73577.7421875
