1401.70469644542 3
101.0716095 82389.0703125
102.0555801 89635.0234375
113.0708389 49551.15234375
119.8529358 57518.6328125
120.0815582 422657.0625
129.1026001 1000656.5625
130.0866852 521269.28125
130.1059113 110704.125
131.0907898 66208.6953125
136.0759277 1528435.5
137.0793762 127596.625
138.9064026 51264.30859375
141.1020203 70604.921875
143.1180878 70332.078125
145.0975342 311104.5
147.1132355 1329363.125
148.1164398 261355.46875
155.0813293 67823.5234375
158.0932007 82277.5546875
171.1129608 62791.8828125
173.0924835 248760.078125
175.1189728 228154.5625
179.0819397 242513.515625
183.1494141 62679.85546875
183.977951 56891.453125
197.1265259 66067.53125
201.0868378 89360.3515625
201.9857635 51914.140625
207.0765076 401650.34375
208.0807953 256092.609375
215.139389 311627.46875
231.09758 71022.4140625
234.1452332 130968.1875
243.1349487 249299.125
249.1602631 338555.40625
250.1637726 109620.75
260.1969299 429089.84375
261.2007751 239352.6875
278.1572266 62837.1953125
314.1713562 88594.765625
344.1930542 215225.0625
345.1775208 84019.6640625
349.5022583 65786.03125
362.2054443 84383.53125
423.2598572 624675.625
424.2638855 1059773.25
425.26474 213651.03125
427.2007751 117962.390625
449.2418518 62579.015625
450.2440796 79027.6953125
466.2679443 119605.5703125
467.2709961 423556.9375
468.2720032 121116.671875
477.2297974 82578.65625
491.2588501 102114.7734375
524.2790527 97657.7265625
527.3057861 59070.2578125
617.2861938 87971.0546875
619.3093872 62749.265625
625.2967529 129987.140625
626.3186646 113680.34375
635.2984619 466944.40625
636.3389282 328695.75
637.3395996 66677.2578125
647.315979 66533.21875
654.322998 362917.59375
655.3197632 58553.48828125
694.3916016 408581.09375
823.4282837 338369.96875
1208.653442 56321.9921875
1427.569092 67817.46875
