1113.53946875555 2
92.02870178 25725.296875
92.38387299 21686.7890625
109.0663071 22555.529296875
109.0787735 21067.1015625
115.0874481 22703.763671875
119.2024002 22649.126953125
143.0817566 45348.109375
157.0965424 30243.974609375
175.118866 45878.0703125
185.0922089 572950.6875
186.0956726 31133.4921875
200.1029663 27916.794921875
210.0794067 41814.64453125
228.1352234 80397.7734375
232.1409607 43914.640625
237.8022766 21942.708984375
244.1654053 41377.4453125
256.1300964 247613.3125
257.1291504 24199.90234375
293.6456299 20874.033203125
303.1793213 38827.0546875
310.6459045 24333.19921875
313.1506653 99130.546875
333.4691467 24066.306640625
370.1702271 49658.6640625
374.2142029 118197.4609375
445.2502747 43065.17578125
557.2895508 22284.13671875
558.322876 27524.919921875
573.3088379 41241.57421875
630.3339844 115212.9296875
687.3498535 130666.375
729.2095947 22062.4921875
744.3711548 163783.5
801.4003296 151244.015625
802.3986816 41113.9453125
858.4169312 303924.5625
859.414917 105153.125
