2288.1797988746 2
169.6840973 5007.1625976563
171.1490173 5708.2373046875
175.1188507 16414.31640625
185.1289368 5935.0893554688
193.0043182 5503.0805664063
199.1437988 9236.638671875
212.1029053 11015.5166015625
214.1186218 10999.412109375
225.1602173 6268.6528320313
226.0816803 12609.234375
242.1159668 8128.3017578125
242.1496887 6911.3920898438
243.1082458 54945.85546875
256.1672058 8346.0390625
284.1971436 6841.6547851563
285.1905518 7523.5615234375
288.2033691 11693.1357421875
297.1589661 6841.6748046875
311.1741638 8190.4331054688
313.1874084 31647.18359375
325.1552734 8480.42578125
330.213501 14960.6943359375
339.1671143 9759.9169921875
342.177948 30266.2109375
356.1937256 37808.90234375
364.1564636 6912.185546875
401.9042664 6969.3999023438
410.2005615 8500.6103515625
427.2278442 14003.9130859375
438.2389526 14139.6806640625
441.2491455 35767.546875
455.2627563 10829.7783203125
493.8441467 6783.8212890625
509.2663574 7872.1474609375
535.2495117 9807.6962890625
549.2822876 8478.8232421875
552.2843018 8822.794921875
554.3312378 12619.6923828125
565.2886963 8692.7509765625
586.2584839 8562.0126953125
651.3483887 10718.2255859375
663.3294678 11461.978515625
668.3829346 8849.197265625
687.3445435 8109.3349609375
700.3495483 10026.3046875
716.3496094 8658.3095703125
743.343811 58993.87890625
760.3765259 394538.28125
761.3787231 156652.828125
762.3813477 38258.28125
873.4639893 61365.62890625
874.4598389 26269.91796875
875.4564819 12522.3984375
986.5490723 88236.8046875
987.5593872 34404.33203125
1018.098694 9081.4619140625
1101.59314 48180.50390625
1102.598999 13782.0703125
1144.615845 52426.31640625
1145.609619 29765.951171875
1146.593506 10561.8447265625
1207.58252 42992.26953125
1208.587891 13085.033203125
1229.637695 42808.16015625
1230.637939 13216.8466796875
1358.677979 41047.0
1359.676758 40464.953125
1360.705078 15839.9013671875
1393.66748 14397.95703125
1521.729126 119840.953125
1522.739868 78114.0390625
1523.751099 32764.17578125
1592.75769 87308.1484375
1593.78186 71315.609375
1594.766724 33781.296875
1609.694702 13656.2607421875
1663.809326 78892.7890625
1664.801025 83276.8359375
1665.811157 30191.28515625
1666.810425 11140.611328125
1734.839478 79850.7109375
1735.849487 73736.03125
1736.840576 44937.375
1848.929565 12123.4052734375
