2231.06355036599 2
155.0817413 9349.18359375
158.0918121 12427.615234375
173.059021 6764.3950195313
175.1190643 157515.703125
176.1226196 9467.4150390625
183.1114655 7928.0893554688
198.0879822 26238.029296875
201.1236267 81544.609375
207.1136169 19670.37109375
208.6679535 8375.087890625
210.1397858 7603.61328125
216.0983429 44778.73046875
229.1183624 58211.328125
235.1078644 21947.564453125
237.2128906 9282.541015625
248.7872009 11348.7724609375
256.1655579 16495.419921875
258.1468506 9130.3955078125
259.1452942 12485.7578125
268.1673584 13132.181640625
269.1244507 46741.51171875
270.142395 12380.513671875
287.1369629 16706.01953125
290.1460266 16902.818359375
292.0207825 9157.984375
297.1549988 18592.91015625
298.1413574 13308.2255859375
321.9359436 10083.66015625
349.1503601 16676.8359375
361.1839905 56106.89453125
368.191803 11799.607421875
369.1751709 12542.2587890625
376.1845093 16492.037109375
386.2425842 42538.4453125
392.1821899 77984.984375
393.1838989 14343.931640625
415.1943359 11327.916015625
432.1911926 25358.513671875
446.2275696 13509.1640625
452.2874146 22886.990234375
454.2309265 16214.0244140625
463.2191467 56924.73828125
531.2900391 17987.853515625
532.2418213 11629.45703125
611.3162231 25264.55078125
626.3236694 23187.21484375
628.3416748 276142.40625
629.3416138 81819.2265625
645.3256226 14839.3046875
660.3029175 50755.83984375
661.2936401 19262.859375
678.3140869 24243.435546875
732.359314 19448.646484375
742.3502197 16843.31640625
759.3702393 47304.87890625
760.3533325 23543.97265625
761.3639526 16225.78515625
791.4068604 89388.03125
792.0269165 13228.2529296875
792.3986206 17798.37109375
871.4759521 12829.5302734375
873.44104 17390.29296875
874.4441528 23521.19140625
938.451416 14878.326171875
975.4998779 25336.255859375
1115.594116 15723.5224609375
1116.636719 71387.4921875
1117.57959 116677.984375
1133.563232 44888.4296875
1134.566772 22588.146484375
1190.567505 90301.703125
1191.58667 65060.98046875
1197.569458 18601.158203125
1238.585571 21496.486328125
1254.570313 71552.5078125
1255.574341 52779.3828125
1277.611084 148540.609375
1278.61792 94930.625
1279.61731 17844.720703125
1325.610962 57491.03125
1326.614746 44813.3125
1327.63501 18207.625
1341.607178 113959.390625
1342.624023 83882.953125
1343.6073 15598.654296875
1390.698364 176508.8125
1391.688721 108984.0546875
1392.707642 45625.4140625
1420.696167 21433.3203125
1438.694214 58151.96875
1439.699341 18243.064453125
1440.684204 20534.427734375
1454.703491 112619.7265625
1455.701904 116522.1875
1456.6875 51207.8671875
1489.754517 59693.671875
1490.802246 21417.6953125
1553.748169 26163.037109375
1554.751343 17589.44921875
1590.800049 17180.498046875
1591.787231 20696.86328125
1654.821289 16001.7529296875
1704.86377 20251.8671875
