1592.95408663614 3
116.0705566 21718.01953125
120.0810547 146584.46875
121.0835876 12779.509765625
126.054306 11540.7236328125
129.1019745 11791.3271484375
136.0752869 80707.734375
141.1014099 16730.66015625
143.1175079 22792.79296875
144.1497345 11443.8505859375
154.1589966 12197.1328125
158.0916595 15924.2490234375
159.09198 14027.6748046875
163.4070892 11074.7236328125
167.1177521 18984.826171875
169.0968475 26047.466796875
171.1121521 18652.029296875
173.1290741 14230.1796875
175.1187592 83054.28125
186.0874481 25939.6640625
193.0963745 13428.45703125
199.1803741 121997.2265625
211.1443481 14952.357421875
212.1391754 32721.107421875
213.1237793 13162.2666015625
215.1389618 24217.77734375
219.1127014 15209.8525390625
220.6346283 60417.6015625
227.1754303 84637.8828125
228.1789093 17636.861328125
231.1124573 20704.810546875
235.1073608 15084.869140625
240.1334076 12233.1533203125
255.1446381 175977.625
261.0913391 12878.2919921875
265.1669006 15823.4423828125
266.1504211 71082.390625
269.1606445 366876.1875
269.6626282 91010.234375
272.1712341 86361.5
284.1964111 36753.0078125
285.1641846 15698.62890625
299.171875 79369.8984375
302.1705322 14420.9716796875
310.2129211 25205.1953125
343.2082214 29596.98828125
344.1962585 59018.90234375
352.1977234 30925.544921875
363.2044373 28982.611328125
367.235199 35405.25390625
380.2284241 61128.78515625
382.2137451 21611.408203125
399.5253906 13978.046875
401.2118835 21377.810546875
416.1936035 28366.20703125
423.2354431 21310.748046875
430.2697449 22821.9296875
440.2617493 625808.125
440.3186035 28959.521484375
441.2667847 104446.8828125
442.2670288 20109.158203125
469.2850342 17936.712890625
477.285675 63009.63671875
480.3170776 16923.208984375
503.2698059 18221.533203125
512.2531738 28484.109375
514.3109741 37664.375
519.3032227 23039.275390625
520.2908936 114354.3125
529.2803345 25328.904296875
537.3147583 1166052.0
538.3183594 286222.71875
539.3223267 59623.14453125
625.3358765 18704.5703125
627.3861694 28617.634765625
642.3630371 36919.0
643.3604126 31019.853515625
645.4299316 23841.556640625
660.3758545 27227.115234375
707.4226074 228537.328125
708.4197998 67490.8046875
710.4208374 27319.826171875
758.5210571 25661.259765625
773.4537354 25273.73046875
788.5499268 19082.86328125
812.4710083 25906.7265625
820.506897 34873.1796875
905.9422607 19560.28515625
1455.623413 20334.06640625
1480.278076 19230.751953125
