1708.77822157981 2
118.4951477 9543.9482421875
120.0806732 47715.06640625
129.066391 9994.158203125
129.102005 29048.125
130.0496521 8923.583984375
130.0858154 19549.232421875
133.0607147 18370.248046875
141.1015167 12116.216796875
147.1127014 12277.767578125
169.0609436 10714.0947265625
169.0974426 10684.5205078125
175.1183777 49208.015625
183.1126709 9347.7060546875
187.0709381 19894.8515625
193.5068665 8661.8505859375
199.1086273 10725.1845703125
199.1650085 12808.326171875
199.1808014 178356.21875
200.1834106 12531.0029296875
201.12323 13543.1494140625
213.087677 12060.5673828125
216.0975189 20014.4453125
226.0821686 21055.88671875
226.1181641 43084.23828125
227.0648041 19368.8203125
227.1026459 19063.38671875
227.1751556 81702.75
229.1174011 24435.482421875
244.0927429 71276.0
245.0746155 12698.3388671875
248.0590057 10571.650390625
258.1447754 11339.4345703125
259.1410828 10991.015625
276.1622314 20336.45703125
279.15448 9601.689453125
282.1808472 12245.91796875
301.1149292 18211.904296875
302.0992126 12890.40625
315.1297913 15633.873046875
323.4422607 10516.435546875
330.3708801 11146.2021484375
338.3597717 10716.45703125
342.1315613 85903.0546875
342.2016907 26315.525390625
343.2036743 14318.078125
357.1779785 12526.5517578125
384.1488037 11760.3916015625
388.1469421 13002.9873046875
407.207489 19612.53125
413.1299744 21580.3984375
456.1729736 20282.97265625
457.1559143 14242.5791015625
488.2344971 88092.1640625
489.2399292 21130.34765625
510.1454163 22455.9765625
556.2213135 16035.716796875
559.2146606 15818.02734375
623.2908936 41524.7265625
686.9821167 13530.7236328125
694.3267212 18610.26953125
713.345459 119604.3359375
714.3460693 21766.158203125
774.3477173 18828.98046875
791.3719482 380326.78125
792.3719482 149743.765625
793.3775024 49737.546875
812.4179688 14903.693359375
813.4290771 24766.921875
839.3786621 14246.1767578125
855.5667114 47061.6640625
856.472168 25017.53125
927.4406738 17018.501953125
938.4429932 206494.234375
939.4421997 96424.703125
940.4611816 41572.98828125
1053.465942 108091.5703125
1054.464478 48917.0703125
1090.523193 21306.8671875
1141.521851 17755.947265625
1182.523193 27899.57421875
1183.525024 52961.91015625
1239.540527 144228.09375
1240.530762 119882.03125
1241.536133 65999.515625
1319.371826 16701.43359375
1350.561646 25392.296875
1351.557129 20268.87109375
1482.616699 65789.5859375
1483.632446 49822.45703125
