2645.27598283178 3
183.1124573 6457.4262695313
183.1494446 6266.2192382813
185.1650696 9928.5205078125
187.0713501 6580.4990234375
197.1279602 6279.0654296875
199.1086121 5830.01171875
199.1805725 5486.12890625
201.1225128 9442.92578125
208.1062622 4379.7719726563
211.1435394 7696.0043945313
213.0858765 5634.9892578125
213.1587982 9776.25
217.0823975 5627.279296875
226.1197662 5880.5639648438
227.101181 5105.0717773438
229.0947418 6170.8491210938
229.1181946 5575.4057617188
240.0966492 5649.6337890625
242.1489868 6292.1435546875
244.0929108 5927.3940429688
245.0773315 7329.2817382813
249.1600342 11358.994140625
254.1510315 5732.7446289063
260.1982727 6863.6577148438
263.1017151 6394.1489257813
277.1550903 11668.0234375
277.911499 4418.2255859375
294.1817627 9509.8134765625
310.1404114 13167.9716796875
317.1273499 22781.388671875
325.1875916 6829.8022460938
360.192749 26046.138671875
389.1802673 9138.4560546875
399.1511841 7529.837890625
408.2263489 7707.8403320313
424.1799927 5263.6948242188
424.2576904 13158.234375
470.2599792 6852.3842773438
480.1938477 6700.5375976563
496.2006836 40710.08203125
505.2383423 6810.4545898438
522.2675781 28505.197265625
530.298584 6618.31640625
537.2376709 6505.0014648438
537.3237915 30589.388671875
545.282959 5584.455078125
552.2088013 6753.6435546875
573.3335571 6704.2407226563
601.3358154 11521.7490234375
613.2260132 8183.3666992188
619.34375 6702.064453125
625.2472534 12315.9404296875
635.3536377 47429.23828125
653.9009399 7625.3515625
734.4249268 33398.94921875
847.5056763 41419.4453125
848.5181885 21584.677734375
855.4012451 6536.1694335938
879.4434814 9037.9326171875
881.5683594 7662.3510742188
889.3754272 11585.6083984375
940.3796387 6488.9008789063
946.5653076 45820.69140625
947.5834961 10835.37890625
958.3971558 24853.478515625
959.3981934 10477.1123046875
976.3947754 42356.48828125
977.4003296 21657.6484375
1073.457764 11748.724609375
1232.605347 22070.12109375
1233.5896 8202.896484375
1335.650635 7459.4233398438
1600.635132 7937.876953125
