2351.25945201354 3
167.0816498 17030.783203125
169.1326447 13347.09765625
171.1126404 36387.74609375
173.0932159 168576.96875
173.1286926 912721.375
174.1315002 79794.296875
175.1188507 98370.6953125
181.0972595 35802.61328125
183.149231 248524.296875
184.1528015 18584.517578125
185.0921783 22936.23046875
199.1062469 26676.912109375
200.1390381 26073.6953125
201.1236572 561311.3125
202.1264954 35452.734375
203.1026001 30232.818359375
207.1133575 23429.798828125
209.0921631 35646.140625
210.1232452 21160.40625
211.1444397 159993.890625
212.1029663 38796.8515625
213.0875244 24437.681640625
226.1188354 75802.8984375
228.1344452 44024.96484375
243.1086578 131096.1875
243.1313171 23721.982421875
252.1334381 21289.103515625
254.1508636 33050.53515625
255.1446838 22278.365234375
256.128418 46168.77734375
272.1610107 257756.875
273.1652222 20972.62890625
274.139679 30984.138671875
299.135437 39598.984375
300.1207886 42017.14453125
300.1572266 23726.55078125
303.1768188 44354.5234375
312.1929626 30411.150390625
317.1305847 18718.720703125
318.1335144 22808.390625
325.1531372 25735.57421875
325.1885071 153058.625
335.1421204 28090.994140625
338.1825256 45837.7578125
339.1679688 31258.501953125
342.1783447 70441.2265625
342.2146606 89857.625
346.1362915 19117.119140625
355.1983948 31616.095703125
373.2085266 45472.0703125
393.1359558 20083.01953125
402.9464111 24929.01171875
434.2411194 23636.052734375
436.2200623 43539.140625
451.2674255 30170.849609375
453.2466736 136271.90625
454.2539978 28416.853515625
472.21698 38547.33203125
474.0812988 22089.81640625
489.2601318 23394.75
552.3134766 77500.953125
553.3168945 22085.025390625
596.3302002 32740.578125
604.322876 27131.61328125
612.8279419 21114.310546875
613.3441772 104699.609375
621.842041 217949.359375
622.3399658 239804.171875
623.3468628 39783.69140625
660.6954346 30595.97265625
661.4037476 822319.3125
662.4116821 39602.3125
678.8619385 120113.03125
679.3641357 107680.5859375
679.8687134 31493.828125
680.3441772 24139.810546875
706.3792725 32961.1796875
714.380127 360719.0
714.8782959 365915.34375
715.3776245 160103.546875
720.3985596 26216.58203125
743.3959351 93315.0234375
744.385376 26871.814453125
760.4238281 86186.2109375
761.4161987 42057.328125
763.9133911 306279.8125
764.4144287 282260.4375
764.9194336 122405.265625
769.4077759 28420.171875
776.4160767 27123.517578125
785.428833 31497.736328125
819.4367676 94898.9453125
819.9364624 95520.8515625
827.9390869 176371.671875
828.4464111 200334.203125
828.9408569 82552.625
845.9473267 26193.375
856.475708 35160.234375
863.4642944 256150.375
867.4540405 34282.60546875
876.4537354 32358.185546875
876.9572144 119954.3984375
884.9641113 460135.78125
885.4655762 393580.46875
885.9622803 282523.65625
886.4694824 79478.3671875
890.453064 32590.703125
934.500061 245220.328125
941.4990845 177085.78125
942.0053711 147693.265625
942.5183105 157384.40625
947.0007324 41713.5
947.4888306 41914.1796875
981.5257568 102062.640625
982.0184937 114433.0390625
982.5307617 93261.3984375
990.0349121 1083196.625
990.5327759 1277092.125
991.0349731 854854.9375
991.5351563 268285.28125
992.0455322 114460.4453125
1014.549866 35443.18359375
1019.047546 34990.3125
1019.554688 35009.8046875
1032.054565 36274.26171875
1040.556763 156352.125
1041.052734 150494.578125
1041.563232 90237.4765625
1067.087524 91709.8828125
1067.570679 44190.59765625
1068.558594 94609.359375
1069.072998 28874.814453125
1076.077271 378753.25
1076.570679 440852.125
1077.07605 397970.875
1077.584961 120476.9921875
1081.56543 193165.296875
1086.570557 33612.51171875
1136.545654 36019.37890625
1137.567017 32461.62890625
1168.609863 283475.1875
1201.66333 28650.154296875
1225.65686 226897.140625
1226.636475 207926.15625
1227.649902 31565.939453125
1242.674683 149498.40625
1243.666748 144177.65625
1297.654053 96856.3828125
1339.684937 108852.296875
1340.708374 78252.5234375
1356.70752 46736.1875
1398.695679 112314.3359375
1410.729858 118125.5859375
1411.719849 101612.6875
1427.753052 42717.3984375
1428.746826 47524.9765625
2057.591797 27964.814453125
