839.451866094064 2
60.04536057 1237801.875
63.40445709 48980.09375
69.07092285 70641.703125
70.06607056 539743.0
70.70275116 50905.55078125
71.60310364 50862.4609375
72.08161926 4089589.25
73.0848999 91780.4453125
74.06093597 317009.8125
84.04518127 1261414.625
84.08146667 1268611.375
85.04845428 52404.0078125
86.09263611 89438.0234375
86.09715271 2513705.25
87.10070038 88296.015625
91.05499268 59564.54296875
98.06059265 112760.328125
101.0714111 54473.60546875
102.0555954 796092.125
106.4769669 66629.46875
109.5508499 59480.5
110.0717926 2824342.5
111.074913 217530.203125
115.0870132 62180.6171875
116.0710297 464519.6875
120.0811996 268453.9375
123.117012 65962.203125
123.7265701 59823.23828125
129.0653687 76746.1796875
129.1025848 1386524.25
130.0864716 1676287.625
131.0901947 87013.7734375
133.0440063 70572.90625
136.0758667 3153762.0
137.0793762 337029.1875
138.0665131 112402.4453125
138.0918427 445043.125
143.0817413 584024.5625
143.1189423 65152.12109375
147.1129608 2634642.5
148.1169434 80867.9921875
153.0663757 98069.8984375
155.1177216 609154.1875
156.1021881 256749.515625
157.1341553 126959.140625
158.0932465 84857.7734375
161.0918121 484059.25
167.0823212 74728.3984375
169.1325684 65246.01953125
171.0767975 373678.65625
171.1134186 100861.53125
175.1192169 650029.375
178.1346283 229278.78125
183.1130219 6935673.5
184.1170807 736092.0625
187.1080322 73976.1015625
189.0872955 365711.84375
201.1235504 2673091.25
202.1271515 310034.34375
210.0257111 252093.828125
211.1083527 661963.8125
215.2429199 54242.00390625
217.0831451 83320.84375
219.1341248 62535.53515625
223.1555023 897035.5
224.1592102 230927.046875
228.1355743 64476.0859375
229.1194916 119124.3125
237.1235352 390879.78125
242.1493988 243961.09375
242.1867523 221415.578125
249.1608276 671011.25
251.1499329 560130.375
252.1545715 82171.0078125
260.197052 1596224.875
261.2002258 276680.65625
265.1175842 451994.5625
270.144104 93780.7109375
280.1299133 73624.484375
288.133728 90132.0703125
288.1628113 253789.296875
288.6640015 70723.65625
297.1713257 91292.7734375
298.1401367 282630.59375
334.1393433 1864765.75
335.1420593 307309.28125
352.1510925 811590.0
353.1516724 90212.3203125
361.1983337 87757.8125
363.1662903 404666.4375
370.7423706 69631.5703125
377.1928711 110119.9921875
381.1776428 496281.78125
399.18573 59626.0625
419.2575073 76158.90625
420.1982422 61610.40234375
423.2608948 846327.5
424.2635803 266099.34375
437.2379456 82661.2109375
452.8551636 68166.4140625
458.3100586 63979.2578125
465.2385864 77634.1171875
498.2318115 78211.5078125
524.3076172 493916.53125
525.3117065 128622.390625
547.2133179 66951.21875
558.289978 110146.28125
559.2912598 60046.60546875
586.3709717 417693.1875
587.3702393 222489.828125
611.3391113 1162877.875
612.3441772 487800.78125
699.4521484 225638.203125
700.4490967 126940.609375
