2755.24792585864 3
191.117981 3643.6687011719
197.128952 2614.130859375
198.088913 2365.837890625
198.557251 1497.8547363281
199.0721741 3449.4816894531
201.0906525 1464.4515380859
201.1233521 9524.3544921875
203.0671692 1873.0482177734
204.1351929 17613.4609375
205.137619 1480.2982177734
209.8313293 1669.1744384766
212.1039276 4366.4931640625
213.0878143 2575.4428710938
213.1602783 1871.0101318359
216.0977936 8615.3271484375
217.1339417 1955.6397705078
219.1133575 2750.4077148438
219.1493073 2668.6442871094
221.12883 2598.052734375
225.1236267 2585.7653808594
226.1196289 1828.8419189453
227.1037292 4058.0256347656
229.1193848 15528.9501953125
231.061676 2231.3122558594
232.1122589 2818.7810058594
233.1298523 23872.009765625
235.1085968 4722.0551757813
238.1208954 2297.3911132813
242.1500244 2253.4548339844
243.1342316 3658.1232910156
244.0935974 3022.9733886719
247.1088409 3100.9223632813
260.1964722 2575.0561523438
261.1242676 17689.279296875
261.1488953 1927.4998779297
263.1026611 3295.2648925781
265.1184387 2263.0473632813
265.1550903 1890.0065917969
268.1687927 2059.6611328125
270.1477966 2084.490234375
275.1028748 2070.4929199219
282.1827087 3478.9641113281
283.142395 2758.8239746094
284.1253967 2117.9936523438
289.0965881 4474.171875
293.114563 3741.89453125
297.1573792 2554.6538085938
298.1416016 21889.55859375
302.0969849 1976.0158691406
315.1687317 4797.2685546875
316.152832 16072.3310546875
318.1816101 2890.0715332031
323.1372681 2961.4699707031
326.1707458 3059.4206542969
345.1572571 5119.087890625
357.1821594 2676.5556640625
358.1506653 21349.9453125
358.2122498 4289.9506835938
362.1745911 2681.9145507813
363.1668396 4373.7783203125
367.1654663 2639.1486816406
369.2147827 3935.7509765625
385.1722717 4310.9077148438
390.168335 27668.23046875
391.1677246 4336.0229492188
397.2113037 4368.3852539063
412.1887512 2783.0891113281
420.2084045 17420.451171875
430.302002 2985.0932617188
431.2365723 2603.6733398438
456.175354 2926.2231445313
460.3187866 2683.8332519531
466.2319946 8744.9501953125
467.2432556 2922.5942382813
489.1953735 22037.380859375
490.197937 9522.09765625
491.2495422 16219.5029296875
501.1889954 3297.060546875
502.1908264 2195.9479980469
503.2524719 3931.2763671875
505.2674255 2596.1345214844
525.2553101 2299.3149414063
526.2579956 4028.9040527344
544.2463989 2771.4904785156
553.2337036 9016.8349609375
560.2824707 3061.8229980469
561.2865601 3969.6320800781
565.3036499 2720.8703613281
572.2175903 3275.5966796875
582.237854 2956.0998535156
585.3641357 14572.5146484375
592.2976685 2763.501953125
599.2704468 3582.8283691406
602.2805786 17298.837890625
603.2874146 3449.48046875
619.3068848 8836.2060546875
636.2704468 4935.16796875
648.3214722 3262.3073730469
656.3994751 8202.15625
694.3486328 3031.8317871094
712.3550415 4992.6928710938
713.3527222 3417.259765625
730.3466797 4465.2890625
747.343811 2731.1943359375
752.458252 4267.0151367188
779.3447876 11383.71875
780.3468018 9176.353515625
787.442688 2625.2136230469
825.4425659 2685.1301269531
846.4124146 2928.0971679688
876.4917603 3143.2272949219
918.4953003 21099.638671875
919.4953613 13763.501953125
920.4884644 5112.892578125
926.4049683 18856.208984375
927.4142456 8386.8544921875
945.4136963 2849.3103027344
973.5082397 2831.1862792969
1041.425049 20880.927734375
1042.438477 8192.3583984375
1085.790527 2555.1335449219
1144.572998 3991.6188964844
1174.522339 3985.1127929688
1184.618774 11656.734375
1186.623657 4679.8193359375
1188.496338 17128.87109375
1189.512695 14406.7939453125
1217.646729 15065.75390625
1219.643188 4241.1469726563
1239.662354 3137.9914550781
1259.542847 10757.65234375
1260.545654 8078.2368164063
1271.646851 16471.73046875
1360.59082 7949.1850585938
1361.589966 3110.6413574219
1375.716431 8424.31640625
1376.711426 8719.9599609375
1389.767944 8195.0595703125
1523.641846 4911.009765625
1524.621338 2981.2485351563
1525.641479 3166.0798339844
1653.779541 3198.7614746094
1842.490601 3131.5422363281
2231.203125 3340.0788574219
