1433.79950023326 2
101.0716019 44555.1015625
110.0717926 108091.4375
114.4944077 16441.49609375
120.0809479 44197.01953125
128.9974823 16278.1767578125
129.1025391 909487.8125
130.086441 88439.203125
130.105896 22037.00390625
131.8898163 17087.7421875
134.4401703 16213.6201171875
136.0756836 183358.828125
147.1126556 127161.375
157.0978088 26887.0625
157.1335754 18883.302734375
158.616806 20377.390625
160.0423279 20044.701171875
171.1121826 21338.296875
175.1190948 82445.2421875
176.0193634 25748.091796875
183.1126862 20243.37109375
183.1500244 35743.30859375
185.12854 20743.90234375
187.1443481 255237.625
201.1236725 91924.0703125
204.135437 22076.109375
204.243927 24617.865234375
205.0968628 24495.10546875
208.1087494 22073.517578125
211.1445465 25305.744140625
213.1607361 25172.775390625
215.1391754 78852.1796875
225.1605377 22276.9375
229.1195374 26560.341796875
238.1208954 20902.04296875
240.135437 78172.7109375
242.1866608 120181.5390625
243.1341553 91748.4375
244.0926819 26260.53125
245.0975342 25019.90625
247.1061401 22090.685546875
258.1443176 28040.4140625
261.1556702 153561.96875
274.1860962 23435.689453125
276.1340027 30097.74609375
283.1440125 24051.111328125
286.139801 93481.2265625
293.1137695 21142.78125
320.1276855 21235.81640625
330.167572 30810.841796875
337.159729 19149.185546875
349.1503296 27955.275390625
353.2192078 21266.10546875
371.228302 40145.8828125
374.2402649 82632.9609375
397.0469971 18292.009765625
408.2240295 27454.580078125
409.2739563 17482.541015625
428.2527161 22704.78125
445.2749634 24079.96875
470.2992859 24898.376953125
471.2480164 23243.921875
519.2692871 23341.251953125
546.0349121 19473.591796875
559.3192749 21406.25
610.2780762 22101.375
683.3615723 22997.451171875
690.3343506 28210.484375
705.3681641 21357.490234375
716.3946533 27358.705078125
717.4093628 22626.9921875
718.3550415 80564.0078125
720.3151855 23689.060546875
722.3804321 41160.1796875
734.3902588 20184.154296875
741.2852173 22683.478515625
811.9037476 20757.763671875
851.4215088 92374.71875
852.4144287 29718.732421875
854.3781738 27116.40234375
863.4041748 19705.494140625
949.4905396 27995.705078125
964.5047607 40711.9140625
965.5064087 27501.287109375
982.4320679 20450.783203125
986.4867554 22434.68359375
990.4641724 21460.986328125
1063.557861 35488.21875
1192.615723 87515.328125
1193.598389 43969.984375
1218.036987 20523.025390625
