1771.84222443762 3
127.0496979 4816.5278320313
129.06604 7632.5532226563
129.1025543 52743.4609375
130.0860596 26493.478515625
132.0805511 7096.6889648438
133.0426788 42678.21875
136.0755005 33505.6484375
143.1175385 7433.8916015625
143.6294556 4540.5737304688
145.0968323 10918.78515625
147.1124268 38706.90625
157.0964203 4695.0610351563
158.0917816 6081.59375
159.091629 25906.466796875
169.1335907 13527.09375
171.1131592 8370.609375
173.0555115 6875.3642578125
173.0916595 39245.296875
173.128067 10061.5615234375
175.1190338 47798.80859375
178.0531769 6625.3911132813
183.1134033 7221.169921875
185.0934906 5470.0776367188
197.1279755 7284.6181640625
199.0709991 11787.5615234375
199.1808472 103249.6875
200.1838531 7734.7177734375
201.1231537 36124.32421875
203.0663605 9071.8994140625
207.1122284 5830.1796875
212.1037292 8775.333984375
217.0813751 9613.134765625
217.1371307 15511.28125
219.1121521 6197.7265625
219.149353 7243.2329101563
221.1009674 5109.6513671875
226.118454 8523.5556640625
227.1754761 42682.4375
228.1337433 7149.33984375
229.1188049 12165.830078125
230.1128845 10106.1142578125
233.1662445 15187.013671875
240.1339417 15397.2607421875
242.150589 11712.4189453125
244.128479 22857.802734375
245.131546 30197.37890625
247.1455383 6487.0268554688
248.0697021 9474.9775390625
249.1605225 5203.9340820313
251.1225739 15873.1494140625
255.149292 6544.5366210938
258.1445007 12577.7685546875
261.1603699 33970.98828125
272.1247253 35926.78125
272.1777039 7256.8720703125
273.179657 6966.8369140625
276.1679688 8078.1440429688
278.1539307 74935.1875
279.1167603 26203.880859375
279.1569214 7058.283203125
284.1966553 34321.3671875
286.1057739 6068.7426757813
286.1400452 25887.373046875
304.1628113 6819.2963867188
325.1873169 11133.7158203125
333.0866394 24709.7421875
343.1959229 10468.671875
343.234436 9690.69921875
345.144165 9006.9521484375
355.2333069 11533.5029296875
391.2393188 55795.015625
392.1997375 56626.1015625
405.2070313 8484.6396484375
414.1651001 8797.521484375
418.2115784 8475.1416015625
435.2346497 12581.689453125
436.2376404 11389.970703125
438.2731323 9023.826171875
456.2822266 9421.83203125
534.3076172 9826.888671875
538.3051758 57102.96484375
539.3121338 16184.716796875
548.3621216 8070.5219726563
571.3118896 7637.6708984375
577.3117065 13603.2587890625
590.3926392 54619.546875
590.8948364 27710.935546875
591.3709717 13503.7978515625
669.3469238 42650.703125
670.3587646 14008.66796875
671.3598633 8370.2119140625
681.3699341 9217.4443359375
690.3948975 39028.796875
691.401062 15433.560546875
697.3170166 45041.421875
698.3260498 21955.501953125
782.4299927 31153.541015625
783.430481 9179.47265625
789.4655762 10829.9697265625
809.4379272 30494.0703125
810.4129028 41844.62109375
811.4009399 11307.3193359375
855.489563 8913.9814453125
880.4914551 26270.90625
897.4556885 9458.60546875
937.5261841 9183.064453125
946.2910767 8247.4482421875
954.4689331 45470.640625
955.4852295 33694.87109375
956.475647 9253.8203125
980.5061646 30475.353515625
990.409668 8509.6474609375
1067.540405 30679.310546875
1068.541382 30691.708984375
