1256.74570132695 3
87.1006012 224558.6875
101.0714798 1323578.375
102.0555115 835702.125
110.071991 477251.09375
112.1126709 136777.6875
116.0709152 159335.921875
120.0811234 1348818.0
122.12883 117847.6015625
125.0712662 241495.75
129.1026001 2838975.75
130.0863037 1324494.125
130.1064911 167646.0
136.0753937 115784.640625
141.3467712 106635.0625
143.1185303 246741.09375
147.1128387 2393577.0
155.081665 171455.015625
155.1181488 514247.0
157.0973816 179648.71875
158.0927734 158801.359375
159.0923462 129795.1953125
170.0599823 130552.0546875
170.0935822 149535.171875
173.0918274 156885.875
173.1287842 167587.515625
175.118927 1297013.75
178.0193787 114348.78125
181.0971069 131194.625
183.0765533 167316.28125
183.1495972 1331110.0
185.0929108 129833.8203125
185.1290131 121407.3359375
185.1652832 244260.359375
187.1445007 666523.9375
199.180954 573438.1875
200.1391144 1162413.625
201.1076202 130088.0390625
201.1237183 907858.125
201.1406708 138757.546875
211.1446533 793879.6875
215.139679 476467.53125
217.1335754 147511.21875
221.1302185 163688.9375
221.6571198 166013.078125
226.1177979 146447.34375
229.1550751 166489.015625
242.1866913 549796.875
242.6598206 169927.4375
243.1346588 193312.71875
244.1303253 154785.734375
249.1226959 130709.4140625
256.6508179 425346.1875
256.8388672 120696.328125
260.1972961 1201938.875
272.1234131 192801.203125
288.2033997 262557.09375
292.3751831 142343.296875
294.1817322 126134.390625
329.219635 222332.796875
335.1851807 132689.734375
341.7020874 133591.015625
354.7270813 184177.4375
357.213501 337968.0
357.2509155 2689013.0
358.2532349 508840.375
375.233429 453490.90625
385.2106934 163201.3125
398.2455444 227229.796875
398.749176 157438.59375
426.2320251 184646.71875
435.2701721 184031.015625
441.2689819 1106737.25
441.7677002 196620.359375
444.2434692 190029.359375
468.2827148 1204967.375
469.2822266 452115.4375
470.2912903 119840.25
486.2928467 545988.0
492.2468567 185530.328125
512.2938232 284511.0625
514.8010864 463812.1875
515.3078003 205430.953125
536.3208008 1026256.125
537.3228149 234591.109375
545.2991333 156714.96875
571.0272827 115528.015625
575.2594604 165476.546875
599.3688965 172969.96875
609.335022 450626.6875
610.3374023 146357.203125
635.388855 169139.109375
640.3624878 164138.734375
682.3965454 255200.84375
745.8421021 157708.53125
979.5441895 137938.078125
