1144.63542260362 2
84.0450592 588968.0625
84.08154297 488451.96875
85.08582306 87584.5546875
86.09719849 1707778.375
87.05596924 148619.546875
91.05506134 108168.21875
101.0722046 232255.09375
102.0555496 766979.5625
110.071991 290800.5
115.0860214 76069.15625
120.0812378 1751622.0
121.0848541 81857.3046875
121.7409668 78471.453125
129.1022949 849013.75
130.0861816 109663.4765625
131.081955 85555.5234375
136.075882 1368248.75
143.1175537 95078.3671875
147.1130981 399472.0625
158.0931702 81259.4296875
159.0766449 1132247.0
168.1455231 81273.15625
169.1335754 318445.0625
175.1185913 581469.6875
183.1499481 295462.59375
196.1430206 79564.890625
197.1281586 294027.375
199.1817017 93674.671875
201.1047821 88968.7421875
201.1229095 147059.453125
211.1445923 133066.40625
213.15979 143630.796875
214.1562042 85700.875
219.1502533 526303.8125
220.1515045 90932.0078125
225.1242371 85947.9375
233.1283875 115903.90625
234.1439972 173435.1875
247.1083679 121191.7578125
247.143219 107376.5546875
258.1085815 120681.9140625
261.1236877 115876.484375
265.1168823 144358.34375
288.1186523 856279.3125
289.1207886 97763.4609375
293.1125488 134974.203125
294.1809998 293028.71875
342.2030029 184427.09375
404.2548523 251086.40625
429.6704712 81028.4765625
481.3117065 297200.71875
491.2194214 90216.328125
498.3398132 634736.625
499.3422546 90331.6875
524.2692261 110768.2421875
588.2799683 139964.21875
597.40802 122989.8125
694.460022 1429137.25
695.4625854 817528.6875
696.4605103 96159.3515625
784.3773193 123696.21875
857.524231 179050.1875
858.5271606 131063.78125
898.4255981 116553.21875
