931.473446838444 2
70.06602478 27138504.0
72.08175659 1685573.375
84.08155823 4945718.5
86.09707642 1483408.125
117.483696 1074463.125
127.087059 21074664.0
129.1028442 5070478.0
130.0870667 3854928.5
147.1126709 7128829.0
155.0816956 10245757.0
159.1129761 1555185.375
186.6735992 1116480.75
187.1087036 1196790.625
256.1298218 1435455.125
260.1976318 7800233.0
375.2250671 1558009.125
407.9203796 1227327.0
431.1760254 1222648.5
518.5269165 1064171.125
603.3352661 2139176.25
662.1136475 1416831.625
690.3676147 4064032.75
777.392395 4288420.5
934.9597778 1393483.625
