1301.679848 3
98.98480225 25315.537109375
98.99073792 1631.5704345703
101.0718536 2054.7084960938
102.0555878 28216.7734375
104.0532303 1472.4593505859
110.0720673 5654.0610351563
112.0875473 5491.556640625
115.0870895 2553.2065429688
116.0707474 1474.0422363281
129.1026611 28056.162109375
130.0508575 2292.140625
130.0866547 5927.85546875
131.0821533 5143.7236328125
136.0764313 5730.1826171875
140.080658 1363.4417724609
141.0661469 1869.5986328125
147.0761566 1288.0866699219
147.1134491 5794.6206054688
149.0237885 1460.0655517578
152.0712891 2380.2778320313
155.0812531 1890.6857910156
155.8808899 1287.3111572266
157.0970459 6036.134765625
157.1091309 2730.8916015625
158.0925903 1862.0168457031
158.1967163 1176.6369628906
175.1193542 19764.73046875
181.0979309 1955.8070068359
185.0929871 2130.5278320313
186.1247559 1672.3331298828
189.0876465 5963.16015625
195.0766449 2778.7236328125
208.953537 1502.4351806641
210.0803986 8043.427734375
210.9514923 6480.0126953125
212.1029358 1362.5681152344
217.0822296 13679.166015625
219.1343842 4950.7099609375
227.1034851 2216.3623046875
239.1508179 2991.2131347656
241.0817871 2948.8752441406
251.1780548 2551.38671875
272.1718445 2260.1752929688
274.1881714 6162.6552734375
279.9916992 1427.6628417969
285.1679077 10037.67578125
286.1473694 1657.6353759766
302.1714172 1263.1922607422
303.212616 2350.7956542969
306.6986084 1461.6782226563
317.4480591 1320.5656738281
324.1507568 4849.025390625
324.4812927 1277.1270751953
329.1917419 2204.9716796875
369.1886902 1518.8195800781
371.2372742 5708.6430664063
373.2559509 8262.40625
386.2137756 2900.1677246094
401.1743469 2790.9077148438
402.2809448 11672.271484375
403.283905 2592.8725585938
414.1629944 1364.4263916016
414.2076416 10323.6484375
434.2102051 3049.033203125
435.242981 10808.822265625
501.3532715 12139.06640625
502.3570557 2126.228515625
515.256897 2936.6574707031
543.2536011 12656.0888671875
544.2527466 2487.5554199219
564.2407227 5959.8764648438
571.2826538 3065.7021484375
630.3936768 6443.599609375
644.3054199 2531.1237792969
672.2928467 8242.251953125
673.3049927 1980.6298828125
681.6433105 1690.6479492188
685.3243408 2337.7783203125
801.3345947 3141.4848632813
