1203.67330592125 2
84.0453186 201025.171875
84.08161163 215544.8125
86.09712219 7067552.5
96.46054077 142007.03125
120.0812073 622201.1875
129.1026306 197635.75
136.0762329 159142.765625
140.1335602 126953.71875
158.6464844 139903.90625
175.1193695 1073353.5
183.1497803 175690.375
185.1649628 4672804.0
186.1689301 243920.609375
199.1806183 237218.46875
200.1876831 152917.21875
201.1239014 563294.5625
212.1036835 531330.25
213.1599579 1754915.75
214.1634216 146281.859375
229.118576 796416.8125
230.1139069 3075285.5
232.0934906 120702.140625
233.1646881 620995.5
239.0745239 145212.234375
250.1192932 130432.65625
261.1599121 766360.0625
272.171875 167614.28125
312.1576538 164406.90625
316.6639404 167705.578125
342.2016907 607667.5625
343.200531 215330.703125
351.5618286 124657.3515625
435.2008362 190820.578125
532.2518311 614294.5625
533.2553101 165402.34375
549.2772827 1325887.0
550.2818604 247942.578125
606.3012695 251839.953125
650.3236694 720510.75
651.3273926 183014.484375
660.3251953 156961.640625
677.3588257 218519.0
707.4160156 230383.984375
763.4108276 2078900.0
764.40802 781426.5
790.4421387 240028.5625
878.432312 1332950.75
879.4353638 914479.1875
991.524292 1632543.75
992.5219727 1301059.625
993.5092773 315391.96875
