1725.87689092067 2
120.0810394 28140.11328125
126.748642 4272.7114257813
129.0658722 10603.828125
129.1023254 8221.638671875
130.0856628 8257.30078125
136.0754547 16674.515625
155.0813446 7462.9697265625
156.0765533 12616.248046875
175.1189423 15862.9580078125
185.0922699 39626.63671875
203.1026917 7476.6313476563
212.102478 11282.4609375
214.1547699 11808.5419921875
218.935318 6515.3017578125
226.1187897 34467.38671875
234.3636627 6578.259765625
246.9813538 6317.9033203125
303.1437683 6736.4028320313
313.1502991 69484.5859375
331.1616516 35588.9609375
340.1631775 11783.505859375
389.1834106 33117.125
439.2246704 8835.16015625
489.2783813 11878.384765625
561.3062744 11793.9599609375
626.4898071 9116.8818359375
781.3900757 15367.580078125
862.4345093 36119.4375
862.9226074 15318.5498046875
863.4760742 40563.16796875
864.4637451 41940.6328125
894.4674072 11539.9326171875
1057.537109 32802.97265625
1086.905518 10066.4423828125
1282.64209 249291.609375
1283.643555 142379.09375
1284.642578 48776.859375
1342.632935 9653.12109375
1759.79187 10448.927734375
