1047.4515049918 2
84.08152008 45863.203125
87.37663269 20644.2734375
103.0772552 19690.580078125
105.0128632 22337.578125
106.4679031 22486.7421875
119.2185593 23375.984375
129.1027374 34657.12109375
131.9344635 23916.671875
133.0429993 103479.8203125
175.1188202 31351.24609375
178.0644989 189616.0625
255.1450348 107197.53125
272.0708618 41449.26953125
289.0969543 111804.375
326.1128845 24637.349609375
416.2265015 147584.234375
523.2697754 32144.865234375
531.2545776 93793.7890625
642.2816162 31006.95703125
660.2965088 120354.6484375
759.3586426 145754.015625
960.0148926 28947.802734375
