1256.70564817443 2
87.05628204 11241.6650390625
87.10037994 21834.25
89.07176208 15598.2802734375
98.0608139 20914.13671875
101.0715866 70568.5078125
101.0772552 8984.1875
101.1075821 13673.8837890625
102.0554657 19933.44921875
104.0532455 34991.7734375
105.0665436 94278.125
110.0717621 147930.09375
112.0871201 18328.619140625
115.0871811 19151.029296875
116.0711441 100502.015625
119.0502548 10794.7919921875
120.0812225 104794.140625
122.1605606 8523.005859375
129.0664063 16390.3125
129.1025696 257840.859375
130.0657043 9932.193359375
130.08638 63084.62109375
130.1056366 10811.3427734375
133.0431213 15902.796875
134.9874878 8977.2373046875
136.0758667 132743.5
141.102066 38603.65234375
143.0818329 61702.6171875
143.1178894 15958.2265625
147.1127472 138442.0625
155.0809784 11892.880859375
155.1182709 13390.7333984375
157.0971527 41023.4921875
157.1332245 20841.083984375
158.0927887 19219.240234375
159.0919495 15481.5400390625
161.0922089 45573.31640625
169.0973511 11437.369140625
169.1336365 443564.125
170.1373749 12378.5400390625
171.0762177 13852.009765625
171.1133728 21719.08984375
173.0547638 10438.2744140625
173.1288452 135561.453125
174.1319427 11271.2890625
175.1191864 119197.9140625
181.0609131 49760.1015625
181.0974731 9995.44140625
183.077301 10108.1572265625
183.1130829 32484.052734375
183.1513214 11349.671875
185.0918274 10788.8583984375
185.1284943 21759.39453125
185.164566 16848.4765625
187.1445923 12232.080078125
189.0869446 46011.91796875
197.12883 204444.828125
198.0877991 10125.216796875
198.1307526 15694.9775390625
199.0715485 17890.904296875
199.1083374 16115.26171875
199.1806335 16933.74609375
200.1036072 22143.025390625
200.139801 47298.22265625
201.1233978 122033.6484375
204.1330719 9449.9453125
209.0922089 9562.943359375
211.1432953 10468.173828125
213.0869904 61685.1015625
215.1397095 22236.56640625
216.0981903 181848.28125
216.1342621 38052.96875
217.1371613 46859.8046875
226.0831451 10869.4521484375
226.118103 16409.0859375
228.1349335 35744.71875
230.1300507 9986.0341796875
230.1506042 35987.640625
234.1449127 117688.34375
239.1138153 11799.0732421875
240.1347198 13196.158203125
242.1130066 16459.12890625
242.1495819 16249.087890625
248.1606293 276868.28125
249.1625366 20427.6015625
251.1027222 40432.58203125
254.1500092 15161.8388671875
256.1647949 13739.689453125
257.1387329 11228.8798828125
257.1633301 10735.404296875
258.1080627 8820.7041015625
268.1297913 49874.9140625
270.1077271 11457.333984375
271.1408081 15651.322265625
280.1675415 91046.3359375
282.1799622 13927.5361328125
285.1334229 14564.5869140625
286.1400757 17744.818359375
298.1773071 119714.890625
299.1768494 15301.216796875
300.1927795 71346.1484375
313.2248535 10351.70703125
314.1349182 37494.87890625
315.1671448 15053.05859375
326.170929 13117.6865234375
341.1824951 10004.685546875
341.2192993 14850.9443359375
351.2413025 9996.345703125
355.1627502 12855.3369140625
356.1942139 22049.638671875
369.2493896 17865.712890625
373.217804 11071.1513671875
379.2329712 44137.5859375
396.1717834 18667.447265625
397.2455139 60226.37109375
425.1660767 10505.353515625
430.2370605 15661.17578125
442.228363 21479.962890625
443.2280273 10768.2890625
457.2384949 15652.173828125
460.1781006 15060.2900390625
460.240509 386683.625
461.2459106 86615.5078125
474.2657471 14774.609375
478.3045959 10288.6396484375
496.3149414 37011.81640625
497.319397 15794.5908203125
509.2752686 13525.966796875
573.322937 104312.4375
574.3291626 20033.623046875
586.3681641 62689.765625
587.3511353 38683.1640625
588.3515015 11434.4541015625
612.3445435 16888.791015625
629.3875122 178832.359375
630.3740234 12564.0859375
672.3908691 69310.2734375
673.3909302 38774.6171875
700.4285278 59865.99609375
701.4341431 41543.83984375
771.4643555 33403.578125
801.4527588 15065.7421875
813.5109253 17599.6875
814.3741455 11007.39453125
814.5072021 14198.34375
872.5107422 146222.4375
873.5151367 69923.15625
874.5025635 13185.6240234375
884.5543823 10041.4921875
894.4337158 10469.1181640625
903.598938 10793.6728515625
941.5731812 97969.65625
942.5765381 47606.98046875
943.559021 11298.873046875
971.5827026 18877.0234375
975.4959106 11982.1064453125
995.3882446 9785.884765625
1040.657593 64639.1953125
1041.650391 15176.091796875
