3103.51763037347 3
215.1412354 8638.9248046875
226.0822449 10682.6103515625
228.0984497 10014.2099609375
234.1452026 52787.57421875
240.097168 13631.4072265625
258.107666 11935.572265625
263.4617004 10599.1767578125
266.1513062 11164.4736328125
269.1259766 16532.259765625
286.1405029 84389.7734375
287.138855 54708.96484375
298.1412048 19907.05078125
300.1296997 10144.6416015625
307.1444397 39971.39453125
315.129364 15990.2275390625
345.1760864 15875.33984375
380.1938171 14655.02734375
385.2105408 56036.140625
386.2091675 21077.8671875
395.1931458 55872.09765625
416.1777649 23588.1015625
421.1870117 66986.5234375
422.1887512 22034.404296875
447.1648865 10884.1904296875
476.2728271 62595.24609375
506.1740723 11181.6181640625
508.2790527 23663.0078125
519.1987305 11170.2373046875
536.2177734 18902.365234375
537.2196045 23202.646484375
575.2191162 17379.203125
579.241394 24405.07421875
646.2752686 16574.810546875
647.3051147 15078.0517578125
648.3289795 12513.1923828125
649.3029785 40504.22265625
650.3045044 52723.5546875
651.3074341 18293.287109375
663.307373 14130.330078125
676.3890381 41574.9765625
685.3306885 15004.2958984375
707.3446045 14299.5556640625
749.3674316 15752.6484375
761.291626 47798.9609375
791.413208 18268.642578125
807.4042969 52183.8125
834.461731 16142.796875
862.4492188 20860.203125
921.4849243 14627.203125
940.4234009 15735.2314453125
958.4272461 14538.6455078125
973.4800415 17908.5859375
975.4568481 126937.671875
976.4558105 47150.5546875
991.4915771 117332.296875
992.4871216 80191.7578125
993.5001221 24711.38671875
1017.474915 116174.953125
1018.466064 101916.2421875
1034.500122 251036.46875
1035.494873 235470.9375
1036.516235 91264.1328125
1066.055664 17043.46875
1122.567871 78251.265625
1123.563965 19105.998046875
1209.583984 127171.6640625
1210.593384 80265.625
1211.596802 24700.685546875
1322.68335 44853.67578125
1323.700806 20060.953125
1369.636108 17102.9765625
1371.671509 19729.876953125
1436.737305 19428.400390625
1437.712158 18520.341796875
2835.681152 17007.13671875
