904.480935045758 2
66.60923767 8806.3583984375
69.07066345 47747.54296875
70.06597137 513317.375
71.06938934 23571.484375
72.081604 856151.625
72.08564758 29213.158203125
73.08486176 10834.7890625
73.5432663 9658.2275390625
74.0243988 13407.8876953125
74.0570755 8765.71484375
74.06079102 81610.3984375
83.06119537 12863.8427734375
84.04512024 203680.734375
84.08148193 406783.6875
85.08483124 17136.87109375
86.09714508 4758376.5
87.05583954 47551.22265625
87.10034943 249796.109375
88.03970337 80619.90625
89.0715332 44939.71875
89.75388336 8865.857421875
98.06102753 13201.748046875
101.0713654 50599.6171875
101.1078339 18625.693359375
102.055397 175334.3125
104.0533752 563612.3125
105.0567932 15670.4619140625
110.0649414 13325.40625
110.0716934 329954.0625
111.0746231 12222.7119140625
112.0873413 20827.65234375
113.0709991 12557.208984375
115.0869675 46454.80078125
116.034874 11640.7841796875
116.070694 11753.5087890625
120.0811157 432156.21875
121.0845184 49488.828125
124.1124802 13615.78515625
127.0867996 105821.28125
129.0662384 22595.818359375
129.1024628 501918.8125
130.0651398 109480.953125
130.0865326 312992.4375
130.0966339 20134.89453125
130.1061401 24542.076171875
131.0685883 11774.171875
132.0809021 105583.2734375
133.0430908 90881.203125
134.0447693 126497.890625
136.075882 133896.390625
138.0661926 14054.2958984375
141.1020203 12230.0654296875
143.1183777 80584.1875
147.1128998 504559.78125
148.0758362 12522.4619140625
148.1157532 21250.00390625
155.0814667 47101.76171875
155.0927734 13579.7138671875
155.1182709 20352.78125
157.1337128 3006046.0
158.0938416 79369.21875
158.1373901 236433.078125
159.0916901 265390.0
160.0943298 17104.25390625
166.8431244 13275.083984375
169.0976715 11979.34765625
169.1335602 225940.4375
170.0604858 110178.6953125
170.1371002 13731.244140625
171.0643463 11335.59375
171.1490936 148474.421875
173.0920563 19240.755859375
173.1286316 90743.171875
174.0591736 21190.806640625
175.1190948 275616.84375
176.0485992 13444.4541015625
176.122406 21167.4140625
177.1021423 25634.986328125
181.0600128 12719.7275390625
183.1130829 68057.5546875
183.1492615 21861.93359375
185.0555573 15067.720703125
185.1286469 575532.8125
185.1647797 47945.4296875
186.1325836 17528.2265625
187.0863342 13188.705078125
187.1442108 63274.0234375
193.0978851 14061.755859375
195.112381 22506.708984375
197.1289825 95566.7734375
199.0713348 11974.7314453125
199.144043 124424.4140625
199.1812592 93353.28125
201.0691681 26414.904296875
201.1226501 97637.9921875
207.1131897 67875.59375
211.1435242 14839.5927734375
213.1014557 12653.12109375
213.1228333 12455.9072265625
213.1590881 17363.46484375
215.1036377 12311.29296875
215.1390686 85865.265625
216.096756 12093.4150390625
217.0816345 64344.84765625
217.1005859 16112.330078125
217.1369476 144014.796875
218.1477203 11246.55078125
219.0795898 72390.5
221.1291046 11796.7373046875
228.1708832 107891.78125
229.1185303 139009.375
230.1281128 45355.96484375
231.1152802 14634.0283203125
232.0750275 62652.484375
232.1405792 41856.01953125
233.1653137 21654.072265625
240.1704254 62145.796875
243.1330719 17717.259765625
245.0769196 519724.5625
245.1299133 20150.521484375
246.0800018 48770.26171875
246.1273956 119959.5
246.1814423 588084.4375
247.0748749 451100.71875
247.1845398 105467.2421875
248.0776978 46652.76171875
249.0985565 13072.568359375
251.149826 65519.140625
254.1502533 13030.4541015625
260.1971741 22887.201171875
267.1083984 44143.4453125
272.1731873 13749.5947265625
274.1222534 56171.6640625
282.1235657 16650.462890625
283.1781311 15729.3505859375
286.1618652 15917.55859375
288.2027893 42560.9765625
298.1400146 14828.50390625
301.1864319 59534.5078125
304.6906433 17488.287109375
308.1989441 14948.0400390625
310.1179199 24604.546875
312.177948 21894.41015625
316.1540833 12243.279296875
326.1354675 23568.60546875
328.1869507 12491.57421875
333.1911316 15625.650390625
336.6825867 15885.0615234375
342.2070618 12904.2548828125
344.1060791 18090.88671875
344.1451416 373164.75
345.1497803 100811.109375
345.2504578 148287.34375
346.1454773 23362.04296875
346.2535095 25864.689453125
348.1222534 25672.259765625
358.1070862 14085.69140625
360.1560974 14230.4453125
361.1851807 16086.3154296875
374.2030029 18739.388671875
376.1171875 902283.625
377.1199036 192762.109375
378.1147766 53158.953125
380.1908264 16859.708984375
383.2131653 66569.03125
408.183075 20066.154296875
411.1747437 21359.724609375
414.1773376 116714.65625
415.1786804 26367.439453125
418.1529236 25750.2578125
429.1795959 24814.87890625
432.2163391 12568.4658203125
443.2127075 48008.4375
447.1920776 172788.1875
448.1923828 54642.9375
456.2802124 40559.609375
457.1763306 21884.875
474.29245 203024.5625
475.1862793 392759.0625
475.2941284 59484.96875
476.1892395 108452.03125
480.273468 19666.5625
512.2600708 78083.0234375
527.2612915 16619.015625
546.2600098 12847.9599609375
571.3200684 32157.896484375
572.3217773 17568.041015625
577.2709351 14342.0
588.3070679 16191.0185546875
589.3198242 344274.15625
590.3214111 138147.671875
608.3699951 58252.15234375
621.3635864 11982.435546875
627.2805786 64332.1875
632.3717041 14388.5146484375
641.3377075 12524.810546875
676.317688 12317.4248046875
720.2417603 21017.75
720.3595581 511525.46875
721.364502 243865.453125
722.3641357 78612.0625
726.3458252 23496.62109375
727.3477173 14756.5419921875
