2103.1811849536 3
145.0978546 12940.669921875
147.1131592 135043.078125
155.0819092 189054.078125
155.1179047 14050.580078125
157.0608826 15767.697265625
157.1333923 21136.060546875
158.0918732 24229.466796875
159.0912933 23517.419921875
167.0447235 19963.5234375
169.097229 132724.796875
171.1126099 113102.3359375
173.0921631 43143.98046875
173.129303 138498.3125
175.1190186 193433.46875
177.1023102 27512.4453125
183.0763702 35955.9765625
183.1127472 29816.498046875
183.1491089 19716.5625
184.0716248 41159.125
185.0535736 23864.185546875
185.1287689 23095.09375
185.1652527 17183.091796875
186.123642 77840.5546875
187.1436157 23768.73046875
189.0876923 17212.13671875
192.343399 14807.7255859375
193.0969086 84077.4453125
195.0394135 26750.560546875
195.0761566 24466.734375
197.092392 151011.90625
197.1286316 25777.435546875
199.0712128 16355.275390625
199.1808472 249999.890625
200.103653 80653.7734375
200.1834259 22219.685546875
201.0868378 76035.8828125
201.1058502 14622.9853515625
201.1233521 116237.2109375
202.0831604 116825.1171875
203.1194305 25844.830078125
212.0663605 85910.7734375
212.1032104 43039.50390625
213.0868225 18817.943359375
214.1188049 312485.4375
214.1564331 17333.357421875
215.1395416 35013.58984375
216.0961761 14858.72265625
221.0930634 36876.421875
225.1226959 18914.546875
226.0820618 17017.837890625
226.1184387 97697.1875
227.1751099 168049.03125
228.1346436 92311.921875
229.0935516 127735.9609375
230.1140442 128369.265625
231.1168671 29858.322265625
236.0661774 26926.62109375
240.134079 27668.994140625
242.1875763 29181.13671875
243.1335449 27190.2734375
247.1080475 18137.0234375
252.132843 17443.79296875
253.093399 29085.5859375
254.0769348 30020.95703125
254.1493835 17507.478515625
254.9441986 16587.3125
260.197998 28938.375
261.1603394 17606.990234375
264.0662842 16936.1640625
268.1662292 117472.9609375
270.1445618 107374.140625
271.1039429 128892.703125
271.1503601 20529.189453125
271.1764221 73651.2109375
272.1244507 42352.109375
272.1554871 21004.150390625
283.1411438 34740.3671875
284.1966858 74583.578125
286.1770325 19529.724609375
288.1556396 27289.99609375
288.2039795 21156.619140625
289.1156921 27256.609375
289.1536865 26413.287109375
296.1972656 23462.3984375
297.1569824 33473.3515625
299.1005249 18923.712890625
300.1646118 19267.6640625
304.1304321 34632.0
309.1562195 31783.486328125
311.1357727 76524.84375
311.1719971 78635.6484375
313.1501465 38915.921875
316.1249084 26071.990234375
317.2195129 46351.18359375
322.1411133 34891.25
325.1526489 21392.662109375
325.1876526 40440.67578125
327.1663513 105914.078125
328.1609192 70339.6640625
331.1617432 78744.859375
339.1682739 27785.51953125
341.2171326 36819.46484375
343.1994934 21844.134765625
343.2356873 24674.466796875
351.0950012 41473.94921875
353.1473083 39223.05859375
353.2193909 38065.86328125
355.1622925 35388.11328125
356.2201843 42040.78125
363.202301 79398.9921875
368.1207275 80406.4375
371.2290344 28852.580078125
380.1683044 22553.2421875
382.2114258 32424.01953125
384.1889343 113112.0546875
385.144043 21805.333984375
386.1392517 19409.71875
391.1995544 28033.43359375
396.2625732 89212.0234375
404.2112122 22510.61328125
412.181366 25822.0546875
414.2717285 1099616.125
415.1946106 30749.025390625
415.2750244 187815.671875
416.2644348 36467.53515625
424.1832581 25007.0078125
426.23526 82758.9765625
432.2088013 48029.765625
433.7763977 21612.134765625
435.7637024 21442.984375
439.2476501 103597.734375
444.2475586 28586.279296875
453.2480164 44577.7421875
453.7504578 44821.08984375
464.1792908 38744.02734375
467.186554 29776.669921875
470.190094 42421.1171875
476.2872314 29868.12109375
481.2034302 36655.4375
487.3010559 198480.3125
488.3056946 24704.6171875
493.306366 39510.43359375
497.2749634 27225.90234375
499.2171936 37651.89453125
513.3165894 42387.33203125
524.3563843 47169.203125
536.3257446 32802.92578125
542.3676758 267130.15625
543.3705444 91461.046875
550.2702637 42118.81640625
552.7922974 90096.2265625
564.3035278 34810.56640625
574.8369751 31855.6015625
576.2751465 23291.552734375
580.2567139 43015.27734375
599.3244629 26134.376953125
603.3500977 83500.0625
603.8530884 46922.3984375
616.3442383 246195.5
617.3433228 70776.5703125
620.3049316 30064.00390625
646.3235474 85958.2734375
647.3153076 26653.40234375
651.3243408 32688.8828125
655.4505615 101590.1640625
656.4631958 59140.73828125
659.390564 28984.60546875
660.3552246 27012.40234375
664.3516235 22624.4375
666.4026489 35085.16796875
671.3712158 35203.91796875
678.3440552 24811.626953125
679.3164063 32099.619140625
687.3790283 582369.1875
688.3909912 342065.21875
688.8997803 168943.859375
689.3969116 92074.421875
692.3793945 73422.09375
693.3566284 39070.59375
701.4309692 293717.34375
702.4221802 109221.734375
703.3549805 108843.3671875
732.4005737 29157.09375
744.9446411 89501.6953125
745.4484253 33093.60546875
750.3641357 29969.828125
756.4989014 235612.375
757.5018311 83558.3828125
764.4036255 21571.564453125
779.4886475 38337.265625
792.4082642 39125.6640625
800.4634399 228071.515625
801.4764404 69601.5
803.446228 99159.2734375
806.4210815 210225.8125
807.4193115 43125.4765625
813.5057983 41450.80078125
816.4284058 85407.2890625
817.4387817 30382.71875
838.4354248 25834.138671875
863.4425049 39779.5234375
866.5496216 28121.1171875
867.5426636 99456.359375
869.4887695 28708.6953125
870.4830322 31304.76953125
877.4902954 35080.4453125
884.5603027 107839.09375
885.569519 32932.93359375
887.4916992 550008.8125
888.4942627 212612.484375
889.510437 38138.69921875
905.477356 194042.640625
906.4891968 96659.109375
976.522583 237922.6875
977.5280762 129092.109375
985.6061401 268790.625
986.6043701 149946.3125
991.4967651 36390.7734375
1000.578247 191579.234375
1001.582336 97239.1953125
1002.595093 31078.359375
1031.551636 64731.19140625
1104.582764 126072.6796875
1105.590698 82855.7578125
1128.628174 77861.421875
1129.626831 31334.716796875
1148.678223 33498.55078125
1149.677979 42614.52734375
1200.660767 45674.8828125
1205.684937 293954.03125
1206.701538 208483.171875
1207.688477 113116.2734375
1286.675659 27931.890625
1287.676392 28217.13671875
1318.770508 34434.34765625
1319.768799 78256.4765625
1375.794189 271334.34375
1376.799683 203908.96875
1377.802979 105174.6328125
1488.878906 44102.296875
