1489.74584485932 2
104.0532455 30163.0234375
110.0717087 179419.609375
112.0761108 21313.43359375
112.0873795 26137.951171875
115.0871277 25756.1171875
116.0709534 25076.130859375
117.0666351 13355.474609375
120.0811768 99381.71875
128.0823975 28574.474609375
128.1076508 17534.712890625
129.0663757 57067.01171875
129.1023865 187294.125
130.0865173 125938.5703125
133.0433197 14525.322265625
136.0758362 291642.125
138.0660248 16569.380859375
139.0870209 13619.5771484375
141.0666504 17324.94140625
147.1131439 121291.234375
153.0659027 16282.6064453125
157.0611572 20283.615234375
157.0971069 115313.59375
157.1339417 21341.939453125
158.0931549 64554.58984375
159.0769958 26977.046875
166.0609589 20803.177734375
167.0450439 18822.55859375
167.0818939 83702.5234375
169.0619049 27989.7421875
169.0968933 47806.9609375
169.1325836 16749.19921875
171.0761414 29778.314453125
171.1120911 18025.2734375
173.0928497 25232.21875
173.1285706 175796.984375
174.1322021 13998.6806640625
175.1066589 19103.712890625
175.1194458 213059.5
178.134613 21533.787109375
181.0974274 32108.94921875
183.1128387 20922.3984375
185.0918884 158185.375
185.1656342 32660.23046875
186.0961914 13228.7978515625
187.1068573 17860.044921875
197.1291046 27440.302734375
198.0879669 29033.611328125
199.1070557 16085.5703125
201.0869141 21255.994140625
201.1235504 89594.4296875
202.0825195 17368.638671875
203.0663757 16551.466796875
203.1027374 18664.2578125
207.1131439 24536.693359375
210.1230774 18001.890625
214.0817261 23338.966796875
214.1182556 22432.95703125
215.1389923 26859.939453125
216.0979767 53145.62890625
218.1503906 17884.953125
219.8390045 14890.513671875
223.1069336 13371.775390625
223.1560516 30322.046875
226.0825958 16344.970703125
226.1184845 15857.9375
227.1015015 17802.271484375
229.1186676 58042.44921875
230.1143646 20659.427734375
231.099762 15054.4619140625
234.1236877 18447.072265625
235.1075439 20897.81640625
236.1041412 15438.2958984375
242.1485291 23697.091796875
243.1094666 19093.6640625
244.0928955 30850.27734375
251.1033325 17638.236328125
251.1507263 147655.140625
252.1061401 14204.0087890625
254.1491699 16375.2138671875
255.1454315 59442.2578125
258.1084595 18204.072265625
258.1453247 27338.599609375
260.1958008 18654.962890625
272.1707153 57862.92578125
288.203186 16106.50390625
299.1375732 22570.322265625
307.1444397 17106.45703125
311.1736755 19517.19140625
313.1527405 16139.201171875
327.1295166 19559.63671875
330.1444092 67836.2265625
348.1551208 72516.59375
349.1573486 17046.244140625
354.1387329 48762.08203125
364.2344971 20820.71484375
369.1817627 22701.798828125
371.1920776 20911.45703125
372.1509094 31625.91796875
376.1878357 17263.01171875
387.1893921 26729.310546875
389.2381287 19608.611328125
405.2102966 95212.40625
406.2113953 18160.65625
447.2204895 16942.59765625
451.2663574 17169.765625
524.6582642 14264.767578125
601.3100586 95249.6484375
621.2788086 26340.3359375
744.4525146 23627.462890625
746.4335327 101210.796875
749.4032593 19959.998046875
768.3447876 66973.5390625
769.3554077 30374.15234375
787.3840332 208042.890625
788.37677 75981.3671875
796.3726807 18282.109375
839.3885498 213258.828125
840.3864746 101175.1640625
886.4454346 53963.3203125
938.4524536 112828.1875
939.4540405 70001.515625
987.4957275 123230.0859375
988.4970703 61296.5390625
1078.130859 17710.30078125
1100.567505 53625.2890625
1101.531982 32711.736328125
1102.534424 45822.03125
1171.602051 16877.458984375
1188.536377 78548.6484375
1189.531006 16880.8671875
1285.57959 60579.6484375
1286.583984 31234.41796875
1287.581055 21992.87890625
