1689.87133713649 3
120.0811386 563345.9375
121.0838928 51414.8203125
126.0546799 22926.65625
127.0863266 49637.0078125
128.5515594 7460.9619140625
129.065155 9816.748046875
129.1019287 67095.21875
130.0498657 17495.04296875
130.085907 63665.98046875
131.1174774 6574.2548828125
136.0684052 5853.63671875
136.0755615 86873.5625
141.0652924 9876.529296875
143.1179504 8494.896484375
145.7767334 6792.7255859375
147.1130524 112588.0625
154.0489044 14596.1669921875
155.0811768 69717.1484375
157.0967712 11247.8369140625
158.0917816 11247.22265625
159.0764618 27237.173828125
159.0913696 27705.025390625
163.0856018 13208.0556640625
169.1331329 72075.9375
171.0763092 9430.3115234375
171.1487122 8927.6162109375
175.1187134 26021.791015625
179.082077 12013.46875
183.1118317 14684.5595703125
187.1436462 14733.40625
189.0873718 89391.8359375
196.1448517 13450.017578125
197.1291351 84570.328125
199.071167 15865.1728515625
199.1816711 10217.234375
201.1229401 15374.427734375
207.0772095 9629.142578125
207.1131134 28660.947265625
214.1549835 20651.8125
215.1390381 63708.62109375
216.0979156 70455.9765625
217.0817871 84168.4921875
217.1008148 19532.462890625
217.133606 48911.71484375
225.1223602 17067.990234375
226.1552277 49285.578125
235.1084747 16170.439453125
240.0980225 15252.60546875
240.947113 9451.2802734375
241.0822601 68666.875
242.1494293 19503.345703125
243.1344452 61493.3984375
246.1814575 21369.8203125
249.1598358 20974.390625
254.1495209 64632.41015625
258.1090088 14548.6982421875
259.0929871 70337.7265625
261.1584473 22706.560546875
294.183136 13793.0634765625
308.1622314 12211.7744140625
315.1700439 12946.30078125
325.2242432 24714.01171875
326.1723938 14532.923828125
327.1306152 20646.302734375
336.9659424 11707.57421875
343.2342834 115539.4296875
344.2367859 14420.3232421875
345.1401062 138207.34375
353.1831055 25523.109375
354.1680603 68037.4609375
371.1914978 21663.21875
372.1810303 54094.484375
397.1947021 13730.4951171875
400.2562256 335405.15625
401.2598267 72913.7421875
413.2052307 19701.482421875
420.2269592 14914.3837890625
436.2548828 15924.8525390625
458.2271729 48735.375
459.2220459 15484.162109375
479.2365417 13334.529296875
483.2107544 14393.4169921875
499.3251648 168153.421875
500.239624 16513.478515625
500.3290405 74677.6875
508.2885132 16169.1875
544.2265015 16815.869140625
552.2321777 13104.7412109375
559.2791138 13981.1708984375
587.2654419 22524.7421875
610.3586426 64629.25
611.3706665 14971.3466796875
627.3820801 47327.26171875
673.9008179 15561.4521484375
678.3945923 75791.859375
679.3965454 47539.30859375
698.2929688 21743.5390625
707.3834839 22584.46875
714.4144897 257012.4375
715.4186401 103246.84375
716.3189697 50014.05859375
794.3615723 14395.28515625
803.421936 20862.96484375
825.4752808 26397.962890625
826.4584351 15144.6904296875
852.4324341 28613.78515625
861.487793 131480.515625
862.4865112 93298.2109375
977.453064 15243.9443359375
