864.456526442326 2
62.86634827 28131.244140625
63.01866913 29581.595703125
70.06608582 675338.0
72.08164978 450161.3125
74.06082153 226563.09375
74.69190216 31908.357421875
84.04520416 584834.8125
84.08148956 355134.875
86.07223511 45395.47265625
86.09715271 4335981.5
87.07984924 145451.265625
87.09561157 29685.083984375
87.10049438 304964.34375
92.03610229 33138.30078125
98.0604248 129299.125
101.0714645 72489.53125
102.0556335 458903.34375
110.0716705 444537.125
112.0875244 48658.28125
113.0719757 43190.12109375
115.0874481 50595.984375
116.0709457 431032.59375
120.0813141 452445.03125
129.0661774 52557.37890625
129.1025085 230280.140625
130.0865021 66755.5078125
136.0761414 59631.1015625
141.0660095 126744.109375
143.0818024 283615.34375
143.1178284 153045.765625
146.7852936 32085.63671875
147.1130524 50917.26953125
155.0810699 36717.97265625
156.1136932 43022.890625
157.1338806 382590.875
158.0927429 221482.390625
159.0758209 42186.84765625
159.091568 48906.3828125
161.0920715 269653.0625
168.6748047 39095.70703125
169.0610962 248250.421875
171.0765076 320688.125
173.0931091 69856.9296875
173.1283264 44402.8125
175.1190948 993163.625
185.1282349 73321.53125
187.0714111 238550.453125
187.1444397 74069.140625
189.0878296 166924.484375
190.0974884 56902.03125
191.1183929 58183.99609375
197.1285553 150588.953125
199.181427 65295.04296875
201.1231079 138204.90625
204.0266418 34285.00390625
212.1028137 147754.96875
212.3791351 35548.78125
215.1394958 137844.4375
219.1135712 35883.796875
221.1051636 48584.61328125
227.1747589 59462.0078125
229.120224 53345.37109375
240.0966034 51996.01953125
243.134552 42827.671875
245.1259613 59961.14453125
249.0988617 43157.17578125
252.1097565 128692.109375
258.106781 45003.203125
262.1495361 60319.6171875
268.1641235 48047.31640625
288.2036133 60974.0234375
295.1792297 41504.42578125
300.1185913 78511.2109375
305.1606445 287244.21875
306.1666565 38690.55859375
318.1314392 56579.984375
322.1876526 205834.375
324.1879272 46420.84765625
325.1882935 48476.234375
333.1643066 66179.1484375
343.1984253 38503.01171875
351.1801758 63237.0234375
357.2256165 42430.34765625
368.2054443 53605.53515625
375.2353821 124418.953125
393.2249146 642902.375
394.2277527 62737.23046875
401.2854309 46628.76171875
476.2542114 51914.2890625
479.238739 52157.58203125
488.3168335 131163.859375
494.2723999 1072911.125
495.2749939 299285.4375
562.272644 41146.53125
603.3450928 76532.6484375
607.3587646 298324.03125
608.3579102 55857.5703125
680.3363037 69256.2578125
681.3383179 40639.2109375
763.6550293 43780.6328125
