939.532475503242 2
69.07066345 34618.375
69.85058594 6090.80078125
70.06597137 284977.875
71.06899261 7603.89453125
72.08157349 222158.46875
74.06072235 73789.7265625
83.06115723 8862.4326171875
84.04512787 144611.53125
84.08148956 219388.25
86.09714508 855917.375
87.05600739 48619.97265625
87.10054779 59616.0234375
88.04005432 30232.1953125
91.05478668 12908.9912109375
92.03456879 7621.22265625
101.0716171 145639.828125
101.1079102 28566.51171875
102.055336 83873.4453125
103.0543976 53379.9765625
104.0533829 117935.6484375
110.0719376 104172.421875
112.0873108 8956.8076171875
115.0873566 9793.6162109375
116.0705948 11625.607421875
117.1026306 34933.5703125
120.0811691 2798845.75
121.0845261 230911.609375
129.0661011 15182.6083984375
129.1024628 268094.96875
129.1114502 14550.7958984375
130.0866699 93329.5390625
130.1070862 7962.3608398438
131.0814362 76763.734375
136.0759583 201588.484375
137.0793457 30025.546875
142.0678101 9872.7109375
143.0818481 61579.046875
143.1180267 33068.90625
147.1129303 184556.78125
148.1165009 10966.8427734375
149.0756683 7489.7084960938
155.081665 9011.8291015625
157.1334229 15616.6435546875
158.0929413 8101.3125
159.0764313 28777.466796875
159.0917206 11044.4765625
166.0617218 40516.484375
167.0818024 16849.828125
169.0974426 9966.0771484375
169.1346893 8309.5537109375
171.1125641 10672.9345703125
173.1287842 75822.5
175.1192932 46407.8046875
177.102356 1011214.875
178.1060028 126806.8359375
179.0817719 14329.5068359375
183.1126709 15387.9873046875
183.1492615 26944.646484375
185.0924988 32423.505859375
185.1289215 10876.904296875
185.1646729 69022.125
186.088501 15569.8935546875
187.0900574 42090.26171875
187.1076508 9917.8203125
187.1438751 14832.94140625
191.0848389 16569.4921875
197.1282349 9153.1337890625
199.1811981 12776.0146484375
200.1148529 7579.4458007813
201.1235809 114656.953125
205.0974731 173152.921875
205.3075256 7537.1767578125
206.1001892 28903.318359375
207.1258545 12139.6474609375
208.1105194 9497.3115234375
211.1081085 31990.2421875
211.1437683 13404.4091796875
212.1026764 68278.796875
213.0877991 36232.41015625
213.124176 8419.4375
213.1603241 28333.341796875
215.1389313 16645.52734375
217.1371155 27477.64453125
221.1281586 53104.60546875
222.1325684 9183.91015625
223.1078796 63682.9453125
226.1183319 31219.0078125
226.1551361 17414.732421875
228.1342621 119726.5703125
230.1142731 43223.15625
230.1509399 65290.3046875
233.1649475 239065.390625
234.1460419 24782.232421875
234.168396 38714.44921875
235.0943298 14009.0888671875
235.1188354 66236.3828125
236.1216431 29158.33203125
240.1723785 10703.7197265625
242.1503906 10178.330078125
244.1660767 120472.859375
245.1315613 10921.9072265625
245.1684418 12704.28515625
248.1604767 214263.921875
249.1235809 52115.23828125
249.1631622 34417.46484375
254.1509552 9853.5
258.1456604 12640.994140625
261.1601868 196912.0625
262.1631775 30235.09375
267.1496277 17724.13671875
269.9305115 8618.1298828125
271.1517639 33784.18359375
271.1770325 9394.2158203125
277.1173706 13540.39453125
279.1500854 9895.0595703125
288.2025757 9660.7958984375
290.6945801 8186.798828125
296.1060486 9118.7880859375
299.1394958 10665.4033203125
299.171814 13190.1123046875
304.0968628 8351.244140625
307.1469421 24615.716796875
310.1787415 15366.998046875
310.2136536 10206.7705078125
312.1549377 9814.5546875
318.1459961 16451.794921875
329.1820068 36643.30078125
340.196228 30719.310546875
341.1807251 30487.318359375
341.2184448 41353.1171875
352.1666565 46583.33984375
353.1707153 10164.560546875
354.2144775 16613.09375
355.1982422 28817.220703125
358.2084045 143887.21875
359.1907349 169028.671875
360.1572266 10352.708984375
360.1945496 35951.29296875
360.2301636 27624.76171875
376.2194824 100490.859375
389.25354 8250.1220703125
428.2487183 11397.8603515625
440.2536621 12176.74609375
457.2779236 10987.529296875
475.2876587 231747.15625
476.293335 60147.484375
503.2720642 9766.365234375
519.2858887 7387.0190429688
536.5119629 9274.15234375
575.3354492 10352.1552734375
588.3729248 146661.046875
589.3762817 55111.22265625
630.2982178 30658.2578125
717.4321289 8845.6982421875
727.3301392 9790.7568359375
735.4373779 74922.4296875
736.4364624 41609.3984375
764.5806274 8656.388671875
898.5457153 14804.3955078125
899.562561 27469.037109375
