834.429484093254 2
65.31520844 18008.859375
68.55857849 18729.06640625
70.0298996 22406.751953125
70.0658493 283886.15625
72.08157349 174727.921875
74.06079102 44790.46875
84.04504395 186952.546875
84.08140564 179696.828125
84.8118515 19198.259765625
86.0970993 1613543.25
87.10044861 45641.89453125
94.8578949 18408.451171875
101.0709839 24270.330078125
102.0555191 89185.5546875
104.0529099 20775.86328125
107.0396805 23583.05078125
110.071907 42970.40234375
112.0877151 29408.740234375
116.071228 22864.76171875
120.0812912 95331.859375
129.0647888 24421.638671875
129.1022949 208769.921875
130.0860748 41901.73046875
136.0757141 109282.2265625
143.1178741 96672.1640625
147.1123962 34819.73046875
158.0926514 19265.583984375
171.1128387 86855.8515625
173.1280212 70068.3671875
175.0715027 26272.548828125
175.1190491 202540.890625
207.1124878 20270.22265625
209.0527954 25555.751953125
218.1509399 28764.158203125
245.1243591 26615.98046875
375.2372437 24042.044921875
457.7314148 24911.94921875
462.2684937 48543.0703125
463.273468 21452.76171875
490.2387085 23767.705078125
549.2990723 142385.4375
550.298584 29230.1328125
559.286499 24325.78515625
619.0292358 26516.421875
664.3248901 42602.59765625
721.3434448 181520.234375
722.3497925 37423.30859375
