1444.65322825278 2
101.0715637 35618.2890625
102.0557251 21634.2578125
104.8875122 10786.810546875
105.0663605 10537.404296875
110.0719604 54508.546875
119.642067 10961.2578125
120.0812988 61543.43359375
129.0658264 16695.39453125
129.1021576 74596.1484375
130.0866089 24387.583984375
133.0435333 15900.849609375
136.0760345 60176.59375
144.0763092 12584.904296875
147.1131592 88345.53125
155.0813446 39278.671875
157.1338501 13010.1025390625
159.0928192 18670.54296875
169.0975494 16382.1220703125
172.0721741 50877.40234375
173.0925598 19036.306640625
175.1190643 76889.625
181.0604706 13857.888671875
183.1127472 12716.330078125
185.1286316 12125.9560546875
197.1291656 11823.591796875
199.0534821 19206.775390625
199.0718231 19749.234375
199.1802673 83683.0625
200.1388397 10649.2998046875
201.0876923 16522.1484375
201.1227417 39212.203125
215.1379242 13961.98046875
216.0994415 20263.583984375
220.9607849 9975.7734375
227.1764374 46875.18359375
229.1580658 10874.53515625
235.1088867 14115.822265625
236.5352478 10042.384765625
240.1340942 20760.021484375
244.1658783 19183.857421875
268.0926819 18932.4765625
272.1716003 14561.0361328125
283.1404724 16712.091796875
290.0786133 19585.62109375
341.183197 21957.462890625
342.1868896 12810.5009765625
420.2032166 15387.3720703125
423.7603455 11782.8935546875
444.2277832 10731.359375
523.2039185 11808.8779296875
620.3178101 61752.20703125
621.3139648 13580.01171875
623.5423584 11489.25390625
662.65271 10961.1923828125
709.3423462 11374.0673828125
723.366394 19755.447265625
735.3470459 21403.224609375
771.2818604 11388.2353515625
784.9989624 11041.978515625
787.432251 13274.0439453125
836.3868408 37822.12890625
883.4751587 63089.10546875
884.4683838 20048.93359375
899.4373779 11489.208984375
905.409668 60716.9296875
906.413269 40009.2421875
907.4624023 11809.3759765625
1017.435974 16590.263671875
1042.483643 17388.818359375
1043.491943 15140.0
1120.495483 57612.9375
1121.492798 20924.767578125
1423.362427 12101.3388671875
