2350.03593562928 2
167.0816345 3330.4396972656
169.0612183 4046.30078125
170.2519073 3084.5505371094
173.1273499 4603.974609375
175.1186218 25182.91015625
186.0871277 21717.015625
187.0712433 7334.83984375
191.6469269 3828.0280761719
201.1228027 7224.1259765625
227.1025848 7232.6298828125
229.1180573 5364.1772460938
232.0754547 7140.6459960938
241.0834198 9887.7255859375
246.3163757 4519.3212890625
249.1611786 4010.1340332031
251.1028595 19052.740234375
259.0923462 10821.439453125
274.1181946 18608.869140625
279.0957947 5771.9360351563
280.1097717 6548.2861328125
288.1340942 7077.1708984375
293.1127014 9954.4794921875
303.1801147 5323.1186523438
305.1593323 8817.939453125
316.1254578 6672.7241210938
333.1554871 58370.1328125
338.179657 6560.64453125
379.1431885 9878.9619140625
404.1919861 8215.6630859375
423.1333313 8768.8134765625
451.2677002 56325.29296875
452.2738037 17564.869140625
489.080658 4789.4111328125
566.2962036 11005.5
591.2286377 5821.4545898438
645.7514038 5696.0395507813
694.2664185 5651.4580078125
695.3410034 17698.45703125
823.3972778 19295.701171875
936.4763184 11448.7275390625
937.4816284 8869.9599609375
1037.524536 9139.4873046875
1094.552002 51051.453125
1095.55188 28204.138671875
1131.597412 20799.92578125
1132.585815 26823.208984375
1133.581177 8712.6904296875
1157.575562 22284.912109375
1158.564697 34930.05078125
1159.568359 9579.1669921875
1174.588379 33943.89453125
1175.577271 49299.17578125
1176.580811 20146.802734375
1195.5979 52213.62109375
1196.590454 29887.9296875
1249.653931 7265.5029296875
1266.631714 57357.1875
1267.644165 28817.90625
1268.623291 8203.0498046875
1284.526733 6983.1982421875
1395.675537 20342.50390625
1396.678345 19572.064453125
1397.660767 9976.4833984375
1507.682739 8188.6298828125
1524.719238 22205.412109375
1525.727295 22071.708984375
1526.72229 8345.81640625
1549.664429 6753.9052734375
1639.75354 38780.71875
1640.75061 25216.67578125
1641.720459 9019.044921875
1786.804443 30330.962890625
1787.792969 20989.12890625
1788.828003 8754.9501953125
1946.874878 9399.55078125
1947.840698 21738.15625
2017.876221 8741.4345703125
2018.883423 7678.5815429688
