1025.51825182565 2
72.08157349 3243742.0
84.04489136 261808.40625
84.08137512 488306.5625
85.04036713 211270.21875
85.15366364 113645.46875
86.09716797 2332905.5
101.0713806 233171.375
109.7356796 116915.453125
115.0504227 252033.25
120.0811157 1203053.0
129.1027527 594842.8125
130.0865784 223082.921875
131.0814819 281477.03125
132.0814056 271780.875
136.0760498 294688.03125
147.1129913 664016.0
147.9572449 137811.421875
155.117218 118236.3359375
157.0608673 973681.625
157.1338196 123784.265625
159.0531464 135930.1875
172.0722656 189433.265625
175.0716705 721103.125
178.6307373 121574.2578125
183.1128082 166259.953125
187.0860748 201204.515625
187.1081543 248147.78125
187.1435089 125406.3125
201.1230469 261532.703125
203.0661774 902769.8125
215.1388702 179856.71875
216.1130981 251493.609375
216.1333313 238466.34375
229.1182404 497241.78125
234.1452179 811649.9375
243.1096344 156695.21875
244.1082306 299539.9375
244.1656189 584055.5625
270.0540161 116806.1953125
275.177002 128081.3828125
326.1707458 221592.03125
381.2131042 672563.75
394.3217468 137235.234375
435.2010803 158900.015625
528.4510498 129173.9921875
595.3411255 479603.625
598.2663574 265152.5625
636.3911743 124748.0078125
686.383667 274451.09375
724.3870239 503238.8125
725.3884277 185188.03125
824.4567871 187524.75
