1667.90389549711 2
120.081398 9041394.0
121.0768127 108853.640625
121.0844345 721367.75
129.1022339 810376.8125
130.0858612 147178.75
132.7374725 87791.890625
136.0759125 109742.609375
136.3348541 85983.84375
143.117691 254573.34375
147.1129303 361695.0
167.083786 140640.703125
169.1337585 169445.109375
171.1133575 1029742.625
177.1021118 730299.1875
183.112854 196743.46875
185.1655121 133826.296875
191.1179199 329218.03125
197.1285095 687342.0625
199.1802979 172450.078125
201.1243439 170207.1875
201.141861 124685.828125
205.0982361 1299670.25
207.1128845 272673.5
213.1601563 184240.828125
219.1130066 600704.1875
225.1591949 183039.375
225.2602692 127481.6328125
228.1343384 1024491.6875
230.149765 258863.265625
231.1130981 855041.8125
239.1759949 788621.6875
240.0973969 223612.03125
242.1140747 148717.5
242.1504059 1246546.0
245.1662598 653428.1875
248.1388855 153140.828125
248.1610718 1310064.375
254.151886 153018.109375
258.1089172 971376.375
270.1808472 157749.1875
271.1764221 161589.8125
273.159729 1408565.375
276.1343384 1578892.0
288.1367188 199715.140625
292.131073 133114.703125
296.1977234 155191.015625
299.1399536 167066.28125
299.1729736 697004.0
313.2254944 229943.875
318.1820068 2332164.5
319.1858826 217359.40625
330.1830139 234816.609375
333.1578979 915422.5625
341.2189941 579927.25
344.1975708 1864056.0
345.2004089 323394.90625
347.210083 227294.28125
349.2097778 952283.1875
353.1813049 225994.984375
354.1672363 279725.78125
357.1781311 826162.125
361.2240295 962307.75
367.2323914 171347.296875
371.1932373 598743.625
384.262207 244034.0625
386.2470398 718939.125
388.2210083 852949.8125
389.2211914 806580.25
398.2418518 278412.84375
401.220459 1185287.125
402.2237549 186120.625
406.2307434 2444254.0
407.2332458 562350.9375
412.2554626 212763.09375
418.2443542 2488586.75
419.2452087 557789.125
441.2029114 243752.0625
443.2677307 847202.375
446.2402039 1610667.0
447.2455139 320241.375
457.2835083 1216939.25
459.2275085 188032.796875
460.2943726 256652.265625
470.2610474 289628.0
486.3110352 223376.171875
500.2902527 302640.28125
514.3063354 693425.8125
527.288269 294890.78125
531.3283081 1472969.125
532.3323364 211740.359375
535.289856 365177.90625
545.3083496 278066.1875
553.2992554 2560148.0
554.3004761 752161.0625
559.326416 286338.0625
613.366333 197189.390625
622.3228149 683288.625
640.3304443 4738913.5
641.335022 1297285.0
642.3427734 191804.484375
753.420166 2460361.0
754.4194336 323045.71875
864.4526367 642435.875
882.460022 1814491.625
883.4735718 1136703.125
884.4689941 257833.859375
974.4832764 230353.421875
975.491272 240783.828125
992.5088501 759823.5625
993.4885254 2262074.25
994.5036621 639157.875
1010.520691 2876217.75
1011.521179 1287591.0
1012.517944 340902.59375
1074.555542 220730.53125
1091.591675 305910.28125
1109.584229 3387770.25
1110.593384 1430568.75
1111.585083 636019.125
1222.656372 337306.59375
1279.699585 2241072.75
1280.694824 1440010.375
1281.702759 349086.65625
1350.728882 660756.4375
1351.727051 355471.25
1610.232544 197362.46875
