1255.73652013405 2
87.05628967 15829.1904296875
87.10044098 22426.7890625
101.0716248 20240.978515625
102.0556488 28933.302734375
110.0715408 15964.6015625
115.08741 16565.42578125
120.0811081 286932.53125
121.0848999 18390.681640625
129.1026306 94715.0
130.086731 15587.9814453125
133.0435181 57688.6171875
136.0757904 70513.75
141.1020355 25291.64453125
143.1183319 58780.83984375
147.1127472 28719.58984375
155.1182556 68401.5703125
157.1335297 17128.29296875
159.0917206 67821.4140625
163.0866089 205272.6875
169.1334839 17735.896484375
171.1126251 13899.1630859375
173.1283112 17666.671875
175.1190796 112342.578125
177.10289 16616.126953125
177.3435974 14139.98046875
183.1132965 90956.8515625
183.7937775 13317.1259765625
185.1276855 22144.083984375
185.1648254 30515.099609375
191.0820007 278251.71875
192.0854034 22878.3046875
197.1288757 57762.8359375
199.1811371 59934.25390625
200.1396332 475870.625
201.1242371 34052.2421875
201.1427155 30820.595703125
211.1449585 21704.611328125
212.1394501 68458.8671875
213.1612091 23995.68359375
215.1392212 65454.34765625
216.098114 21304.53125
225.1233521 27773.109375
226.1186371 27704.86328125
227.1754456 29491.33203125
228.1342621 267458.65625
229.1374969 25133.181640625
243.1359253 52197.96484375
249.1226501 16352.1748046875
254.1500397 32322.38671875
257.1236877 14278.8369140625
266.1498413 53817.83203125
268.1658936 16955.205078125
271.1754456 19009.59765625
276.1716309 21876.052734375
277.1182251 29413.599609375
282.1813049 22670.7734375
286.1868896 19114.21875
288.2028503 15219.4541015625
320.1240845 262331.28125
321.124939 18536.953125
323.2066345 25598.078125
341.2182007 167282.9375
342.2186584 26141.16015625
380.2272949 57655.08203125
383.1921387 15753.8623046875
433.2091675 27802.48828125
434.2105713 22853.822265625
454.2781982 16394.05078125
477.283783 62443.21875
503.2923279 32462.759765625
516.2439575 34364.15234375
517.2474365 19322.162109375
534.3085938 19849.69140625
551.3308105 395619.84375
552.3336182 170734.265625
573.2641602 29383.1953125
579.2910156 16784.2109375
602.3595581 19934.41015625
664.4177856 18390.4609375
673.3920898 81631.671875
674.4029541 59011.8046875
721.4304199 90673.7578125
722.4314575 30992.603515625
784.418457 26577.33984375
793.4141235 22106.1484375
802.4403687 177597.0
803.4380493 74939.765625
822.4793091 105386.7890625
915.531189 241999.984375
916.522583 146761.875
953.9910278 19215.353515625
1028.604126 100155.984375
1029.594971 65383.75390625
1030.632568 18654.5
1177.129272 18012.134765625
