1781.99686440029 2
129.1016541 11791.1240234375
133.0422058 5413.6313476563
134.6443787 5653.4291992188
136.0751343 37460.4921875
146.4565887 6118.87890625
157.0967102 6833.5815429688
175.1185455 38023.2265625
183.1495209 107370.5078125
184.1540833 6929.7241210938
199.1805725 44519.00390625
210.0799561 9710.6025390625
211.1442871 165178.1875
212.1466217 8097.11328125
215.1387787 7702.69921875
226.1186371 9888.1181640625
227.1753235 21253.26953125
228.1740112 9897.0986328125
249.1600342 10176.142578125
272.3021545 8378.5341796875
316.1273804 16938.966796875
323.1711426 11579.607421875
324.2286377 17628.65234375
329.1795959 10546.271484375
334.1400452 10288.3642578125
350.2166748 11044.6123046875
354.178833 12823.5009765625
355.1984863 9804.115234375
374.2082214 92921.34375
375.212738 22255.833984375
381.217926 16767.3671875
429.214386 10185.134765625
441.2365112 18155.291015625
441.7354126 10197.06640625
443.2297058 11852.6298828125
447.2221375 15472.5771484375
461.2430725 41540.4453125
501.2713013 14088.126953125
526.2686768 47323.03125
527.2705688 10673.1845703125
544.2766113 46726.1171875
562.2904053 17402.71484375
564.560791 10478.259765625
638.296936 14536.7919921875
639.3530273 19685.517578125
647.380249 15522.328125
657.3621216 50442.796875
675.3752441 21657.759765625
725.3733521 11682.615234375
734.4133911 13801.3076171875
784.4102783 50564.94140625
788.4442139 12917.646484375
821.4246826 32299.7265625
847.4001465 13155.1904296875
864.4344482 89402.1484375
865.4360352 17225.1953125
881.4587402 701453.75
882.4611206 294703.0
883.4588013 88185.1328125
890.4804077 18025.36328125
891.5307007 72427.171875
892.503479 16722.640625
897.5222168 38133.00390625
994.5447998 65529.125
995.536499 34377.30859375
1015.5271 13755.939453125
1095.591309 44989.7265625
1096.595459 16499.1796875
1182.61377 78339.34375
1183.624512 58715.1796875
1225.69397 32559.552734375
1324.760254 12508.5234375
1345.68335 85224.3046875
1346.691162 51419.578125
1347.696777 36520.7265625
1555.822876 34963.96875
1556.828125 15847.046875
