1323.59257879592 3
92.92961884 4079.9716796875
93.04505157 4958.4770507813
101.0714569 23816.1875
102.0550919 5817.91796875
110.0717697 88475.3046875
110.9992447 4783.9169921875
115.0870895 42998.609375
129.0661926 8477.2421875
129.1025238 44546.6640625
130.0866241 28652.62109375
136.0759125 17067.9609375
143.0821228 10126.2783203125
147.1131592 32538.537109375
158.0929565 7700.0825195313
167.0800781 5382.4545898438
167.0934753 6718.83203125
175.1195679 16759.666015625
184.2696228 4417.6484375
190.0903778 18190.7421875
195.0885468 17851.349609375
210.0795288 27268.572265625
218.1496124 25672.734375
232.5970306 5103.4409179688
239.0948944 8854.41796875
239.1161804 5957.5615234375
240.0984955 23138.05078125
259.8986206 4454.77734375
270.1091003 9282.052734375
272.1370239 4306.9135742188
277.6435242 25158.9765625
289.1617126 6110.9379882813
290.1129761 4688.30078125
292.1047668 22891.29296875
310.114624 72019.015625
311.116394 7054.568359375
313.667511 4687.2353515625
321.1596069 17960.923828125
322.1505737 4451.4360351563
329.1846313 7447.548828125
347.1940002 8048.4536132813
371.6849365 16850.65625
416.1973877 5668.7573242188
417.2198486 18973.794921875
421.2163696 16884.796875
442.276825 24092.08984375
458.2325745 7678.9096679688
464.1896057 25693.353515625
475.250946 17205.97265625
536.6237793 4400.1303710938
554.2793579 19897.849609375
579.2175293 50505.046875
580.2182617 9718.142578125
586.2862549 23100.001953125
587.2865601 7718.5922851563
591.2824097 18544.998046875
603.3104248 17754.75390625
641.3098145 20001.943359375
650.2489014 24578.158203125
674.3439331 26691.712890625
704.3665771 9129.0751953125
742.3566895 24083.130859375
1018.263062 4863.4848632813
1154.40918 5855.5668945313
