1342.72006118481 2
98.35308838 7894.9291992188
101.0718384 19280.31640625
110.071579 49093.453125
116.0707932 10946.666015625
120.081337 49312.546875
129.1025543 115731.71875
129.653656 7909.3803710938
130.0865021 30777.720703125
133.0431213 9948.814453125
136.0758057 14177.2705078125
141.1026917 13515.2412109375
147.1128235 77525.2109375
157.0969849 15235.818359375
158.0924225 7551.5322265625
159.0772552 9231.78125
169.0979462 18448.8125
171.0765991 9032.8525390625
171.1129608 139118.28125
173.0927277 8903.9521484375
175.118927 72049.625
181.0978851 12796.0927734375
183.1495972 31823.025390625
185.0923462 18951.6015625
199.1080322 142690.328125
201.0874939 11047.564453125
201.1225586 8736.2646484375
210.0272369 8888.458984375
211.1445465 44792.546875
218.1507721 56547.38671875
228.1346893 8441.3720703125
230.1133881 10761.3125
238.1203003 32859.1875
254.114502 9597.3154296875
256.1279907 17585.736328125
264.1365967 17482.43359375
268.1286011 17088.77734375
280.1403809 8375.875
282.1445313 18639.634765625
286.1400757 11239.873046875
300.1560364 32785.6484375
310.2130737 14848.4599609375
317.2183533 44865.47265625
318.2211609 11702.9248046875
325.1510925 14725.2626953125
326.1723328 10702.2529296875
341.2191772 11735.0615234375
343.1617432 18516.23046875
351.1665039 34274.1328125
355.161377 10803.634765625
369.1772461 9757.5517578125
375.1725464 9975.779296875
379.2338867 8461.7880859375
402.1149597 8467.029296875
420.1893311 8801.5380859375
420.6975098 9415.162109375
435.2582703 16354.3642578125
438.1968994 14063.0478515625
456.2080994 11347.310546875
474.2199402 11738.521484375
475.2157593 9863.7646484375
527.355896 71077.8671875
528.3626709 14002.4912109375
535.2819214 8852.9287109375
630.3451538 13616.5166015625
652.3632813 13534.7666015625
656.3286743 10486.8828125
670.3092651 12299.8935546875
670.4214478 73367.1640625
670.8053589 39400.609375
671.3214111 32216.755859375
671.4368896 59575.4140625
701.4155273 15892.2919921875
772.4558105 11257.802734375
816.3831787 9997.3212890625
869.5084839 132860.0625
870.5133057 65730.984375
956.5304565 18828.77734375
957.5405884 13279.4169921875
1009.522644 13674.4951171875
1043.57019 32411.486328125
1044.562378 13874.5185546875
1144.614258 16458.90234375
1145.62207 12914.4091796875
