3808.92783999867 5
261.1546326 20256.123046875
268.1289978 25099.73828125
270.1469421 12665.91015625
272.171936 18394.22265625
275.0810547 67435.640625
276.1572876 46220.1484375
282.1815491 29594.470703125
283.1405945 103152.921875
284.14151 18810.953125
285.1555176 17653.95703125
287.1464233 13458.8017578125
291.1965637 14179.6064453125
294.1821289 13089.8076171875
297.1547852 75848.5234375
298.1377258 28903.072265625
299.1726379 22636.41015625
309.1561279 33530.67578125
311.1704712 15423.462890625
313.1505127 13297.7265625
329.1275635 17980.330078125
337.1864624 29597.21484375
339.1686707 23227.5390625
340.1973877 16898.8359375
342.9958191 13284.25
344.2002258 33006.8828125
346.1389771 17336.46484375
354.1776428 32636.609375
356.1958923 28076.912109375
363.8799438 12839.240234375
364.1519165 33071.4765625
368.1932068 54971.05859375
369.1765442 15719.5068359375
370.2099915 23007.6328125
374.1502991 17804.111328125
377.119751 13331.9541015625
380.1936951 17329.38671875
383.2008362 15682.5791015625
386.1958313 14665.248046875
387.1885071 62879.21484375
405.2035522 13748.8857421875
411.194519 32507.669921875
412.2518616 16227.580078125
423.2367249 26259.43359375
424.2583313 17424.099609375
427.1829529 63007.28515625
433.2185059 20810.419921875
439.2306519 30528.60546875
440.230896 52987.328125
441.2784729 20174.701171875
445.1939697 19047.99609375
446.1982117 15173.8662109375
451.2289429 139915.859375
452.2440796 78430.234375
465.2485352 15053.6796875
469.2785645 32265.078125
472.2849731 19356.4296875
477.2366333 21923.205078125
482.230957 15279.298828125
495.9190369 14752.8046875
499.2479553 16200.12109375
522.2710571 53721.40625
536.2727661 127508.4765625
536.7732544 54313.953125
537.2684326 17113.1640625
546.2549438 16371.7509765625
549.2592163 15541.2607421875
555.2803955 33310.84765625
566.2940674 17617.126953125
573.2883301 391329.46875
574.2930298 148838.421875
575.296814 22451.904296875
579.2902832 27332.06640625
583.3220825 25685.8671875
607.317688 20141.4296875
608.3261108 20109.326171875
617.3109741 17809.53125
618.3093872 20431.861328125
620.3204956 17228.22265625
632.3164673 18493.9921875
635.3250122 18642.92578125
644.3256226 136485.140625
645.324646 58316.359375
649.3352051 18516.171875
650.3272095 82809.2421875
671.3779297 17845.650390625
679.3799438 53224.56640625
696.4019165 63469.875
697.4074707 18683.8125
715.3609619 146305.78125
716.3622437 103631.234375
721.3624878 105563.9375
730.4118652 25643.94921875
736.380127 19741.88671875
744.3739014 57139.15234375
749.3710938 18792.662109375
761.387146 114488.09375
761.8829956 99345.9296875
762.3884888 74010.625
764.3917847 56872.58984375
773.3980713 17958.75
786.3950806 97230.9609375
787.4013672 27567.064453125
797.4078369 19334.169921875
802.4570313 59674.4375
821.3856201 46442.91015625
823.4244385 54682.23828125
824.4248047 27672.52734375
835.4610596 21419.51171875
840.4587402 31592.763671875
843.493103 28999.912109375
849.423645 54674.3046875
861.4182129 20797.67578125
887.4439697 29542.173828125
888.449646 32960.296875
889.4423218 61661.28515625
890.4724731 20657.80078125
936.4777222 25225.181640625
947.5002441 77378.2265625
949.4586182 30881.087890625
953.5412598 22369.06640625
971.4825439 21265.416015625
974.4854736 83283.84375
975.4818726 30208.37890625
1003.49115 30785.55859375
1005.515747 30752.19140625
1016.59375 32760.494140625
1017.574524 25517.91796875
1035.512939 23604.96484375
1036.508667 20190.49609375
1049.55603 25616.705078125
1050.540894 21240.2890625
1053.540039 57851.76953125
1060.577515 18444.6640625
1064.455811 18802.134765625
1065.468872 83939.4375
1066.461304 55120.55859375
1071.531738 268579.09375
1072.541992 141002.015625
1073.536499 51604.97265625
1074.546387 22554.8671875
1085.631836 24955.650390625
1086.624756 23263.142578125
1087.618164 21121.58984375
1113.557129 21838.140625
1131.580444 84770.5078125
1132.579468 19840.86328125
1178.54895 66087.4765625
1179.549438 81527.078125
1180.549561 24278.064453125
1239.623535 78138.2734375
1277.607056 28524.166015625
1278.619873 50688.74609375
1341.692505 23805.44140625
1521.748413 21858.95703125
2741.23584 19462.646484375
