1036.55875466886 2
72.081604 256801.28125
74.06099701 108271.2734375
84.04510498 181265.40625
84.08148193 140303.609375
86.09714508 745328.6875
87.05597687 26837.63671875
87.10032654 20331.689453125
88.04005432 22131.1953125
91.05506897 20611.4453125
101.0426636 10289.15234375
101.0715561 281920.46875
102.055542 71819.7421875
103.0548477 13259.3564453125
104.0535965 26035.9765625
105.0663528 19428.38671875
110.0718536 77456.265625
112.08741 19977.291015625
115.0543442 16415.80078125
115.0868988 48700.90234375
116.0711746 61581.375
117.0582886 15327.705078125
118.0656891 17081.5703125
119.8067093 11337.1455078125
120.0811539 654452.9375
121.0845642 25705.673828125
129.0661774 52388.25390625
129.1023712 165707.53125
130.0502625 13894.490234375
130.0653839 330951.75
130.0866547 67718.4140625
130.0973358 14000.5224609375
131.0686798 29041.59765625
132.0811462 300714.84375
133.0434875 16017.4248046875
133.0846405 25207.537109375
136.0764465 101156.8203125
137.0801239 13605.3798828125
142.0648651 42326.11328125
143.0169525 11335.7900390625
143.0820923 21144.201171875
143.1180725 18804.873046875
144.0811005 52698.59375
145.0756378 20310.421875
147.1126862 84942.125
155.0822906 13319.451171875
156.0772858 17060.0703125
156.1136169 26570.22265625
158.0923767 126483.3671875
159.0918274 1037178.0
160.0765839 16884.208984375
160.0954132 122778.96875
166.0863953 13731.48828125
169.1324158 16669.828125
170.0601654 819068.1875
171.063797 92666.953125
171.076767 20277.515625
171.111145 15145.654296875
173.1286621 52132.234375
175.0873871 15579.9794921875
175.1191406 555673.0
175.134491 26461.171875
176.1221466 61289.765625
181.0735321 19854.501953125
183.1133423 48485.5703125
183.1499939 24402.6328125
185.1278687 14965.5244140625
185.1652832 88690.8359375
186.088974 15313.7421875
187.0865021 123503.296875
187.1437225 19943.447265625
188.0724487 25199.18359375
195.0765991 14121.5244140625
197.1290894 99306.296875
199.1807709 24516.84375
200.1403503 19507.658203125
201.1233978 154296.625
203.1028137 23293.380859375
205.0986176 17779.306640625
213.1605988 53468.0234375
215.1384735 39852.2890625
216.0982056 85226.4140625
217.1365662 11796.8203125
219.1495514 139526.171875
220.1526642 13742.298828125
221.1290283 19146.291015625
225.1243134 59189.27734375
228.1344452 22189.138671875
229.1193848 15876.0419921875
230.0946198 57083.421875
231.1144104 52520.640625
232.1129608 71454.1328125
234.1278839 400010.0
234.1513519 16371.2685546875
235.1310577 72924.7578125
242.1496277 49048.5625
244.1120911 186767.734375
244.1336365 15212.6318359375
244.164917 16128.4404296875
245.1147766 19871.22265625
246.1283722 15773.5341796875
247.1233521 23899.13671875
247.1455688 26324.48046875
249.1241302 25814.35546875
251.153244 12761.79296875
260.1094055 12066.1259765625
261.1386719 145264.84375
262.1430359 21015.279296875
271.1761169 135873.203125
272.1074829 20192.931640625
272.1767578 72928.125
273.1775513 16508.62890625
276.1354065 26586.724609375
277.1183777 21970.00390625
288.2027588 95736.9453125
289.1338196 570039.75
290.1369324 175874.375
299.1342468 44633.32421875
306.160675 272337.0625
307.1624146 77535.7890625
315.1672668 51224.24609375
317.1309814 84015.2421875
318.1330566 19021.166015625
334.153595 14967.787109375
346.1534424 28076.2265625
353.1815491 24322.126953125
370.244751 28210.392578125
372.1725159 46048.3984375
374.1473694 45453.140625
387.2716064 83946.6015625
388.2720337 20818.904296875
400.1668396 22162.076171875
416.2123108 76865.3125
435.7272339 55713.55078125
436.228241 69440.359375
436.7338562 15718.0205078125
457.255127 20802.259765625
474.282959 145303.640625
475.2869263 128745.578125
476.288269 24292.87890625
489.2450867 58061.34765625
498.3040466 27797.509765625
500.2662048 15963.830078125
501.2613831 49763.19921875
501.7669983 17664.146484375
515.3295898 102134.6171875
516.3334961 24123.25390625
517.2880859 201270.625
518.2922974 194711.625
519.2960815 20432.248046875
585.3392944 14555.99609375
602.3642578 278717.0625
603.3705444 96174.265625
659.3780518 69545.390625
685.4031372 45000.69140625
686.385498 19313.404296875
703.4093628 783776.0
704.4123535 349111.34375
705.4176636 43096.85546875
713.3974609 23750.02734375
771.413208 17866.41796875
788.4389648 28539.123046875
790.4319458 14467.9150390625
832.4662476 29152.193359375
833.4603271 26772.931640625
850.4772949 351001.09375
851.4801025 237469.5625
852.4872437 26286.80078125
905.4818726 23529.10546875
