1736.96367547392 2
120.0325012 26830.947265625
120.0812225 78367.59375
129.1024933 89130.34375
130.0865479 77461.7734375
136.0762482 456064.5625
143.1184082 489389.25
147.1131592 152937.59375
149.0739136 26397.64453125
152.3391876 29061.904296875
159.0920258 51427.1171875
171.113205 878550.5
172.1143494 45651.1875
175.1181793 36160.18359375
198.0870667 51958.33203125
203.0859528 59616.57421875
207.5697784 31400.72265625
213.159668 34815.86328125
216.6586456 41783.11328125
225.1600342 185226.046875
235.1437531 327902.65625
246.1823425 265671.09375
251.1039124 69288.1796875
263.1404419 74756.390625
270.1824646 514278.21875
284.1989441 34491.3046875
285.1204224 85146.5390625
303.1322327 65984.84375
304.1317139 62850.546875
311.1706238 49203.8046875
316.1696167 94000.078125
329.1819153 48373.6953125
332.1640625 91691.9375
350.1791077 53064.8671875
359.2652893 68378.875
403.2058105 64285.47265625
430.3060608 163436.96875
443.1937256 45063.4609375
498.2767639 54503.10546875
513.2456665 48875.890625
514.237793 56117.37890625
521.2908936 45388.7890625
525.3052368 55877.75390625
526.2579346 45182.30078125
561.3468628 256464.84375
614.444397 57297.2109375
644.3572388 56831.7734375
645.9377441 54018.15625
709.3635254 67178.1875
761.4611206 227156.140625
842.2738037 51567.34765625
872.4881592 59217.8671875
889.526123 225947.4375
1002.60791 221603.28125
1103.641724 90362.3046875
1198.75 56618.27734375
1304.726074 164222.390625
1305.728394 86885.1171875
1306.71582 58832.83203125
