1373.71085795959 2
101.0715561 75939.984375
102.0555801 73709.9921875
103.0544052 50564.5546875
104.0533981 74530.5078125
110.0718842 143514.03125
110.0783691 15932.966796875
115.0870514 114038.46875
120.0812073 380361.125
121.0846024 11932.3017578125
121.687233 11799.6669921875
126.0552139 16374.791015625
127.0869904 17709.1171875
129.0661316 15106.7763671875
129.1024323 205116.09375
130.0656586 16548.94921875
130.0866547 73151.1953125
133.0429382 25409.076171875
136.0759277 374405.34375
137.0787659 21603.490234375
138.0923462 14640.9091796875
141.102951 44837.94921875
147.1130524 121546.8515625
155.081192 23096.349609375
155.1182404 23350.08203125
156.1020966 15822.904296875
157.0612793 14010.8994140625
157.0976105 64154.62109375
157.1338654 57263.46484375
158.092514 29279.025390625
159.0913544 29692.736328125
169.0977783 15894.5810546875
171.0766144 16519.041015625
171.1131134 20797.275390625
174.0868073 12707.6689453125
175.1190033 236753.5625
181.0725403 18556.529296875
181.0967255 23140.888671875
183.113266 126515.59375
183.1488647 28563.986328125
185.092041 15848.0380859375
185.1290283 25689.44921875
185.1643524 19995.271484375
187.0714264 19953.802734375
197.129425 20983.240234375
198.1241608 62074.83203125
199.0716248 13494.095703125
199.180542 143976.484375
200.1396179 110925.15625
201.1070709 22800.017578125
201.1237335 397523.3125
201.141571 26595.05078125
202.0829926 75854.5078125
202.1256409 20634.416015625
210.0253754 58467.8515625
211.1077576 61722.8515625
211.1447906 23455.12109375
212.1031189 14264.4453125
213.0866852 23423.087890625
213.1602478 16986.80078125
215.1394806 52511.9140625
217.1355591 17589.37890625
218.1502075 55088.22265625
221.0925903 16274.8017578125
226.1188202 312209.25
227.1757355 72579.1171875
228.1347961 70602.9140625
229.1183472 313025.5625
230.0967865 16163.9443359375
230.121521 24767.96875
234.1460876 19605.951171875
243.1330719 43208.875
246.1269684 120179.4453125
246.1818237 71160.1171875
247.0744171 20108.59375
258.0912476 56285.984375
268.1653748 50784.91015625
288.2029724 67595.4609375
292.1297607 21086.251953125
299.1117249 18473.599609375
300.1549683 28035.478515625
310.1412354 15431.8232421875
311.1382141 20036.5625
324.1912842 60064.9453125
342.2043762 93621.546875
343.1624756 158056.609375
345.2204285 16684.09765625
349.1497192 15570.865234375
350.1358643 15930.1181640625
358.1597595 23033.990234375
361.1166077 19131.6328125
366.671051 26713.814453125
371.2303772 20211.052734375
386.1495667 22980.91796875
389.1828003 47261.6875
426.1602173 19445.68359375
442.1629944 17507.001953125
442.2297974 65571.9453125
445.2405396 116729.0
462.1734314 22002.4453125
476.2644043 175726.53125
477.2679138 31035.943359375
490.2600098 20159.875
503.2651367 202236.5625
507.2222595 61795.3828125
515.1893311 18524.986328125
515.3155518 13882.283203125
524.8110962 29152.751953125
525.3118896 83303.6015625
591.2894897 59683.61328125
614.3477173 19945.73828125
644.3903809 57786.30859375
662.3029785 17015.265625
667.2669678 81101.2265625
670.3695068 17654.330078125
687.4009399 68291.1640625
688.3919678 25375.791015625
713.3953247 73268.6875
715.3701172 85819.875
716.3793945 15647.6640625
719.3470459 74621.5703125
727.43927 15162.6396484375
732.3339844 217843.4375
733.335022 69201.2578125
739.4868774 93356.2734375
740.4800415 73027.5234375
790.387207 195292.421875
791.3880615 89986.390625
792.3760986 16445.99609375
866.4681396 20201.33984375
879.3949585 17147.576171875
883.5040894 21170.662109375
901.4125977 16609.6328125
902.4171753 24726.123046875
919.430542 253249.71875
920.4376221 144744.28125
921.4280396 24641.130859375
952.5671997 15831.630859375
960.4937744 15600.146484375
1029.532837 26283.318359375
1032.505249 112624.578125
1033.505493 81460.9375
1145.592163 54817.46875
1146.620361 66453.8046875
