1503.67531509709 3
110.0606689 26108.349609375
110.0640945 20319.30859375
110.0711212 193012.03125
115.0868073 120781.9765625
117.0882797 24194.75390625
127.0866013 41730.44140625
129.102356 99772.1484375
130.0869141 30100.34375
145.0973511 148335.515625
147.1128082 109070.9453125
155.0813293 358221.0
158.0932007 53600.03125
169.0964661 29228.138671875
173.0921783 55134.8125
174.6452026 25427.01171875
175.1186371 238555.375
177.1025391 28813.236328125
198.1228027 31786.703125
226.1188354 277556.78125
227.1231232 30021.109375
230.1118774 30245.880859375
254.2933044 27197.859375
341.3823242 27104.064453125
357.2474365 30224.107421875
386.1849365 36661.07421875
403.2116089 238144.609375
403.672699 40596.3515625
420.8568115 147174.453125
440.2060242 24896.166015625
458.2964478 53386.85546875
472.2303162 61083.390625
500.3510437 34332.01953125
501.3542175 143571.015625
502.3345642 577797.3125
503.2941895 108464.8125
524.755188 108082.7734375
525.2560425 44553.28515625
571.2988281 117370.75
572.7900391 27808.923828125
573.2711182 28422.896484375
581.7930298 151743.5
582.2913208 96383.8515625
703.3082886 40950.59375
708.3552246 116629.1171875
744.3933716 32050.041015625
902.4623413 28678.82421875
937.4556885 110707.8515625
947.6985474 28214.947265625
