1039.51016344254 2
72.08148193 59854.3984375
84.04521179 69104.6171875
84.08145905 181717.640625
86.09706116 1053071.5
101.0713959 255017.65625
123.4342804 41428.56640625
129.1027832 209897.3125
136.0758209 1370918.625
137.0794983 84823.453125
147.1124573 103468.28125
157.1334991 98098.3828125
175.120285 66478.9375
204.135025 86051.8984375
249.1598511 502517.75
262.1557922 48919.0
277.1558533 53425.125
292.0172424 44565.85546875
335.1482544 71879.578125
419.7104187 59478.04296875
420.2094116 193372.671875
444.2731934 51315.203125
487.2590942 79631.2890625
500.9431152 47544.81640625
584.314209 68620.0625
641.3372192 65127.80859375
676.3251953 93262.4140625
728.3632202 72065.078125
763.3543701 320178.65625
