1119.50975968916 2
81.8393631 20614.984375
91.7507019 18677.73046875
104.3687286 17638.2890625
106.0453415 22214.705078125
125.095253 19385.51171875
129.1024628 39202.53125
133.0432281 128653.3828125
141.1023865 85912.1796875
147.1128998 47836.56640625
166.9755249 19409.669921875
169.0976257 45522.77734375
187.0898285 33551.81640625
215.0847626 149303.703125
218.1504669 79327.7890625
232.0902557 35752.76171875
232.1117249 490377.09375
233.1146393 39771.71875
260.1063538 81413.0078125
287.0003357 20953.154296875
367.6263428 24307.66796875
374.2387085 27588.1796875
528.7525024 22914.43359375
545.2980347 25394.93359375
545.977478 24585.244140625
731.3673096 27812.29296875
860.4014282 120290.3125
1103.51355 24364.796875
