1182.50592970011 2
84.04509735 252690.40625
84.08138275 70007.3828125
86.09714508 2103798.5
88.03992462 89307.2734375
90.49691772 63077.73046875
98.02362061 57332.19140625
101.0718079 67286.75
101.2459106 49354.734375
102.0554428 211875.171875
110.0716629 59709.859375
119.0275421 47359.92578125
120.080864 429241.03125
128.5004578 49061.3515625
129.1023254 114322.3203125
130.0655975 52544.80859375
136.0760803 477481.9375
143.1176453 61996.03125
158.0927124 73351.7890625
159.0918274 281990.15625
173.1287689 669964.75
174.1325378 66366.7578125
175.0863037 75585.25
175.1186523 638833.75
181.0611572 363379.1875
183.1127167 63662.3359375
183.1497803 82808.546875
185.1289215 90123.578125
199.0718079 106556.78125
199.1806946 64011.05078125
201.1236115 301074.09375
213.0873566 62887.08984375
217.082077 865408.75
218.0859833 70424.4453125
240.1347656 252531.03125
245.0766754 578797.6875
246.0796814 75471.390625
249.1587677 104824.8359375
253.1929932 64840.35546875
255.8612976 49363.6875
258.1446838 254125.296875
276.1672668 60710.31640625
298.2113037 79370.21875
310.0999146 52465.30859375
327.144043 63094.015625
328.1142273 362295.53125
343.2352295 70622.140625
344.1731262 103777.0625
346.1221008 93397.515625
416.8285217 52595.609375
508.2683716 491816.0
509.2698669 121072.5625
534.2460938 99177.7421875
623.2970581 368489.75
624.2921143 83992.1484375
647.2528687 61410.6171875
697.3120728 285086.0625
698.3171997 112640.046875
738.3180542 646200.75
739.3255615 368583.625
790.4393311 113505.0234375
810.3952026 194220.484375
811.3970337 79757.0390625
837.3825073 254650.765625
838.3922119 201766.75
905.9716797 66351.515625
938.4313965 387286.0
939.4411011 108067.2421875
980.5039063 119080.8125
981.5031738 91939.0859375
1067.528931 220482.515625
1068.52771 123500.6171875
