1878.99181124238 2
129.7666321 10290.09765625
130.0861511 20968.576171875
136.0753479 91106.578125
137.0783997 9489.205078125
147.1124878 68450.921875
152.1072235 9766.2421875
157.0600739 12553.7861328125
169.1334839 62955.68359375
171.0769958 19039.453125
173.12883 309154.59375
173.3578491 12239.67578125
174.131012 16703.283203125
183.1492767 13546.517578125
185.1286469 11231.087890625
186.1244812 26452.07421875
187.1441345 34602.01953125
197.1287079 121996.7109375
198.1313934 12837.6005859375
200.0479126 11855.6220703125
201.1234283 168972.21875
202.1271667 11455.4375
205.0687256 10675.5087890625
212.1040344 13515.4111328125
214.1552277 109614.2734375
215.1391602 81031.2890625
218.1479187 12271.4365234375
224.1400299 24478.802734375
225.1234589 34855.15234375
225.9857635 12092.0478515625
228.1347809 33473.9296875
238.1195679 14513.30859375
240.098175 17304.83203125
242.150238 78104.1953125
243.1343536 59160.01171875
254.1512604 17115.66796875
260.1965637 67797.75
264.1016235 12095.82421875
272.1608887 24767.509765625
283.1430359 24264.111328125
285.1943054 13320.478515625
291.3651123 13212.5888671875
296.1985168 13044.884765625
305.5111389 13473.724609375
307.1785583 21246.302734375
308.1634521 17959.177734375
311.1387329 24012.005859375
311.1723938 25128.0390625
325.1874084 80305.5078125
326.1717529 96793.0078125
329.1824341 276435.6875
330.1885986 13817.5439453125
343.2004395 16063.890625
361.2453613 76385.765625
395.1906738 65219.4765625
397.2432251 19030.4921875
405.1665649 16509.00390625
413.1963501 16307.6650390625
424.2555542 21407.5625
442.2673035 58366.09375
490.2874451 71613.21875
500.2393799 17214.716796875
566.3665161 19989.451171875
583.27948 20360.80078125
603.3736572 66126.4296875
607.3099976 23105.796875
611.2682495 63878.44921875
629.2857056 20504.546875
704.4207764 77266.765625
705.4252319 25111.2578125
737.3717651 66826.8203125
738.3671265 72609.78125
739.3716431 55991.6875
779.3771973 19068.724609375
791.456665 135008.828125
792.4541626 29360.97265625
912.4429321 19530.56640625
920.4970703 86470.875
921.5084229 21753.154296875
1026.542847 19456.474609375
1033.580322 105606.640625
1034.588501 26431.599609375
1162.622314 72974.2109375
1163.63855 49678.125
1180.570557 120647.234375
1181.567139 152685.546875
1182.582642 107438.1640625
1183.582275 21718.736328125
1249.660645 85270.078125
1250.654175 70517.0
1311.607178 21449.2734375
1312.628784 28968.138671875
1336.700684 113989.4609375
1337.699219 117742.8125
1338.691528 28772.931640625
1437.728149 171012.265625
1438.737427 165323.1875
1439.717285 56266.953125
1550.828125 70575.1875
1551.809326 59080.23046875
1558.705811 28453.892578125
