1216.61856199679 2
84.04528046 18481.75
84.08172607 31653.107421875
86.09724426 143963.4375
87.05609894 10181.998046875
87.73175812 2587.7868652344
89.07157898 3357.2038574219
101.0715256 15345.6318359375
101.7336197 2760.5993652344
102.0556335 18638.5
105.0668411 3359.4548339844
110.0719757 29551.3203125
112.0877228 3019.6535644531
115.0871887 2744.802734375
120.0809784 2889.2775878906
129.0660553 4899.951171875
129.1027069 43139.26953125
130.0868073 15460.86328125
136.076004 5514.5322265625
138.2277069 2992.9040527344
141.0667114 4149.5581054688
143.1178436 4280.1293945313
147.1129456 42069.4453125
149.0457001 4045.1333007813
155.0814667 3740.126953125
158.0927734 3462.6325683594
167.0556183 5689.97265625
169.7179871 2864.5610351563
175.1198273 11757.333984375
183.1127014 5928.6416015625
187.0722961 2929.2026367188
197.1289368 13262.8935546875
198.0902252 3271.0024414063
200.1041412 5248.4018554688
201.1234283 2987.6630859375
202.0839386 4073.7788085938
215.1395416 93122.53125
216.098465 11386.7880859375
216.1422729 5972.01171875
223.1553345 16367.74609375
225.0434723 12401.947265625
226.043335 6228.5771484375
227.0428467 3260.24609375
234.1451263 5812.4853515625
239.0952606 15698.4921875
240.0974579 10351.798828125
240.1343231 5492.466796875
243.1347504 43352.29296875
244.1360931 3965.2861328125
246.6135254 2896.2443847656
251.1507568 56346.72265625
254.9359894 3079.9587402344
258.1088867 6731.759765625
258.14505 13295.6318359375
268.6060486 3515.9299316406
275.1716309 6556.0981445313
279.135437 11675.0771484375
299.0616455 5029.3134765625
300.1569519 6644.3818359375
329.1471863 5637.4125976563
344.1937256 3757.7282714844
346.2184143 38580.3984375
347.5928955 3068.4409179688
350.1362915 4478.7338867188
359.2651367 19895.181640625
364.2327576 28548.314453125
366.1413574 4908.5776367188
372.1875916 3832.099609375
451.3304443 3559.0083007813
457.2431641 3616.4475097656
463.3017883 19053.673828125
472.3491516 7063.138671875
475.2507324 24240.228515625
480.2099609 3940.2214355469
483.22229 6851.6860351563
585.2985229 7072.79296875
586.2826538 18261.58203125
591.3955688 3249.0356445313
600.7811279 10205.7919921875
603.3116455 26381.91015625
604.3120117 6797.3935546875
607.3123779 11213.3564453125
608.3326416 14884.4033203125
609.322876 14705.216796875
609.4080811 40786.953125
610.3700562 25673.275390625
629.281189 3310.9768066406
702.3756104 11033.673828125
703.3776855 3509.5554199219
707.3115845 4944.375
816.4128418 14426.7744140625
817.4160767 5716.5454101563
917.4624023 5407.4833984375
974.4951172 33821.921875
975.4799805 16060.9697265625
976.486145 4196.5478515625
1103.506348 4526.2602539063
1249.349976 3310.1801757813
