1417.760924 2
101.0717163 52283.12109375
101.7487106 10148.2744140625
102.0556259 41488.83984375
104.0535278 19621.052734375
110.0719376 56378.7265625
112.7295685 9417.296875
115.4804764 9981.845703125
116.0715256 19458.431640625
120.0810699 96610.59375
121.0852585 13170.771484375
127.0869522 14248.4013671875
129.0661926 25388.990234375
129.1024323 103596.1875
130.0865326 21164.921875
131.0817871 17917.734375
131.6689148 9758.4619140625
134.7094116 9616.62109375
136.0756683 95524.71875
141.1018372 23181.2421875
143.0817261 17129.12109375
143.117981 23876.5390625
147.1133728 57491.09375
149.0740814 10890.3818359375
155.0818329 41895.50390625
155.1182251 12861.681640625
158.0921631 16675.923828125
159.0769958 51974.66796875
159.0919952 39466.81640625
159.1130981 11945.8466796875
161.0918427 21081.126953125
169.1346588 22443.427734375
171.0765228 81525.984375
171.1139832 51156.8203125
173.1291962 19546.7421875
175.1192932 148673.46875
185.165741 17251.66796875
187.1086884 45555.51171875
189.0877228 62420.359375
197.7181854 10480.92578125
199.1809082 80926.4453125
200.1387024 13229.7470703125
201.087204 40728.1953125
201.123291 38981.1953125
203.0664215 11945.94921875
204.1367798 13035.3447265625
215.1018066 18410.4296875
215.1396484 21678.708984375
217.0823669 23975.140625
225.1251221 10807.7607421875
227.1756592 54053.66015625
228.134201 17306.4296875
242.1506042 42975.04296875
244.1663666 13306.056640625
245.1316223 13136.6025390625
255.1474457 12692.9970703125
260.1052246 12983.494140625
270.1157837 15666.4111328125
270.1444397 135535.3125
272.1713257 18282.083984375
284.1252136 18217.650390625
288.1204224 17767.337890625
288.1551208 40762.8828125
288.2042236 21724.044921875
297.1565857 10916.685546875
300.1569824 11724.36328125
303.1748047 11543.4052734375
315.0940247 16545.591796875
321.1552124 12017.2177734375
327.128418 15106.8896484375
341.1808777 21777.529296875
344.157135 13257.078125
359.1930847 16660.2109375
376.6766357 11380.6875
397.2089233 18749.224609375
401.2865295 17551.234375
407.193573 11184.9267578125
445.7059937 11192.8564453125
459.754303 12132.7294921875
468.2460938 15129.7109375
529.3381348 17188.57421875
614.3488159 77997.125
657.3970947 20764.328125
689.3616333 21186.033203125
700.3289795 13510.8759765625
709.4299316 42706.12890625
727.4230347 43255.94140625
744.4332275 173021.078125
745.43927 54238.0234375
755.47052 65831.6875
756.4794922 46702.640625
843.5041504 84368.65625
844.4954224 39392.48046875
885.5258789 14302.4541015625
905.4771729 21968.927734375
914.5102539 16112.12109375
930.5369873 160700.5625
931.5383911 97515.703125
1059.586304 137586.15625
1060.562012 49551.9296875
1130.614258 147961.5625
1131.623291 84751.1015625
1176.591675 20203.27734375
