1823.89654391629 3
126.0551529 25766.029296875
129.0661163 145153.078125
129.1026001 149317.390625
130.0497589 13424.828125
130.0859833 91318.84375
130.0936737 8960.595703125
131.0811768 92668.1640625
131.0890961 8918.205078125
134.848938 10294.6611328125
136.0762024 154666.953125
141.0655365 66662.7890625
141.7344818 9908.67578125
143.081665 12350.990234375
143.1177063 15670.8916015625
146.6626892 10686.8916015625
147.0759888 17197.78125
147.1131897 134494.265625
147.5250854 8847.4892578125
153.0661774 17039.30078125
153.0925446 15748.9052734375
153.1025543 251081.5625
154.1060028 14877.427734375
155.1179199 15293.5595703125
157.0968628 22875.7265625
157.1088867 12725.16796875
158.0929413 140185.25
159.0657349 13882.0693359375
159.0761414 186591.9375
159.0897369 30686.609375
159.5489349 9461.62109375
169.0613251 53748.98828125
170.0447235 36923.45703125
170.0607147 9694.396484375
170.0923004 29117.767578125
171.0762177 61331.01953125
171.1129761 18924.43359375
172.1156769 13540.666015625
173.1280823 58724.14453125
175.1188202 133118.796875
176.1038513 127268.4453125
177.1033173 11679.2109375
178.0528412 11621.77734375
181.0601654 22976.529296875
181.0973816 11376.640625
183.1126404 33166.01171875
186.0744934 15000.6708984375
186.0877991 229713.203125
187.071167 92530.6015625
187.0875244 18327.85546875
187.1069641 12078.67578125
188.1028748 15233.48828125
189.0875244 18280.26953125
195.0774384 19948.072265625
197.1283112 14199.3515625
198.0869446 77394.296875
199.0711975 88649.375
200.1036072 26411.234375
200.139801 78616.796875
201.1059875 319817.59375
201.1236877 54788.453125
202.1081696 28396.86328125
204.1348114 54299.05078125
207.2572021 11276.26171875
208.1081543 19251.576171875
212.1034393 61370.44140625
213.15979 20885.572265625
214.1188812 11915.802734375
215.1390533 18349.947265625
216.098114 32764.666015625
217.0821991 80737.9296875
217.1370544 94362.09375
223.0717163 22930.833984375
226.0823059 31157.708984375
226.1179199 17939.640625
228.1342163 107239.625
229.1007385 335719.5
230.1053467 20260.37890625
238.0827179 20007.876953125
240.0984497 87246.5625
240.1337433 22176.150390625
242.1125641 14589.3837890625
243.1098938 129624.671875
243.1309204 15683.619140625
245.1328735 15881.068359375
246.1271362 15602.169921875
249.1617889 17027.251953125
249.677124 14175.7470703125
255.1083221 24383.1328125
256.092865 35865.41015625
258.1087341 18436.298828125
258.1459961 72501.4921875
259.1403809 64331.9296875
260.1967468 34119.796875
261.1573792 21814.451171875
270.1082153 13810.9921875
271.1404724 30094.962890625
272.1716919 18340.810546875
274.1044617 31219.908203125
276.1648254 27434.439453125
283.1444092 16608.396484375
287.1353455 36725.8828125
296.1967773 13619.6435546875
299.1727295 19846.84765625
316.1508179 23901.33984375
325.190918 16385.1875
326.5792236 15482.775390625
327.1327515 23685.26171875
330.1764832 61751.0703125
331.2326965 24083.23828125
340.1322632 25850.837890625
341.2214966 31769.193359375
342.1850586 67305.671875
347.2297668 30634.83984375
348.1906128 14662.1015625
349.1972961 15057.6689453125
356.1560974 17018.90234375
359.1762085 33187.22265625
367.1282959 22152.53515625
369.1772156 26577.033203125
370.2108765 21970.236328125
371.2282715 15257.0234375
375.2226563 35537.64453125
384.1535645 32253.517578125
385.1373901 29983.080078125
388.1893921 18329.96875
389.2510071 82098.7734375
391.1959229 21963.84765625
434.223175 16716.470703125
439.2038879 18591.087890625
452.2297058 17602.478515625
454.1572266 17099.93359375
456.1710205 23486.091796875
456.2301025 86366.2265625
457.2306824 16600.7734375
459.2973328 15837.5625
462.2318115 32607.3046875
463.2442932 17213.5859375
488.3139954 18745.484375
502.3356934 251286.171875
513.2675781 19685.8671875
530.3308105 130842.1640625
541.3179932 32010.703125
541.7741699 17899.3359375
544.2675171 15916.96875
546.3062744 99062.8046875
547.2981567 18889.509765625
549.9406128 20860.01953125
569.30896 21643.408203125
590.3262939 155136.21875
591.8137817 67525.265625
598.8029785 62724.7421875
599.302124 34433.58984375
600.8150024 307910.125
601.3215332 63999.3984375
607.3873291 23464.306640625
608.387207 73915.046875
613.3328857 15604.5830078125
617.3641968 260721.875
618.364624 17175.51171875
629.3970947 121391.8671875
630.4043579 32457.34765625
655.34198 92962.453125
656.3581543 16772.234375
678.3141479 24171.02734375
681.3743286 71358.109375
688.3646851 31924.15625
699.2958984 34584.26953125
705.352478 68819.4765625
709.3695679 126757.7265625
710.37146 59880.0546875
720.8579712 66822.4375
721.3616943 58074.07421875
730.444519 130223.53125
742.484436 66744.5
745.4506226 35036.1875
760.3640747 20570.837890625
762.3723755 34939.02734375
769.4005737 125084.5234375
769.8890991 58286.64453125
770.3922729 73709.953125
771.3939209 20858.056640625
785.4363403 24654.373046875
788.3947144 23509.4375
789.3757935 24912.111328125
793.3924561 23226.580078125
806.4050293 240577.0
807.406311 80677.96875
808.4017944 24168.958984375
817.475708 333540.65625
818.4837646 23147.98828125
828.4418945 33346.52734375
841.3702393 68641.2265625
842.4436035 84748.9765625
843.4432373 28675.76171875
856.4512939 25876.4375
874.4868774 91759.0546875
875.4915771 26701.080078125
946.5181885 21843.580078125
951.4606323 25878.064453125
952.4495239 50730.81640625
954.4571533 68267.8203125
958.5594482 60687.16796875
969.463562 294671.28125
970.4653931 194153.4375
971.4820557 90132.71875
1003.547485 171131.109375
1004.540649 30209.689453125
1031.591553 28370.09375
1065.521362 25403.69140625
1068.50293 59420.078125
1082.555664 163400.671875
1083.554688 93232.703125
1090.578735 87935.609375
1179.572632 70326.1171875
1180.587158 29965.099609375
1196.589233 295947.875
1197.598145 157909.875
1198.605225 81869.640625
1292.651489 27212.23046875
1309.668091 133356.734375
1310.682373 94703.1015625
1311.685181 30666.85546875
1320.65625 23424.59765625
1440.719971 69707.9765625
