2073.071348 3
143.118454 7006.9536132813
145.0615387 4129.2172851563
147.1126099 35435.94921875
155.0812378 8170.2529296875
157.1335449 7912.0048828125
159.0766754 5977.6157226563
159.0915833 15998.931640625
171.0766296 6278.1528320313
171.1116333 6606.5869140625
173.0928497 6277.517578125
173.1281891 7901.3149414063
175.1189728 34399.015625
177.0871124 7614.3139648438
177.1018524 7136.16015625
181.0604401 8666.8681640625
183.1488953 9641.5771484375
184.0707092 6162.0029296875
185.0557861 8587.6376953125
186.1234741 12801.453125
187.1441803 16155.6298828125
189.0862732 8459.0595703125
197.1285553 15182.6982421875
198.0874481 14695.1494140625
199.071579 9822.9033203125
199.107605 10712.8115234375
199.1804504 9454.8515625
201.0870667 7976.8247070313
201.1058044 6930.0830078125
201.123291 13052.3837890625
207.1134949 7302.806640625
208.0722198 5447.3295898438
208.0965576 10929.1748046875
212.1033325 6942.0844726563
213.087265 6474.2553710938
214.1190033 6512.6430664063
215.1392059 39369.1484375
216.097641 40171.59375
225.1231842 35231.13671875
226.082077 16095.1455078125
227.17659 6302.7143554688
228.132843 7315.0844726563
229.1181335 11556.0849609375
230.076889 28186.59375
233.1655579 5915.3896484375
235.3638916 5596.712890625
240.1354065 15063.6689453125
242.1499481 56981.3515625
243.1099091 11753.150390625
243.1341858 28989.36328125
244.0920105 72653.4375
245.1272125 8099.3125
266.1175537 6694.6596679688
266.1488037 6390.2143554688
271.1775208 6034.9819335938
272.1747742 9606.8154296875
274.1863098 7806.8549804688
275.2080688 34445.19140625
276.1349792 8045.6303710938
279.135376 13650.359375
284.1264954 8585.126953125
284.1601257 13334.4384765625
288.1364136 7817.0209960938
299.1712646 8495.1982421875
311.1385193 8466.2939453125
319.1595764 8137.3979492188
329.145874 8208.060546875
340.1516113 10146.001953125
343.1629639 14994.8466796875
346.1376038 6553.14453125
355.1270142 8333.4150390625
357.177002 16741.748046875
375.2224121 10295.5380859375
382.0371704 7265.9174804688
407.267334 13261.6630859375
413.5340576 7186.66015625
414.0432434 7364.2431640625
421.209259 9385.66015625
423.7351379 7098.5874023438
439.2599487 8747.6103515625
461.2381592 11750.3642578125
472.2046814 9338.0322265625
475.2902527 30281.2578125
485.2403564 13258.5615234375
503.785675 27532.439453125
504.2940369 9067.7900390625
510.2677307 14731.23046875
527.5979004 7621.7592773438
552.3219604 7660.9765625
559.3618164 10925.5146484375
572.2972412 10093.498046875
581.2963867 7939.2788085938
604.3308105 37270.7578125
605.3415527 9640.9375
615.3121338 12237.482421875
685.3287964 9356.34375
690.369873 10033.419921875
692.4003296 45733.484375
700.3670654 13276.759765625
715.3497925 8549.1962890625
733.3708496 54390.0546875
734.3468018 14729.595703125
786.3616333 8940.099609375
792.4209595 11116.6474609375
794.9151611 10193.935546875
797.3741455 12033.16015625
802.4198608 10691.1953125
821.4127808 29668.26953125
827.3861694 13513.0654296875
828.4083862 10736.27734375
838.4199219 10513.0439453125
846.460144 63998.4375
847.4546509 26728.12890625
881.4006348 14249.3955078125
889.4309692 12116.3330078125
922.4668579 12668.1689453125
959.5452881 42286.546875
960.5323486 33099.515625
961.494873 8657.7822265625
976.5410767 9548.6416015625
1060.587036 40631.78125
1061.591553 29631.833984375
1074.596313 12487.2958984375
1076.498291 10947.244140625
1091.608032 36663.05859375
1092.609863 12439.3388671875
1130.62146 10976.0400390625
1147.619995 129255.5546875
1148.618774 92705.3671875
1149.627563 11899.251953125
1246.679932 12672.8330078125
1360.749878 11415.61328125
1475.75415 33995.03515625
