1085.57859819969 2
84.04493713 375731.4375
84.08146667 126124.375
86.09713745 1744048.125
86.10237122 78502.4765625
88.04003143 60174.5078125
88.99933624 56739.71484375
98.44747925 52832.890625
102.0552292 94866.7890625
110.0719681 107940.2578125
112.087059 57205.92578125
120.0811081 799908.25
129.0655823 49528.75
129.102417 124829.0546875
136.0758362 297948.28125
143.138855 47827.95703125
153.2524109 49415.4296875
157.0974121 76935.7421875
158.0936737 60763.54296875
167.0824127 74877.6640625
169.1339569 361434.4375
173.1284332 95190.0703125
175.1191254 496387.28125
183.1136932 220443.96875
185.0923004 286358.125
188.7288055 52919.65625
197.1291504 198840.890625
201.1233826 103890.9453125
212.1021881 63486.05078125
213.0862579 91868.296875
233.1646881 398584.21875
241.0821533 117100.0546875
261.1604309 63172.07421875
266.1486206 200180.0
267.1507263 63600.35546875
288.2039185 74020.5390625
301.6588135 260842.4375
356.1118164 57517.17578125
401.2851868 81575.1484375
434.2223511 65934.6640625
485.8225708 55861.8515625
535.2835693 123136.859375
587.3834839 242463.28125
602.3092041 1053194.75
603.3102417 321208.0625
662.1220703 67616.03125
696.3304443 110811.03125
701.37323 79339.6796875
715.4373779 66235.828125
769.5848389 58740.44921875
798.4251709 312557.5625
799.425354 72667.8515625
825.366394 124687.1015625
826.3682861 198441.125
830.475708 181313.015625
