1516.64040986848 2
110.0718002 17794.25390625
115.0870056 20562.783203125
119.049469 54455.53125
120.0808792 43949.48046875
129.1027222 186500.890625
130.0865784 43640.78125
130.1061096 15328.3779296875
136.075943 780542.1875
137.079422 52589.2265625
147.113266 64935.921875
154.139679 15665.888671875
159.0921631 22921.22265625
167.1177063 13694.6513671875
175.1190186 18119.953125
185.0916595 17007.9140625
198.1252136 15829.513671875
201.1234894 27614.71484375
207.1127014 24102.59375
209.0930481 15509.0126953125
215.1398163 24732.2578125
217.0831146 19150.595703125
226.1181335 84957.9765625
226.1552277 19274.412109375
229.1183167 23160.00390625
233.0925293 74140.78125
233.1287842 50752.08984375
242.0867615 11881.6591796875
242.1127625 16029.6318359375
243.1337585 15194.427734375
244.1302185 21946.021484375
244.1652374 114063.4765625
251.1030731 170116.953125
252.1069336 20034.158203125
258.1096191 22702.62109375
258.1452637 14318.4541015625
259.0914917 34533.76953125
261.156311 105008.40625
265.1183472 122691.796875
275.104248 16712.384765625
279.0984192 179170.140625
280.100647 19944.873046875
293.1134338 96575.5703125
301.127655 15858.919921875
331.1980591 16930.716796875
332.1940918 14664.17578125
355.1612854 19859.400390625
357.1777039 17222.669921875
369.1410828 16244.369140625
372.164978 21969.4453125
389.21521 133900.0625
390.2142334 14499.525390625
422.1564026 44415.625
429.1897583 24191.40625
442.1612854 23419.09765625
459.2577515 20696.787109375
518.2546387 71126.546875
537.182312 17209.3671875
543.7883301 19290.251953125
548.2832031 16194.90234375
589.2995605 89138.921875
644.3706665 98801.8203125
645.3754272 16341.0869140625
650.2715454 13539.0556640625
688.8213501 12693.2783203125
700.3331909 18588.4609375
716.375 84311.3046875
718.3339844 89420.09375
719.340271 43401.5
758.3947754 15750.033203125
759.3833008 129488.4453125
760.3970337 15906.0693359375
798.3471069 15614.09375
817.4089355 88006.0703125
818.4037476 28436.1171875
822.3287354 15886.59375
861.4675293 19206.3984375
946.4414063 79295.15625
947.4447632 53189.56640625
1075.473267 54245.1171875
1076.492676 20112.439453125
1086.568237 78685.7578125
1087.597534 16352.0419921875
1239.566162 14558.4306640625
1274.557739 13943.5146484375
