1314.56124935319 2
101.071701 24561.91796875
102.0556564 10076.1494140625
104.0534821 31519.484375
115.021637 3797.244140625
116.0709839 5789.9379882813
120.0813675 9245.671875
124.8527298 4552.2529296875
124.8619766 3602.8083496094
129.102417 68400.625
129.1101685 4599.46484375
130.068985 23600.84765625
130.0862579 7053.5791015625
133.0426941 3999.6225585938
136.075943 46518.3828125
138.3632355 3577.7194824219
143.0817108 4663.1655273438
147.1131897 20094.455078125
155.0820313 5609.900390625
158.0929413 5849.2338867188
171.113266 5084.5874023438
172.0722961 5441.1474609375
175.0906067 42518.41796875
175.1186981 57964.33203125
178.0536957 10278.2900390625
185.0938263 4431.80078125
199.1086578 6338.8330078125
199.1813812 8748.4228515625
201.0876312 7833.4409179688
201.1234741 4404.2646484375
203.085907 23657.25
214.1196442 6920.0854492188
215.1381378 4914.0087890625
227.1776428 6654.1909179688
230.151062 6938.4692382813
240.1330872 5061.1420898438
253.1678619 17598.642578125
257.1612854 17926.5703125
265.1194763 9168.5947265625
278.1532593 4123.6635742188
285.1565247 21882.18359375
286.1401062 8957.56640625
297.1555786 9195.83203125
298.1794128 4340.9506835938
299.1725159 7279.5473632813
338.182312 64950.9609375
341.1834717 8735.0849609375
342.1804504 6312.7104492188
346.2067566 5163.4672851563
368.2322388 8626.6591796875
373.2576904 16789.880859375
374.8029175 4170.8862304688
383.2044678 4631.0986328125
398.2382202 7423.1220703125
410.7347412 4926.3188476563
414.7157288 5481.44140625
432.5712585 4482.2338867188
499.3356628 6337.0454101563
527.3312988 7867.0283203125
591.3137817 5111.048828125
614.368042 15604.94921875
615.3624268 7214.7426757813
650.3327026 5211.236328125
655.4266968 27188.259765625
656.3716431 8038.1977539063
656.8687744 8185.3837890625
657.3722534 59310.76953125
657.8688965 4998.3056640625
658.380127 224917.90625
658.8474731 8839.3623046875
659.366394 5924.5961914063
669.2841797 7533.6860351563
767.4360962 6104.0336914063
770.3322754 36607.5078125
771.3312378 7618.62890625
828.4185791 9533.7724609375
839.4816895 5766.1440429688
860.4472656 31747.3828125
895.4569702 6211.4418945313
926.4155273 8032.6440429688
983.4369507 33617.61328125
984.4356689 8423.0986328125
1072.408813 5732.5727539063
1112.483521 7602.9858398438
1113.477295 6862.6669921875
