1366.785324 2
96.4551239 29401.49609375
101.0716324 52092.1796875
102.0552139 30693.25390625
110.0712967 32975.3203125
115.0862198 29322.076171875
119.0497742 45551.375
120.0810089 513700.3125
129.1023254 146515.375
136.0759125 652434.5625
136.5097351 26864.515625
137.0792236 31461.36328125
142.1226044 54009.62890625
147.1123962 108270.5390625
155.0812531 35849.91015625
157.1337128 26681.53125
169.1320038 31001.72265625
173.1285553 145020.78125
175.119339 188184.015625
187.1444702 207187.0625
197.1292267 209296.4375
199.1805573 32520.21875
201.1235809 115956.609375
203.104538 25628.306640625
211.1442261 36066.18359375
213.2445221 28996.59375
215.1397552 178482.984375
229.118103 46618.71484375
234.1447296 46092.89453125
235.1466217 37516.86328125
249.1598969 365138.375
250.163681 38746.3359375
262.155365 28618.9609375
263.1392517 197041.21875
277.1558533 68136.6328125
280.1641846 34191.515625
290.1149902 43331.05078125
296.1967163 63719.09375
298.1737366 45784.6953125
347.2276306 38197.9609375
443.244812 30787.671875
462.2575684 56277.83203125
530.3040771 46599.78125
575.340271 39228.7578125
588.3375854 29487.53125
659.3461914 125158.640625
758.4075928 109912.1796875
759.4117432 39492.58984375
789.4633789 32001.9921875
857.480896 48450.01953125
890.515686 60873.69140625
891.5148315 35462.25390625
944.5089722 113577.2578125
945.5170288 34254.7578125
1053.575439 33573.70703125
1054.565796 44134.50390625
1091.590088 228196.125
1092.578369 118872.6484375
1145.008545 33423.27734375
1172.137817 34757.171875
1369.741211 37443.17578125
