915.490545739044 2
70.06594086 567950.8125
72.08171844 608226.8125
74.06108093 107996.5546875
78.78782654 85339.3828125
84.04521942 136285.28125
84.08155823 194738.359375
86.09716034 3875209.75
87.10063934 169316.796875
88.03999329 98510.3515625
91.0553894 110947.96875
96.6627655 73619.6171875
101.0711594 132516.25
112.0860901 79544.578125
119.0494003 94777.9609375
120.0810013 1154022.375
123.3224564 82383.7578125
129.0663605 106782.90625
129.1026306 516098.65625
130.0865936 182693.890625
131.1183777 1035629.8125
136.0758514 2985943.0
137.0796051 385875.34375
138.7201843 83400.359375
143.1183777 334992.28125
147.1131897 507781.90625
158.0929413 138386.921875
175.1190796 446299.6875
187.1441345 140078.3125
196.1452789 135042.703125
197.057373 76113.4375
197.1296387 122318.8125
208.0976715 102412.5625
225.1240387 169612.75
227.500061 96328.84375
232.1406555 1362641.5
242.1502228 650061.9375
253.1654663 137623.359375
283.144104 774827.3125
330.1385193 121021.953125
345.1396179 157275.8125
388.2555237 412584.125
392.7078247 121130.7578125
446.237854 406428.3125
458.7709656 500146.5625
561.2623901 346110.625
604.3283081 349972.53125
626.7474365 90539.0
674.3452148 679208.8125
745.8022461 110877.328125
