1644.71419816695 2
120.0810471 71250.8984375
125.1915817 30615.990234375
129.06604 211606.890625
131.1172638 51915.36328125
131.3001251 31009.40234375
136.0758057 100875.1015625
141.1023407 51943.375
147.1124573 50008.19921875
158.0919647 38977.44140625
159.0925293 37745.3671875
167.0818481 46401.34375
167.7178497 36260.48828125
169.0960388 63676.2578125
175.1188965 107839.0625
185.0917511 73562.2734375
201.1230927 325968.8125
217.1369781 63236.75
237.1242371 50021.59765625
238.1189728 69585.546875
244.0929108 681766.25
245.0967865 61117.19140625
247.214447 45177.1171875
254.1511383 83772.9765625
255.922821 44065.1875
256.1287537 71714.15625
266.1495056 56114.91015625
267.1143799 93571.1953125
282.1086121 116045.2578125
284.1587524 63419.43359375
311.170166 55531.4140625
322.1873779 120763.0546875
329.1826782 330622.25
330.1846924 54042.7578125
337.1866455 58380.8828125
349.5631409 47316.00390625
352.1350098 56639.62890625
357.1773376 123147.1875
375.1365662 66877.296875
389.1488647 55442.62890625
394.2080383 51824.53515625
407.1545105 70729.2421875
456.0873413 56560.24609375
460.2272034 108447.109375
478.2756958 55419.7890625
487.3208923 76916.28125
488.21521 71127.203125
504.2053223 85222.03125
521.2295532 609153.0
522.234436 98363.7109375
636.2585449 111253.9453125
735.331543 108560.9375
822.4436646 76560.9140625
836.3782959 79278.1328125
893.3925781 694325.125
894.4022827 274105.6875
994.4398804 736535.75
995.4493408 325322.15625
1019.521545 182082.21875
1139.490967 117553.1640625
1157.506958 913212.6875
1158.507324 480608.625
1159.508301 205490.78125
1288.542969 489568.375
1289.536011 254574.1875
1290.566895 79237.578125
1401.624268 84975.1015625
1402.645874 88905.4296875
