2141.10983093763 3
157.0975494 59300.65625
159.0773773 51533.79296875
169.1337738 130812.6171875
170.0451508 58572.4453125
171.1134338 100642.28125
175.1192474 339841.1875
175.1416321 49266.546875
177.102356 95228.6640625
183.1493835 110647.9609375
185.0924683 67396.09375
185.1277161 53318.89453125
187.0718994 125442.390625
197.1289368 160114.5
198.1238251 70198.4765625
199.1799927 80402.8515625
211.144165 149664.703125
212.1033936 319461.625
221.0919037 69437.4765625
221.1302338 58869.96484375
226.1190643 311540.53125
228.1333313 63592.33984375
229.1296234 68040.4453125
230.1143341 280762.125
233.1286011 88752.46875
242.1510162 122157.1171875
246.1580048 85722.171875
254.1495972 124548.59375
261.1238098 289602.59375
278.1571655 61189.515625
280.165802 120917.6796875
297.1927795 168178.609375
298.1756592 256477.625
310.2125854 102794.4609375
315.2051697 87823.5625
325.1877441 399442.5625
329.6693115 121979.296875
338.1834717 447424.75
338.685791 111538.6875
343.1981201 103325.078125
348.1561279 461178.59375
372.1893921 74851.65625
374.2084351 377051.875
388.9791565 64358.60546875
389.2208252 124037.6640625
428.2874146 103642.5
438.2741394 348548.21875
450.2492676 354062.3125
461.2397461 324287.96875
502.3066406 84669.0625
532.2902832 151731.734375
535.3258057 138214.65625
537.2757568 105986.8203125
578.3063965 399844.21875
579.2940063 93047.75
585.3439331 140817.828125
596.3106689 145797.53125
624.303833 374808.21875
658.333313 281177.96875
675.3590088 3185269.5
676.3603516 1257710.0
677.3641357 160726.875
721.3577271 128580.9921875
730.3814087 113170.9609375
776.4686279 278301.71875
788.4443359 486746.375
789.4458008 127286.9765625
834.4362183 165731.640625
856.5412598 78192.5625
917.4817505 147381.453125
972.5925293 1085021.25
973.590332 713535.3125
974.4977417 644086.9375
975.4976807 480885.40625
976.5046387 100024.1015625
1054.528687 276167.4375
1055.528198 161067.796875
1086.671265 97454.5078125
1087.631104 104840.890625
1205.102051 497282.15625
1205.618408 486138.09375
1206.09314 267302.375
1206.61438 272555.96875
