1721.89131783 2
119.0490112 1106.6414794922
120.0741653 1442.4719238281
120.0812302 24055.654296875
121.0841904 1548.7803955078
126.0547714 727.2894897461
127.0865555 1779.2559814453
129.0661621 1437.3859863281
129.1023407 9406.97265625
130.0647736 1079.2506103516
130.0858917 5457.6606445313
132.0788727 770.6905517578
133.0429535 1463.4985351563
136.0758362 21480.146484375
137.0782623 1032.9503173828
141.1018829 2896.9453125
142.0610962 1853.0559082031
142.1230469 829.5529174805
143.0815735 1422.9305419922
143.1176605 7876.7387695313
147.1129456 11321.53515625
155.0812378 1870.1403808594
157.0977173 1678.7202148438
157.1331482 1092.5456542969
159.0775604 770.7897338867
159.0923157 4174.7290039063
162.0228729 1342.7614746094
167.0451508 5084.181640625
167.0811768 1223.4605712891
169.0971985 4866.7573242188
169.1331482 6580.1381835938
171.0764313 1063.5599365234
171.1128998 5770.7973632813
172.0719604 2099.9428710938
173.1288757 2641.9567871094
175.1186371 2884.7436523438
179.0482788 12344.1650390625
181.0606689 1714.0833740234
183.0760193 1100.7154541016
183.1132355 1015.6585693359
183.1486664 1760.2181396484
184.071701 14444.31640625
185.0918427 1721.1462402344
185.129776 1250.1166992188
186.0869904 1414.2266845703
186.1236572 16417.173828125
187.1078644 5257.1635742188
187.1263123 996.0136108398
195.0396729 2492.7958984375
197.091629 1297.2164306641
197.1286621 5535.8012695313
198.0876465 1336.2230224609
199.071228 2266.3530273438
199.1807098 1679.7473144531
200.1029968 1960.7854003906
201.1048737 1434.9084472656
201.1234741 7036.6630859375
204.1350098 1451.2694091797
209.0921326 1283.0463867188
210.0800323 1613.5159912109
211.1442871 1933.5073242188
212.0661011 13421.7470703125
212.1024017 2831.5698242188
214.1189728 9146.396484375
215.1026459 2884.2263183594
215.1402893 2184.0290527344
217.0815582 2071.7849121094
219.1127167 1418.9057617188
219.1494598 1360.3203125
223.1075439 2269.9025878906
226.118454 3008.4064941406
227.1022491 2611.9514160156
227.1745758 2237.8957519531
228.1336365 1326.3314208984
229.0935516 23552.4921875
229.1192474 5692.1455078125
230.076889 2364.0070800781
233.1648102 2208.9555664063
235.1073303 1448.4068603516
240.0971222 2006.2868652344
240.135025 2424.6926269531
241.081955 1006.4226074219
242.1495056 2867.1376953125
243.1337891 1857.9318847656
244.0926056 1329.9859619141
244.1315002 1258.0114746094
245.0765076 2567.7395019531
247.1075897 1962.7019042969
250.0850372 6240.49609375
250.1184845 1960.6287841797
251.1016846 1708.1314697266
254.1502686 4588.3916015625
256.1291809 1232.2834472656
256.1665039 1923.5028076172
258.1087646 1151.5899658203
258.1457214 2096.77734375
260.1963806 5165.9765625
261.1574097 2344.2380371094
263.1044617 1276.1674804688
267.151001 1489.4896240234
268.1661377 5603.8212890625
270.1089478 1263.5703125
272.1605225 2473.0773925781
273.159668 1675.4201660156
274.1235657 2100.3352050781
277.1186218 2549.8190917969
278.1138611 1657.5021972656
282.1816406 1321.4914550781
283.1416016 1093.5047607422
286.1400452 13397.37109375
287.1438599 2099.1027832031
294.1800537 1499.7647705078
295.1444397 2035.8208007813
296.1615601 1433.9641113281
298.1405334 2097.2158203125
300.1536255 1103.3592529297
303.1474609 1244.0916748047
311.1695251 1778.7872314453
312.1563416 1861.5626220703
314.2086487 1366.9418945313
316.1697693 1268.990234375
324.1557617 2853.1420898438
325.1549988 1443.1185302734
326.1440735 1540.1368408203
330.11026 2565.4206542969
331.1424866 2058.5600585938
332.1109619 3068.5053710938
340.1517029 1724.6292724609
340.1891785 1429.4106445313
341.1843872 1677.9106445313
342.1749573 4874.9467773438
343.1641235 1475.9730224609
346.1800537 1938.0504150391
347.134491 2399.3542480469
354.1732788 1568.3884277344
355.2342224 1967.7425537109
357.2148438 2904.9172363281
358.1048279 1646.0314941406
358.160614 5511.1694335938
358.2105103 8223.896484375
359.2052917 1432.8138427734
362.1722107 2425.1743164063
363.1875916 7638.36328125
367.1981506 1720.8831787109
369.1771545 1800.4931640625
373.2817383 2919.5378417969
375.1302185 7563.17578125
376.1421204 1340.9696044922
383.1928711 2863.1591796875
385.2030334 2312.2634277344
385.2475586 3019.9975585938
388.1878357 2748.8244628906
392.1552429 13905.146484375
393.1600342 2165.2561035156
395.1941223 2925.0209960938
420.2119446 5184.8325195313
426.2012329 2068.9992675781
433.2087097 2895.4775390625
444.1540833 1863.0640869141
447.2237244 1432.2139892578
458.1868286 2370.7548828125
476.2748413 2683.9487304688
486.3644714 2350.0317382813
498.3302002 1709.9571533203
499.2197571 1697.6497802734
511.2545776 2490.7839355469
524.2542725 1783.3723144531
527.2714844 1933.0655517578
528.2644043 1589.2614746094
542.2844238 2639.0817871094
544.2036743 2151.6938476563
549.2549438 6915.4873046875
571.3212891 6514.4677734375
573.3981934 7578.1987304688
574.2321777 1618.5415039063
574.3966675 2302.8540039063
580.2731323 1892.4700927734
586.2519531 2478.89453125
644.4375 8395.169921875
657.2913818 2556.3837890625
669.3136597 2676.1154785156
687.3342285 1796.4890136719
719.3584595 7930.7250976563
720.3673706 2162.3308105469
722.9825439 1890.8581542969
724.3898315 1709.4797363281
735.3745117 1764.6666259766
740.3555908 2939.4201660156
752.3239136 13093.4150390625
753.3286743 7628.88671875
757.5223999 6153.8081054688
758.5137939 2223.6223144531
806.4179688 2498.0393066406
807.3850708 2017.638671875
808.4137573 1630.6833496094
819.4934692 1758.9135742188
820.407959 8021.76953125
827.3865967 1993.7955322266
861.4378662 5652.611328125
862.4801636 2994.9611816406
871.4145508 2014.2386474609
886.5632324 3077.3454589844
887.5616455 5243.20703125
899.4008179 1853.1547851563
933.4901733 8545.58203125
934.4959106 4948.6596679688
950.9606934 2610.5625
951.4471436 4580.6025390625
972.2639771 1605.3238525391
986.5266113 2124.4501953125
999.6605225 2311.2426757813
1002.534058 3007.1984863281
1003.531799 2505.8933105469
1004.528809 13323.1298828125
1005.532227 5909.7583007813
1031.533569 2648.8291015625
1114.663696 6133.4443359375
1117.614868 5703.615234375
1243.716309 5892.6806640625
1264.695068 1663.8510742188
1330.73938 6687.3930664063
1331.745605 7223.869140625
1493.796509 2399.560546875
