1060.56267722639 2
74.06085205 10010.935546875
76.75349426 4336.7900390625
83.061203 4108.7265625
84.04492188 39349.546875
84.08136749 486504.8125
85.06555176 6532.271484375
85.08467865 24668.0078125
86.06152344 4783.8984375
86.09696198 191486.390625
86.32025146 3656.716796875
87.10029602 5489.2265625
87.5358429 4842.93359375
88.03986359 6764.0932617188
101.0713196 17037.943359375
101.1076126 33100.1015625
102.0552597 25355.908203125
102.0916901 7611.4379882813
105.2840042 4290.3334960938
110.0716782 47931.94140625
112.0869446 21035.724609375
113.7637634 4369.4282226563
115.0500031 5352.8208007813
115.0865555 6345.369140625
116.0704575 6412.263671875
127.0867081 33423.85546875
129.0658875 4620.26953125
129.1022949 423738.625
130.0859528 10914.765625
130.0963898 4204.5219726563
130.1057587 27696.1171875
131.0812988 6331.650390625
131.1184387 15238.4208984375
133.0438843 4989.443359375
136.0753937 40667.6015625
141.0639801 5039.6328125
141.1017151 5593.2587890625
143.1177673 7558.2875976563
147.1125183 47395.31640625
155.0813293 37358.05859375
158.0919495 36656.5390625
159.0759277 23964.7890625
159.0911255 5609.1694335938
169.0976257 6020.1518554688
171.076828 4780.3920898438
173.092392 4766.6801757813
175.1188507 86670.3828125
175.7715607 4193.6801757813
176.1217957 4955.06640625
181.0606689 6075.6157226563
183.1121368 6489.7802734375
185.1289063 5744.568359375
187.0711212 34812.28125
187.1076202 6712.5263671875
197.164505 78578.4765625
199.0712738 5608.5712890625
199.1803436 48963.015625
200.1833801 7405.9375
201.1229248 86428.875
214.1918945 8411.927734375
215.1386414 8199.0830078125
217.0816193 8039.3486328125
223.1075439 7136.0659179688
224.175415 30233.484375
225.1589813 19005.17578125
227.1751404 7618.5327148438
229.1163177 5528.1357421875
230.1130066 7678.0625
241.0797577 6296.7651367188
242.1502075 19336.41796875
242.1859283 18982.96484375
244.0922546 5394.9379882813
244.1387787 4725.1083984375
244.1655731 9059.359375
245.1233521 8893.7255859375
260.1972351 8047.5625
262.1506348 74034.1640625
271.1763916 20359.302734375
272.1238098 18068.201171875
272.1603088 17854.185546875
288.2032166 17295.603515625
316.1119995 8108.6201171875
322.6626587 5100.9399414063
325.1524048 4671.6040039063
337.2593994 23886.9140625
355.2679138 9822.818359375
391.1911011 16787.775390625
406.2017822 19260.6015625
415.7139893 6705.3740234375
487.2966919 20067.796875
488.2988892 9079.6474609375
513.2689209 7165.654296875
521.7738037 5019.6669921875
529.3356323 25071.197265625
530.2947388 49809.125
530.7907104 32576.201171875
531.2874146 57988.3359375
577.2570801 95470.296875
578.2597656 31490.1015625
594.9577637 5063.8349609375
641.9033203 5716.115234375
646.387146 5861.5942382813
688.2796631 5938.841796875
691.3364258 8944.16796875
706.2987061 84716.3984375
707.3004761 30653.466796875
727.7025146 5147.1684570313
801.3609619 6212.4423828125
802.3676147 18454.35546875
810.3724976 6643.3168945313
819.3831177 227045.5
820.3833008 81893.015625
821.37854 17153.89453125
834.4631958 29768.482421875
907.4215088 20295.15234375
908.4122925 6827.6328125
932.4707642 82389.796875
933.4692993 43695.9765625
934.4506226 23016.072265625
942.4429932 5916.8544921875
