861.478867277954 2
62.18447113 839.1273193359
70.06590271 5391.0234375
74.06064606 1590.6140136719
75.0001297 917.0203857422
82.15727234 800.0101318359
84.04485321 1605.3428955078
84.08143616 45817.3984375
84.08651733 2166.6291503906
85.08486938 1512.0297851563
86.09703064 4280.9438476563
89.50812531 897.8341674805
91.05762482 949.6557006836
92.02825165 4882.4897460938
98.98464966 30860.771484375
101.1076736 4040.2360839844
102.0916595 1283.8826904297
109.4678116 787.2602539063
116.3039017 728.9166259766
129.1023254 31351.072265625
130.0863953 1581.7301025391
135.0288696 764.3784179688
143.1182098 1359.9647216797
147.1126404 5777.1010742188
151.0866241 1160.6646728516
153.2573395 1051.3693847656
158.0934906 1350.3714599609
175.0857544 1471.2391357422
175.1192932 7774.2568359375
182.8177032 861.7334594727
185.0917816 1759.7999267578
185.1280823 1319.5747070313
208.9535522 9618.64453125
210.079422 20483.796875
210.9507294 3730.0900878906
211.0819244 1190.9978027344
212.1389923 1183.1206054688
213.1235046 889.3165893555
213.6468506 925.9183959961
218.1495972 1416.3872070313
248.1608887 3458.4111328125
286.1757202 1148.8267822266
300.0253601 1111.6105957031
312.1665344 4157.0004882813
319.1614685 1028.6069335938
329.1931763 3665.8864746094
357.9862976 894.1544799805
378.2766113 946.7343139648
382.7308044 1041.9340820313
422.2374573 1691.8393554688
430.2392578 4154.5859375
431.2428284 5230.9521484375
431.7479248 1492.1734619141
432.2557373 16499.439453125
442.2798462 1657.5520019531
531.2862549 3383.9736328125
618.2923584 1173.1164550781
632.3355713 8523.0185546875
633.3323364 1623.5235595703
733.3840332 7035.1826171875
734.3848877 1881.0902099609
797.0269165 1039.3717041016
