1692.80681477113 2
129.0655365 58838.9765625
129.1027222 435864.03125
130.085968 358015.78125
136.0751495 46017.19140625
147.1132355 490691.59375
171.1125946 66021.140625
181.5438385 51899.58203125
185.0918274 308341.25
197.1281738 140058.234375
212.1038971 73582.875
215.139328 665592.25
216.2530365 43067.45703125
225.1229248 270661.84375
228.1347961 65686.359375
230.1136017 55883.04296875
240.0989075 57889.29296875
241.0823517 97359.34375
242.1501007 259392.546875
242.1861267 57193.640625
242.7201996 48258.8671875
243.1335907 105387.4453125
244.1294098 74137.7734375
256.1286621 408920.8125
258.1079407 293209.46875
260.1680603 46606.7734375
260.1965637 361377.46875
272.1580811 63949.234375
284.1949158 51613.14453125
318.1125793 75123.359375
353.1831665 333714.15625
361.7148438 56434.3125
371.1925964 90463.8984375
388.1688843 71790.4140625
389.1510925 66430.53125
405.7774048 54493.4921875
434.2428589 61337.35546875
444.4707031 59822.51953125
460.3106079 79940.5859375
475.3508606 59162.23828125
482.2254333 98834.875
500.236969 87497.703125
537.9899902 63702.359375
589.3585205 230776.390625
717.3322754 95749.390625
717.8358765 76865.84375
819.4143677 244084.203125
838.4043579 74734.5
838.9043579 90702.546875
845.2976685 88226.5078125
845.5032349 372222.40625
846.5046387 382493.21875
846.9089355 83399.296875
875.4245605 215813.0
947.5220337 111133.65625
1062.536011 291520.65625
1193.570801 133533.8125
1215.454956 99511.859375
1302.531738 91988.765625
1304.625 99529.546875
1320.533203 84132.2421875
1322.636963 108507.7578125
