1328.63064495115 2
101.0714951 50422.9921875
102.0558777 75805.5390625
104.0534363 104959.9453125
110.0716934 84676.71875
112.0872498 13415.609375
115.0868912 21259.552734375
120.0812073 135818.125
126.0548172 10799.3115234375
127.086441 14032.701171875
129.1025543 289787.0
130.0497589 14978.3388671875
130.0866089 124489.828125
130.1063232 14531.9521484375
131.117981 14604.12890625
133.0432129 21075.06640625
136.075882 416907.4375
137.0799713 20168.630859375
141.0652771 14383.5166015625
141.1027985 34706.63671875
143.0817566 20062.296875
147.112793 152717.71875
156.0769043 92532.0390625
157.0811462 10378.158203125
157.0974884 19189.14453125
158.0922546 13229.57421875
169.0974121 19510.1171875
169.133728 82755.8984375
171.1130371 17389.162109375
175.0715485 12620.1494140625
175.1195068 63429.18359375
180.1021881 48281.65625
183.1134033 11427.9462890625
185.1651459 41614.21875
186.0880585 12107.7958984375
191.6513367 12313.98828125
196.1441803 21202.732421875
197.1287384 93098.21875
199.0719604 11749.009765625
199.1804199 24225.439453125
200.1399231 15494.5390625
201.0860291 12456.6953125
201.1231079 35298.3359375
207.5513611 14098.0068359375
212.1027832 14694.248046875
213.0870819 21057.529296875
213.1591949 19834.447265625
214.1180573 18857.09375
214.1555786 46498.4140625
215.1393585 47953.0546875
217.1374664 49284.3046875
218.150116 68916.4921875
219.1496277 53067.890625
223.1071014 13495.4755859375
224.139679 13654.4052734375
225.3157196 12002.4765625
226.1184845 20975.611328125
229.1195374 16877.365234375
230.0781403 15943.91796875
235.144928 49440.39453125
242.1494141 161167.40625
243.1340485 81882.65625
244.1286011 15001.1640625
261.1281128 14622.2919921875
261.1565857 64040.703125
263.1375427 14378.2939453125
282.1801453 16433.85546875
293.1118164 21558.595703125
297.1953125 12550.626953125
314.1686401 11155.6884765625
319.1401367 45456.171875
323.1350098 12656.7548828125
341.146759 12243.458984375
341.2191772 12233.37890625
349.1921387 36925.70703125
451.1881409 15924.5654296875
458.2601624 16874.849609375
470.2358704 56650.5546875
564.2183838 15103.439453125
633.296936 21802.32421875
634.3016968 18601.1875
664.8148804 40970.734375
665.3219604 25194.734375
694.3526611 12366.3125
710.3323975 15159.1474609375
752.3659668 11171.185546875
755.0949707 13638.689453125
780.3609619 14945.16015625
781.3659058 14412.357421875
808.3703003 12119.1904296875
823.4104614 16904.80078125
825.3453369 40174.94921875
851.4023438 25173.08984375
852.4002075 21291.064453125
869.4089966 13943.3359375
938.270874 13741.4658203125
940.9290161 11639.1708984375
952.4471436 47065.28515625
953.4367065 24927.59375
963.4228516 18174.19140625
980.4486694 132770.609375
981.4480591 58137.84375
990.5126953 23367.109375
1111.488525 20508.853515625
1154.509766 20468.01171875
1155.527344 16674.31640625
1182.52002 18444.3671875
