1151.5626543085 2
80.69802856 689662.75
84.04503632 1642535.875
84.08158875 5773779.0
86.09718323 7466410.0
87.35561371 729213.3125
91.05496979 4352403.0
99.06196594 727604.4375
102.0555725 3260408.25
104.2327652 847419.25
119.0494385 1886827.875
126.0553131 4535963.5
129.1024475 6651966.0
130.0861664 3563494.25
136.0759125 49845376.0
137.0791321 5067717.0
147.1133728 7664235.5
171.0765533 3895341.5
173.1289825 3681879.0
189.0876312 3766258.75
199.0714569 1781869.5
201.1232452 2893043.75
217.0817108 732868.3125
221.057373 746908.875
223.1085968 5012503.0
233.0924225 3247418.5
235.1448364 4335550.0
263.1387634 3929043.0
277.1555176 1453252.875
292.1651001 1218377.125
310.1768494 14808650.0
311.1798096 3812825.75
319.1631775 1142590.0
346.1751099 1859228.625
364.1868896 4857894.5
409.2433472 3330993.0
431.1579895 1763758.0
445.245697 1048832.125
572.3102417 5922284.0
573.3088379 1025351.5625
772.4137573 1230624.0
773.4190063 1856519.125
1049.274536 832199.1875
