1140.71027011514 2
82.65283966 82897.875
84.04514313 552737.625
84.08152008 361259.0
86.04891205 73413.421875
86.09716034 5948587.0
87.10053253 136000.828125
91.05496979 170685.578125
92.03418732 152613.6875
98.09868622 96609.1796875
101.0716324 1004099.8125
103.0550537 129189.859375
110.0713425 108845.125
120.0811996 768186.6875
127.0507736 136223.359375
129.102478 363889.15625
130.065155 103404.734375
131.1185303 95797.1796875
136.0758362 630446.75
141.1024475 124268.109375
143.1181335 602294.4375
147.1128082 193626.296875
159.0917664 162160.390625
169.0971527 184720.875
171.1131897 488007.3125
173.0559692 165341.921875
173.1283417 1447792.875
175.1183777 604835.3125
187.1441803 102490.359375
196.1448822 135416.34375
197.1286621 152977.671875
199.1805573 552172.0625
201.1235809 502575.78125
214.1560364 176244.71875
215.1402283 123584.5703125
227.1764526 308199.96875
233.133255 98985.46875
240.1344452 319970.15625
242.1499329 512892.0625
252.1369019 105114.171875
258.1450806 525198.6875
260.1410217 134997.65625
270.145813 125421.5390625
276.1554565 348045.375
286.1401062 344567.28125
288.1380005 95995.3046875
297.1584167 138674.234375
298.1412354 630379.3125
300.1562195 123712.2734375
324.093689 102763.6875
325.1498718 108832.0625
343.1607666 435494.90625
355.2332153 474666.78125
356.2338562 128217.3359375
400.2187195 97561.109375
402.2456055 136902.609375
406.1927795 109588.953125
444.2457275 2611149.25
445.2489319 419922.15625
448.7695007 111296.4609375
503.2939148 177301.109375
504.286499 93969.421875
508.7727356 106119.8671875
537.2276611 399243.3125
557.3282471 367953.28125
574.3295288 930022.1875
575.3290405 189006.5625
652.2576904 596050.0625
653.2592163 92650.96875
673.3995361 1038321.0
674.4008179 354729.0
686.3670654 365080.78125
786.4897461 703611.6875
787.4874268 365923.0
838.333252 119827.8203125
856.4691162 454769.625
857.4807739 133746.203125
897.510498 107936.390625
914.5358276 451560.59375
915.5352173 181294.859375
1120.448364 107677.46875
