1255.63608050956 2
99.55403137 14984.5078125
101.0716019 26327.642578125
101.1072311 13877.3662109375
129.1024475 196844.1875
130.0861969 30194.353515625
135.4358826 11915.498046875
137.1156006 14590.806640625
144.8181915 12175.6357421875
147.1127167 89330.2734375
155.9197693 15098.765625
157.1070709 13005.091796875
185.1646118 20937.15234375
186.1238403 67097.5234375
187.0723267 16890.623046875
187.1268616 15869.400390625
204.1341553 254404.671875
213.1595612 32072.0859375
226.1558838 46514.39453125
244.1655731 192347.265625
245.1691742 23784.00390625
253.1772003 48290.3046875
254.1605835 51456.30078125
256.6386719 16175.013671875
296.6465759 13547.7470703125
301.1869812 14314.0693359375
315.1662598 50796.37890625
324.1202393 14516.7509765625
333.1782837 16719.869140625
358.2070618 19163.490234375
369.1890564 97515.65625
384.2232056 30114.783203125
390.1981812 94267.3125
398.2047729 23897.208984375
500.2442627 14976.2158203125
518.2556763 15311.6181640625
619.8081055 67001.921875
625.3024292 81375.984375
627.3825684 215861.96875
628.312561 211957.140625
628.8225708 201025.828125
629.3341675 61915.17578125
699.6557617 16062.6630859375
710.3907471 49421.33203125
711.3914185 14969.3076171875
738.3847656 61703.265625
739.3839111 24378.091796875
838.4520874 25600.9921875
866.4353638 77861.0859375
870.4286499 15201.896484375
923.4594727 18822.0
1024.509644 32086.4140625
1025.495361 20104.42578125
1035.486206 17554.61328125
1052.496704 77081.0234375
1053.501099 24416.41015625
1110.525513 18814.630859375
