1659.89995001074 3
115.0868149 25323.884765625
120.0804672 189621.65625
124.1765289 22328.21875
129.1027985 267369.4375
129.1096649 25258.888671875
130.065155 55656.9921875
130.086319 61936.4921875
132.0806732 47204.1640625
136.0751648 236839.515625
136.0838165 24846.697265625
140.2200775 24672.705078125
147.1126251 209116.34375
155.11763 46838.5234375
157.1336975 489565.4375
159.0914764 285695.3125
169.133316 51996.2890625
170.0602264 63937.6171875
173.1282196 184836.4375
175.7388306 25747.46484375
181.0623322 39527.734375
181.426712 30790.423828125
183.112854 56272.3828125
185.1283569 213356.5
185.1647644 63165.30078125
197.1286011 259976.578125
199.1078949 283351.40625
200.1380005 46063.78125
201.1233368 92374.96875
209.0923309 55893.39453125
212.1028748 230671.296875
213.161026 48902.828125
215.1396179 53081.8828125
218.1504669 361157.40625
219.1505737 75347.875
227.1023254 499309.34375
230.1126862 69501.2265625
233.1282043 147882.828125
239.11409 40555.6171875
240.0982513 41286.43359375
242.152832 31953.453125
242.1875153 34640.31640625
260.1968079 33478.078125
261.1230164 184699.8125
263.1023865 139435.71875
268.1660461 379266.125
269.167572 50695.640625
286.1766968 86929.828125
325.186554 135510.15625
326.1717834 67909.8359375
333.1767578 156571.109375
339.2392883 64803.5078125
340.1860657 180654.078125
357.2098694 47652.34375
358.1717224 51653.69921875
367.2339478 142383.484375
374.2053833 46356.515625
423.2273865 53029.0234375
454.2770081 44195.0390625
457.2434082 62655.56640625
471.2936707 350776.875
472.2987671 40724.23046875
480.2478027 252919.984375
481.2462769 52617.265625
525.2901001 47999.1328125
579.3150024 211911.4375
593.3256226 44625.17578125
629.3327637 59614.6328125
652.8657227 44199.5078125
690.3595581 62378.87890625
691.3657837 65263.30859375
697.3580322 53846.78125
707.376709 62890.90625
708.3705444 58825.65625
835.4223633 46773.62890625
877.449707 74647.890625
936.4789429 81937.4375
945.517395 41436.62890625
1057.519409 49478.765625
