915.551377718442 2
72.0815506 2476551.5
84.04524231 1486025.625
84.08165741 1538323.625
86.09715271 5200007.5
87.05591583 282450.90625
87.1007843 235210.5
92.97575378 245025.15625
101.0716629 876864.0
110.0721741 281068.75
115.0872879 274815.5625
118.6416245 213825.109375
129.1025543 2205685.0
130.0867157 976027.3125
136.075592 358423.375
141.0662231 3729054.75
144.0770264 526593.5
147.1132965 2285756.25
157.1338806 251380.609375
159.0767365 2322557.5
171.112381 356768.0625
172.0721741 2312465.25
173.1286774 1399891.625
178.7447205 239020.734375
182.3800507 222986.921875
185.1287079 536851.375
185.165863 418453.71875
187.0716705 2260676.25
187.1448212 945072.0625
194.3292389 230693.109375
201.1232758 1090750.75
219.6708984 216441.640625
223.1082764 373922.9375
227.1761322 469284.46875
239.1768799 257705.15625
240.134613 1173166.25
246.1815338 2107348.25
256.092804 412979.28125
261.1564941 914820.4375
274.1038818 550619.8125
284.1961975 1232511.625
298.2134094 379416.5
310.1772766 257542.734375
314.2079468 961861.0625
341.1827087 295786.6875
344.1400452 225882.875
345.2504578 349230.78125
345.5004272 224118.84375
353.2176208 432224.0
375.8491211 226994.96875
385.2472839 333074.6875
390.2686768 224750.4375
406.5811462 267744.125
416.2863159 1250339.5
417.2422791 271893.28125
467.3067017 316202.15625
516.3102417 879338.5625
529.3722534 1589575.125
530.3737183 482316.84375
575.897644 241950.6875
642.4560547 326694.25
729.484436 521716.96875
