1525.72520602484 2
119.0494919 76621.0625
120.0809174 136362.296875
129.0662231 136351.890625
129.1025238 300760.8125
130.0498505 123691.703125
130.0865936 415639.375
131.0818939 303848.84375
136.0757904 1036435.3125
141.0660553 99099.65625
147.1125336 545563.0
159.0772247 90358.1484375
167.0819244 346850.84375
169.1338959 88228.5546875
175.1189423 83357.2421875
184.1109161 67800.328125
187.1442719 123732.2265625
195.076767 358717.1875
197.1289825 82095.6875
199.0726166 82038.8125
207.4664459 84909.1640625
213.0874329 613456.0625
215.1394043 171344.6875
231.0974731 1142956.75
241.08255 925657.0
243.1345673 162792.296875
249.1598663 158988.625
251.1026306 315010.53125
256.0931702 425840.4375
259.0926208 591926.8125
260.0958252 126823.7734375
260.1961365 285314.78125
274.1037903 165581.59375
279.0976257 285663.65625
284.1244507 345397.15625
303.0959473 80127.03125
312.1193848 746384.5
312.1544495 221190.8125
320.1238708 80681.1875
330.1303101 122323.9609375
330.1659851 267746.375
361.2433167 348940.46875
366.1307678 295362.25
376.3965759 76360.6953125
381.1418762 131191.9375
392.1817322 166126.859375
399.1488342 155316.53125
423.1829834 110650.2421875
441.2022095 144231.0625
459.210144 95194.0
467.1809082 84100.4453125
476.270813 550799.625
496.17099 246286.96875
514.1810303 155443.125
554.2785034 120908.1328125
589.3520508 420601.53125
608.2567749 104055.265625
700.3789063 102958.53125
718.3995361 749388.9375
719.3952637 171824.28125
831.4841309 522775.4375
832.4813232 409755.53125
994.5421143 447577.84375
995.5377197 275414.46875
1109.580322 91803.734375
1110.571289 170735.609375
1196.60376 136300.625
1197.586304 117468.921875
1267.627319 340699.6875
