1492.85180256267 2
103.0546265 22735.93359375
107.0497589 24007.25
110.0722961 29954.3203125
115.0869141 83146.8359375
117.6268311 22629.201171875
119.0491104 33047.34765625
119.0816269 37606.93359375
120.0810471 317321.0
121.0845642 27152.3359375
123.5788345 20948.716796875
127.0869217 377178.71875
128.0903931 38362.828125
129.0660858 101180.359375
129.1027069 228937.046875
130.0654449 30154.1171875
130.0866547 193318.71875
131.0905151 22695.5234375
131.1182098 50940.859375
133.0431366 99707.2265625
133.0614929 33839.7734375
136.0758209 1108987.125
137.0791321 172514.765625
143.1182709 27617.02734375
147.113266 209371.421875
155.0815735 444970.15625
156.0852051 122257.328125
159.0794067 20110.078125
159.0920105 103596.0546875
166.0498505 28586.4375
171.1135559 50056.2421875
175.1191559 187746.953125
177.1026611 24400.80078125
181.0974884 37703.31640625
183.0765076 324697.09375
183.1125946 36592.296875
183.1498718 33507.39453125
185.0930481 28242.203125
187.108017 28671.9921875
187.1440582 180645.953125
188.0695648 35389.8984375
193.0973816 1422147.625
194.1011658 374821.3125
195.1493835 29933.529296875
197.1287537 49341.75
199.1074829 287213.46875
199.1807098 117876.4140625
200.102951 1250353.625
201.1056671 122989.1328125
204.1357574 31156.6953125
205.09729 46820.89453125
213.0871735 229910.21875
214.0904541 31721.755859375
214.155426 44868.875
215.1389618 106615.8203125
221.0923004 793527.375
222.0960083 239070.75
223.1092377 202072.984375
225.0988617 30838.505859375
227.102951 457012.125
227.176178 128695.8203125
228.1058197 103702.40625
228.1333771 48787.15234375
229.1034546 26323.310546875
230.1133118 36458.29296875
233.0919495 51506.8828125
240.0982208 89932.53125
242.1499176 199713.6875
243.1342468 38099.09765625
244.129425 36128.21875
244.1655273 206231.84375
246.1279449 164695.75
249.1598358 46032.75
255.144455 87163.1796875
256.1292114 49330.98828125
258.1077881 51047.05078125
259.1133118 21959.978515625
260.1962891 92551.671875
262.0830383 29133.974609375
266.1138306 33070.48046875
268.1652527 43188.0859375
272.1718445 345058.875
273.1754761 50790.875
274.1209717 92135.25
276.0621338 37016.765625
278.1129761 48071.56640625
282.1091309 132221.0
284.1243286 334305.0625
284.1578674 50721.4921875
285.1274414 55719.33203125
285.1603088 29896.880859375
286.1583557 23318.595703125
289.157135 111230.2578125
294.1809998 35994.88671875
298.1409912 23049.46875
301.1502075 119136.6953125
302.1489868 29910.576171875
311.1356506 32018.283203125
313.187561 713847.125
314.1902161 132230.578125
316.1319275 32543.103515625
316.6569824 34334.1328125
317.1585693 25985.529296875
326.1722717 50087.93359375
327.1708374 36277.578125
328.1634216 40183.52734375
334.1772156 107075.1796875
335.1796265 47166.9453125
343.1970215 27459.53515625
344.1826782 35752.74609375
345.1215515 103201.5078125
351.2027893 53807.0
355.1615601 505243.5625
355.2316589 47964.78125
356.1627808 272005.90625
363.2036438 34034.85546875
367.1968994 30218.572265625
368.1981201 34988.3046875
369.1884766 43640.7890625
372.1931763 25418.056640625
373.1182556 522757.5625
374.1207581 253239.453125
375.1168518 134604.03125
379.1588745 33611.92578125
380.1988831 30037.439453125
386.213562 24283.005859375
391.1350708 28029.55078125
392.1984863 28002.880859375
394.1719055 35164.61328125
395.1917725 137050.5625
396.1907043 34750.78125
397.2061462 32269.34765625
402.2216797 36653.8125
405.2144775 24710.74609375
412.1835327 116201.8984375
413.1871948 99500.953125
414.236084 44459.0859375
420.2271423 347788.09375
421.2316284 211735.34375
422.2317505 81281.625
423.2276917 52521.73046875
426.2706604 119661.15625
441.2400818 115919.625
458.204895 88622.8359375
468.2475891 84819.6328125
469.2502441 30705.697265625
480.2449036 51528.66015625
486.2035522 235616.859375
487.2037659 150525.703125
488.204895 49058.1953125
497.2715454 37812.51953125
498.2759705 27997.42578125
499.29776 211371.84375
500.2962646 38923.6484375
506.2200928 31146.05859375
508.2438965 54337.0078125
525.2711182 112447.3984375
526.265564 34827.25
535.2536621 104034.8359375
536.2561035 56559.828125
542.2635498 31105.408203125
550.276123 36329.90625
550.7764282 207039.078125
551.2773438 146002.859375
551.7821655 31696.955078125
553.2818604 37379.7265625
554.3165283 42378.296875
599.2841187 35041.265625
600.2886963 38902.16796875
614.2947388 43883.20703125
615.2929077 100334.390625
628.3400269 85017.359375
632.3078613 1364557.0
633.3096924 1473457.25
634.3093262 842830.375
635.3099976 239656.109375
636.3099976 37274.14453125
645.3068237 32135.443359375
686.383728 90368.90625
714.3417969 31970.07421875
727.3530884 27426.513671875
729.3671265 30650.568359375
741.4318848 28979.201171875
745.3886108 228015.34375
746.3933716 409275.5625
747.3936768 250042.46875
748.3734131 48300.6328125
784.4125366 36539.7734375
842.4710693 48371.671875
856.4373169 174458.96875
857.4259644 239098.609375
858.4290771 160371.5625
860.4328003 32012.94921875
874.4589844 164445.625
875.4440918 96858.8125
876.4403076 32090.333984375
939.5253296 1194311.125
940.5272827 608634.6875
941.5303345 222896.5
942.5270996 31506.96484375
986.4740601 39086.6328125
989.5756226 39417.7578125
1002.475525 38528.18359375
1003.487671 138527.0625
1004.492432 53003.19921875
1005.509583 33951.609375
1042.489014 44107.06640625
1049.55957 51101.84765625
1050.553223 153473.21875
1051.549683 109570.203125
1067.584106 255614.296875
1068.569946 125953.6484375
1069.598633 42930.6484375
1099.53418 103805.2265625
1100.552124 237289.6875
1101.543945 168928.359375
1102.540894 51382.2265625
1117.564697 42065.0703125
1140.534668 35230.5859375
1156.558594 99870.59375
1157.571167 307356.03125
1158.574097 351913.21875
1159.551025 128521.703125
1180.669189 164231.015625
1181.650146 114904.890625
1250.430054 29445.646484375
1293.742432 37654.703125
1294.725952 30110.24609375
