1246.64848050002 2
87.05601501 17933.876953125
87.10046387 35342.3359375
91.05467224 11111.998046875
92.02867889 12571.2314453125
101.0713501 72292.3125
102.0554276 167282.125
103.0543365 11549.79296875
104.053299 56604.5859375
110.0718307 59711.69921875
112.0874557 10207.1259765625
113.0716629 11247.31640625
115.0507278 15048.7626953125
115.087059 38940.94140625
116.0707932 15115.8251953125
119.0491486 9723.9482421875
120.0811539 240192.71875
127.0866165 15559.8486328125
129.0662231 32805.40234375
129.1024475 154005.46875
130.0657349 7951.6494140625
130.0865173 56164.58203125
133.0431519 14585.2998046875
136.0757751 192829.890625
137.0794525 12447.54296875
141.0661926 38311.2890625
141.1023865 32726.28515625
143.1184235 65149.765625
145.0977631 10587.126953125
147.1130676 102392.8359375
148.0607452 19908.46875
152.0711212 17042.087890625
155.0814209 9958.0380859375
157.0973511 192768.234375
157.1088104 16326.6669921875
157.1337738 10772.435546875
158.092865 50972.0234375
159.0782013 14871.869140625
159.0917816 59216.57421875
167.0812683 33286.09765625
168.3160706 8975.9521484375
169.0606537 8511.1513671875
169.0971832 50365.12890625
169.133728 32328.263671875
171.1125946 34130.984375
173.0926208 13516.2138671875
173.1290741 79178.1953125
175.1186676 134621.125
181.0974426 15705.6201171875
183.1125793 56416.10546875
183.1490021 17107.908203125
185.0921783 184766.65625
185.1281891 14387.1025390625
185.1651917 34624.55078125
186.0878448 39229.58984375
187.0712433 10647.513671875
187.1443634 14815.978515625
189.0867615 14067.2744140625
195.0758667 7863.76171875
197.1287231 52449.109375
198.0880737 10406.4599609375
199.0724945 13458.7685546875
199.1079254 68721.2421875
199.1811676 39226.8046875
200.1031799 17586.12890625
200.1409912 10812.4658203125
201.0861816 12187.3505859375
201.1235657 96757.9296875
203.0863342 11722.658203125
204.1351013 44621.78125
211.1081696 18766.822265625
211.1436157 11998.734375
213.0862274 13761.3896484375
213.1598511 14891.2041015625
214.1184082 13576.30859375
215.1385956 70017.03125
216.0990295 12048.791015625
217.0823822 14843.1650390625
218.1503754 11469.478515625
219.1135254 8694.8310546875
225.1240234 9663.326171875
226.1202545 13176.9443359375
226.1555176 53958.84375
227.1025696 149678.296875
228.134903 89703.640625
229.1174927 14050.3583984375
235.1082916 10911.5810546875
240.0976105 10016.353515625
242.1497192 15929.9599609375
243.1341553 40139.73828125
244.165741 290378.875
245.1263733 15184.4345703125
245.1688232 36738.2578125
247.1069641 8674.3017578125
252.1328125 9921.138671875
254.1500854 33052.140625
256.1282654 11462.28515625
262.151001 33522.109375
265.1184998 9525.515625
269.125061 67180.9765625
271.6997681 9764.291015625
276.1351013 8870.3876953125
287.1359558 15698.875
292.1292419 9806.3671875
296.1231384 58138.43359375
296.1980591 12186.7705078125
297.1562805 9668.7392578125
298.1401062 48666.94140625
299.1403503 12032.224609375
299.1704712 64744.2890625
300.1561279 18955.810546875
312.1546021 14022.9169921875
314.1347656 216525.453125
315.1365356 45180.98828125
316.1604309 9835.896484375
326.1715393 10470.7021484375
331.1432495 52909.9765625
332.1437378 9063.412109375
333.1880493 43619.73828125
340.186615 69014.9453125
341.218811 44601.390625
346.1161499 10655.25
351.2028809 42741.3828125
354.212738 11128.5361328125
357.2184448 8987.060546875
377.1567383 12531.0009765625
379.1989136 29756.890625
391.1932678 9085.4814453125
391.2350464 105180.390625
392.2369385 13430.384765625
399.2237549 40108.81640625
402.2188416 10589.4052734375
409.2144165 10384.1728515625
412.2556152 13050.3408203125
427.2210083 69243.09375
430.2103882 12105.359375
439.2573242 12370.490234375
446.2759705 55790.015625
448.2276306 16842.962890625
450.2132263 10153.625
459.2402039 9189.0595703125
469.2296448 10531.65234375
476.2284241 9056.3125
478.2124939 17716.953125
484.2531433 10375.1611328125
484.3225098 29940.08203125
508.249115 14044.888671875
515.232666 10390.01953125
522.2687988 18403.115234375
523.288269 13755.1328125
526.2816162 8852.51171875
545.3410034 41378.19921875
575.3245239 12473.1826171875
577.2942505 11136.6962890625
583.3838501 10711.8876953125
593.3069458 19492.64453125
636.3001099 38958.1640625
645.2712402 9323.3857421875
646.383606 49526.5546875
647.3933105 13689.298828125
652.3130493 15394.3056640625
654.3134766 11138.6015625
684.4342651 16666.0703125
703.3575439 9155.70703125
704.3464966 31698.0234375
717.4244385 59409.41015625
718.4273071 13918.166015625
721.3745117 58504.796875
722.3721924 20042.033203125
724.3736572 42429.72265625
725.3807373 11447.1201171875
788.378479 16324.3515625
791.4038696 11370.0634765625
792.3872681 12258.5283203125
801.3786621 11200.1142578125
818.4628296 36323.44140625
819.475708 18870.3046875
820.4403076 78393.6640625
821.4414063 47449.2109375
822.4233398 12057.7265625
829.5057983 83466.09375
830.475647 43966.33203125
831.4622192 37511.35546875
832.4517822 16366.884765625
847.5070801 14356.9345703125
862.4360962 13660.0517578125
917.5281982 12625.8935546875
925.1600952 10115.935546875
933.5114746 45219.3125
934.5258789 27747.978515625
951.4378662 16186.2138671875
960.5247803 10343.615234375
987.5050049 18605.751953125
988.5147095 11021.0078125
1003.544861 11403.224609375
1036.439209 9837.50390625
1062.568481 35965.4375
1063.576538 32543.009765625
1064.550537 12296.2265625
