813.395306573046 2
57.35083771 3384.7346191406
58.06602097 4776.5224609375
58.13669205 3455.0676269531
60.0452919 16324.0087890625
60.05654526 7429.7124023438
61.01148987 50935.44921875
68.0503006 6785.8408203125
69.07084656 8395.9248046875
69.56960297 3509.6325683594
70.06595612 165657.53125
71.06921387 4124.9741210938
72.08158112 127711.5078125
74.06079865 59811.5078125
79.83718109 3617.3344726563
84.04516602 61537.7578125
84.08148193 97516.4453125
85.08483887 3270.4379882813
86.09710693 547273.6875
86.6046524 3589.2478027344
87.0558548 15076.28515625
87.10024261 31807.61328125
91.05466461 8470.1787109375
91.41651154 3594.0124511719
93.07042694 7747.0239257813
98.06100464 31538.51953125
101.0715103 68727.03125
101.1075211 9038.6220703125
102.0554886 34291.25390625
103.0546188 36631.37890625
103.4834366 3559.2099609375
104.0533981 348002.0625
105.0566635 17654.396484375
106.0490723 7582.2294921875
110.0713348 13153.7802734375
112.0873108 16293.4560546875
113.0713577 249941.8125
114.0744934 9228.802734375
115.0872269 19536.396484375
116.0709076 9133.060546875
119.0497055 4196.2895507813
120.081131 1907332.75
121.0845261 156659.0625
127.0866241 17977.12109375
128.107132 23096.37109375
129.102478 201101.34375
130.0653229 16565.90625
130.0865173 89126.390625
130.1060791 5188.1079101563
132.0809937 18450.689453125
136.075943 119372.0
136.0855103 7938.8383789063
137.0789795 6587.9643554688
141.0660095 5018.4018554688
143.0816956 18382.107421875
144.081665 4606.2578125
146.0635223 49038.77734375
147.0662994 4090.3881835938
147.1128235 192307.21875
148.116806 5838.4018554688
155.0815887 177463.671875
155.1174622 9074.224609375
156.0758514 6367.9086914063
157.0975189 16446.875
157.1335144 93085.703125
158.0926056 24750.07421875
159.0915527 45440.046875
159.1123047 5993.9448242188
161.0743866 61574.17578125
162.0912476 112238.7890625
163.0952301 8363.9345703125
166.0866699 4809.45703125
169.1342621 6991.3359375
170.0607452 7313.390625
172.1072693 8242.6513671875
173.1286316 394252.40625
174.057663 9083.9072265625
174.1311035 4769.2299804688
175.1190796 140057.703125
176.1212769 8640.6572265625
177.1024017 30209.345703125
181.098053 5113.7133789063
183.1134338 6692.458984375
183.1488342 5340.2924804688
185.1288452 22496.72265625
185.1656494 9525.212890625
187.0866852 5927.7744140625
187.1080017 6472.232421875
187.144165 7350.8134765625
189.0695648 18281.99609375
189.1028137 13987.7724609375
191.0850983 27750.31640625
191.118042 51389.265625
192.122345 5678.8364257813
196.1084595 3946.8791503906
197.1294861 8664.9306640625
199.1804657 53068.6484375
200.1398926 6230.4638671875
201.1066284 8321.1513671875
201.1233521 60501.12890625
205.0976563 23664.505859375
207.1128693 218443.296875
208.1162415 23205.16015625
213.159668 5638.5522460938
215.1387787 64716.68359375
216.1136169 8738.060546875
217.0975647 32349.603515625
217.1366577 8320.123046875
218.1018982 4465.5615234375
218.1513062 4882.2778320313
219.0795593 9561.4765625
219.1130981 4837.2807617188
224.6320801 14691.533203125
227.0657959 5722.6069335938
227.1749115 16265.4248046875
229.0995483 7234.6279296875
233.164917 5865.05859375
235.1078339 86840.6171875
236.1112366 4239.9848632813
242.1845551 4674.08984375
243.1111908 6684.6953125
243.1338654 142041.71875
244.1082764 7729.318359375
245.1307068 5283.7485351563
246.1559296 20285.677734375
247.2023621 3850.2966308594
248.1601563 7201.5029296875
249.1602325 29946.087890625
252.5165863 4320.2822265625
255.1469116 7499.1909179688
259.7805481 4338.9692382813
260.1967468 49954.35546875
261.158905 7962.4233398438
268.1113586 5418.9750976563
271.1777039 8406.7548828125
271.6865234 4176.0278320313
272.1737671 9214.3525390625
274.1551208 36611.98828125
275.1575928 5645.1240234375
276.1703796 21722.998046875
286.1220398 9252.2666015625
288.2036133 8876.935546875
289.1331787 9266.935546875
294.1815796 124999.8515625
295.1850281 20826.8125
301.1112976 4083.8862304688
302.1498718 120364.1875
303.1534424 24371.568359375
306.1589966 17623.6640625
308.9997559 4472.4326171875
318.1821289 8389.296875
319.1231689 4541.0717773438
319.1799316 5264.5395507813
320.1608887 37803.875
342.2043457 6380.3369140625
347.1684875 4186.1791992188
347.2290955 4963.95703125
348.1400452 7609.5317382813
351.163147 5072.2109375
351.2033081 85461.8515625
352.2063293 16784.8515625
356.2185059 83749.171875
373.2825317 34943.25390625
385.2564697 18224.828125
393.2240295 20482.201171875
394.2296143 8377.97265625
402.2134705 4331.8481445313
405.1954651 16950.064453125
419.242981 19717.3125
420.249176 5584.3666992188
430.2433472 21191.927734375
448.2556458 413718.5
449.2592468 101389.8125
460.2515869 4217.4345703125
484.3214417 17863.32421875
502.3246155 15666.0146484375
508.2583923 6069.3969726563
509.2571106 4417.5415039063
514.37323 6273.5346679688
561.2859497 17005.65625
562.2824097 5911.2622070313
579.298584 45826.3203125
580.2980347 14731.4794921875
597.4104614 7133.8837890625
615.4080811 53462.30078125
623.3336792 49664.0546875
624.336853 20419.09375
629.3918457 19441.794921875
630.3998413 8711.78125
637.2929077 7255.5483398438
666.3291626 44426.66015625
667.3308716 21210.95703125
