2680.26643394982 3
185.0550537 12232.255859375
185.1651611 53948.1796875
187.144577 87065.421875
197.1110229 17246.44921875
197.1290283 450615.625
198.1321411 18995.51171875
199.1807404 13657.4287109375
211.1437531 24874.32421875
213.1603699 21411.091796875
215.10495 16819.177734375
215.1394196 108398.765625
217.0820923 29488.310546875
217.1372223 30587.513671875
226.1190033 19145.201171875
227.175766 10784.84375
228.1705475 44198.94140625
233.1654053 20772.943359375
235.1090546 13957.4619140625
238.22229 10644.45703125
246.1819 305844.46875
247.1851044 45351.2265625
248.0687103 16132.296875
256.1315002 13719.5048828125
259.0408936 15865.740234375
260.0908508 12445.6298828125
266.1513367 17101.83203125
270.1807556 14648.5439453125
272.0875244 18494.322265625
274.1567993 14670.90625
276.0643311 103359.0390625
280.1641235 13386.1923828125
296.1987 161129.65625
297.2000122 22882.7265625
298.1428833 15188.0263671875
298.1747742 23584.73046875
302.1471558 13583.1123046875
310.2130127 276302.125
311.2164307 30184.509765625
312.1575012 15877.7958984375
314.2080994 24497.09765625
316.1511841 47859.42578125
319.1234131 47779.00390625
328.187439 47805.1875
328.2257996 51027.3125
341.1451721 12896.0263671875
345.2503052 56509.8671875
346.2559204 15024.3359375
347.1182861 26163.048828125
359.1725159 15911.9384765625
363.0985718 70240.9609375
371.1378174 15492.458984375
395.1937561 15953.2431640625
399.2982788 22199.521484375
409.2802124 18839.49609375
413.2048035 77204.2578125
424.2903137 12516.8623046875
427.2943726 51989.203125
428.1938782 49652.4453125
429.2370911 30655.978515625
431.2099609 14629.5087890625
442.3036499 1228164.125
443.307251 318189.6875
444.3112793 26138.6484375
456.1838379 17467.68359375
460.1105042 13570.0087890625
460.212738 14969.271484375
462.1461487 24948.51171875
474.1994324 209962.59375
475.2033691 17848.314453125
478.1259766 29331.59375
495.2721252 19158.328125
508.2798767 19939.376953125
512.2753296 19397.650390625
513.3434448 71993.4609375
523.1287231 21432.140625
526.2896729 52089.73046875
542.3230591 27434.560546875
543.2219849 53144.87890625
555.3911743 156544.109375
556.3951416 47830.47265625
561.2319336 62965.6171875
575.2450562 18163.060546875
601.1738281 15731.2294921875
607.3463745 18126.287109375
614.2921143 20564.666015625
625.3566895 28715.3046875
632.305603 19610.32421875
638.1609497 20464.412109375
642.293457 53015.59765625
643.3655396 61122.9921875
660.2962036 17653.650390625
664.3724976 15783.001953125
741.46875 64092.37890625
742.4769897 22354.98828125
775.3302002 159022.1875
776.3304443 67756.453125
797.4481812 15688.798828125
836.2694092 20797.521484375
846.3302002 21149.126953125
858.3654785 22328.91015625
876.3793945 26196.92578125
894.5786743 65589.078125
895.5917969 97196.1171875
901.4946899 114448.296875
902.5019531 28553.197265625
967.4579468 54178.2890625
1016.526794 88416.7734375
1017.526794 52996.8203125
1019.955627 46618.88671875
1103.564697 93764.609375
1104.561768 80957.6484375
1105.576294 18727.86328125
1114.62146 21225.083984375
1137.413818 66869.90625
1184.571533 28635.404296875
1185.568481 24889.671875
1186.588257 52133.08203125
1238.472046 24177.275390625
1263.595215 27121.5625
1378.624634 117586.9296875
1379.634033 105943.796875
1380.628906 26252.765625
2273.771729 17501.427734375
2662.518066 18952.548828125
