2952.47556202864 3
210.0266876 12568.0947265625
211.1077576 24632.224609375
215.139328 152697.796875
216.1402283 13740.1748046875
217.0800934 10705.82421875
226.0811768 17562.412109375
228.1343384 50579.19921875
234.1451721 25028.935546875
243.1113129 19872.458984375
243.1342926 333445.125
244.0934448 50532.4453125
244.1376343 27107.53125
276.104187 8455.669921875
321.1772156 53924.75390625
325.1543579 10182.294921875
326.1352844 18233.96875
327.1304321 17287.248046875
342.2034912 21117.82421875
343.1615601 53304.6875
343.2026367 10386.4638671875
408.2098999 126912.8828125
409.2109985 17950.30078125
442.2679138 15034.021484375
507.2781067 41483.5234375
594.3081665 17123.966796875
599.8584595 14213.048828125
600.3571167 15284.0224609375
604.9747925 14611.5400390625
681.3394165 34285.8671875
682.3429565 17332.56640625
768.3741455 103996.484375
769.3743896 21084.724609375
828.9082642 12867.833984375
840.421814 13784.443359375
865.4352417 56630.41796875
881.4550781 51762.265625
882.461853 18692.0546875
952.5063477 43463.76953125
953.5003662 14485.705078125
960.4818726 24239.115234375
983.0169067 41586.55078125
983.567688 12376.59765625
984.5908813 17836.650390625
985.5598145 69541.5234375
986.5390015 18912.8359375
1033.541382 16082.2041015625
1034.054199 16004.0693359375
1049.473755 17606.529296875
1062.071289 24949.400390625
1062.555298 42810.19140625
1063.552368 18946.0234375
1090.554321 83108.6640625
1091.059448 116182.0703125
1091.570557 62561.19921875
1092.060059 26109.38671875
1098.178223 15649.41015625
1125.563721 23530.294921875
1126.077759 43037.30078125
1134.080811 121278.09375
1134.578613 128583.5625
1135.073975 86431.84375
1135.575684 42380.07421875
1184.610474 123893.25
1185.099976 97670.515625
1185.612671 24650.46484375
1186.099121 23780.953125
1224.608398 43778.45703125
1233.622925 24928.609375
1242.115601 125335.5859375
1242.61731 215109.546875
1243.126587 122488.3515625
1243.621094 63553.94140625
1273.643799 15308.6474609375
1297.142456 20079.30078125
1297.63855 52183.66015625
1298.140503 67362.84375
1298.640259 24673.849609375
1299.114502 20257.4765625
1306.138184 48033.12109375
1306.652466 50079.85546875
1307.15564 41894.97265625
1307.661865 38179.91796875
1339.149048 16975.26953125
1356.178955 43606.1171875
1356.682373 50948.9375
1523.748901 24278.26953125
