1691.82283218994 2
120.0810699 10312.34375
129.0655518 16699.80859375
129.102005 82050.6328125
130.0863495 19305.578125
136.0757294 28895.59765625
138.4995422 7752.6337890625
143.1169891 9791.880859375
146.0922546 17245.0703125
147.1125946 27455.529296875
159.5803223 8833.1591796875
169.0970001 9223.0673828125
171.1138611 10700.298828125
171.6298065 7999.0986328125
175.1198578 15786.0009765625
180.8824921 9669.19921875
183.076416 12590.1572265625
183.1132507 21828.2734375
185.164566 20965.62890625
186.1240234 21024.283203125
197.1285858 65198.42578125
199.072052 9227.2490234375
200.1030884 141198.609375
200.13974 24079.505859375
204.1345978 129150.7890625
211.1082306 11149.6865234375
212.1030273 10674.5068359375
213.1598511 47569.3515625
215.1393433 191393.40625
217.1286774 15211.017578125
225.1236725 24529.26953125
228.13414 70279.953125
239.1135864 53524.32421875
240.0987701 90197.8828125
242.1518555 14297.302734375
243.13414 116357.8828125
257.1247864 63724.87890625
268.1650391 16880.279296875
279.1349182 69231.15625
283.0415344 11571.0791015625
294.1437683 15836.3408203125
296.1609192 57657.828125
302.0989075 54613.05078125
311.1358948 51003.625
311.171814 24254.103515625
313.1876831 65730.4609375
328.1622925 57970.015625
338.1834106 19258.3125
339.1659546 169512.859375
342.2042542 28293.28515625
356.1942749 98295.9765625
357.1798401 17716.16796875
358.1407776 10390.1064453125
359.12323 19080.521484375
367.1976318 189910.390625
368.1984863 18745.345703125
387.1953125 11247.130859375
393.1772461 15831.83984375
401.1700134 15075.0595703125
410.2044983 20121.224609375
424.2187195 30506.689453125
427.2345886 15787.5693359375
446.2358704 21049.380859375
467.2249756 23697.46875
470.2621155 13415.578125
482.224884 116583.46875
552.2735596 24470.3203125
553.2782593 13312.427734375
570.2863159 16353.76171875
595.2836304 15258.60546875
597.2528687 74264.1875
598.2559204 19206.453125
639.2745972 22746.81640625
650.2769775 17887.28515625
651.3508911 15791.6787109375
668.2890625 163749.625
669.2959595 67151.75
767.3581543 123330.4140625
768.3567505 22683.376953125
845.9269409 17785.25
846.4280396 19156.849609375
877.4170532 26499.1015625
878.3866577 85993.390625
895.4170532 24741.34375
896.4179688 18571.23046875
1005.461792 22119.23046875
1006.450195 122790.3984375
1007.465271 73817.1015625
1023.468445 56775.26953125
1024.483521 23862.8984375
1048.828613 17284.787109375
1106.519531 20643.67578125
1122.549194 108573.9375
1123.544434 25989.400390625
1233.570679 23318.123046875
1234.57605 18884.515625
1250.593262 23026.4375
1256.49231 15013.4169921875
1548.15332 15873.3935546875
