1294.58952066179 2
91.03561401 11456.8076171875
100.0509338 12391.6513671875
101.0713272 55670.91015625
102.0554504 120940.5
102.1508942 11539.650390625
103.055069 13217.9912109375
110.0717926 85979.015625
112.0873108 16825.109375
115.0503998 92756.2734375
115.0868988 19892.6171875
116.0710754 27233.0625
120.0810394 303486.25
121.0846786 21360.953125
126.0550613 104066.375
127.0867844 58232.703125
129.0659332 42737.1640625
129.102478 314846.125
130.0500183 12799.56640625
130.0649567 16092.0068359375
130.0861053 86605.359375
132.0812988 12057.529296875
133.0429993 16664.095703125
133.0614624 15325.80859375
136.0757751 56407.87890625
141.102478 13881.2958984375
143.1184998 15142.6298828125
144.0654449 16925.875
147.1130676 310420.5625
154.0499573 97620.7734375
155.081604 21022.1015625
157.0611267 13548.6884765625
158.0561981 184897.09375
158.0923767 72092.375
162.0903625 13019.513671875
169.0972595 15875.515625
171.0764923 91294.5
171.1124115 14286.068359375
172.1079407 17899.498046875
173.1284332 12896.0087890625
175.0540009 14333.162109375
175.1191559 187586.859375
181.061264 16308.47265625
181.0964661 16519.24609375
183.1129913 39640.92578125
183.1488647 11824.2021484375
185.0563507 19369.3203125
186.1232605 14021.7890625
187.1446838 65245.21875
189.0870819 331307.625
189.1027222 21727.1328125
197.1286011 17928.40625
199.0707245 82750.0234375
200.1400299 18270.46484375
201.1234589 55943.99609375
204.1343536 19498.82421875
207.1133881 49876.328125
211.1073761 11838.2802734375
211.1438446 14492.181640625
212.1022644 16400.986328125
215.1148987 70377.6796875
215.1388245 97308.15625
216.0984955 63782.88671875
217.0813904 193595.203125
217.098938 35901.01171875
217.1331482 158609.8125
219.1489716 52192.13671875
220.0918732 12140.8134765625
226.0823822 113425.375
226.1191254 74179.0703125
228.1344604 73383.796875
229.117157 43698.78515625
232.1402893 142251.1875
233.1434479 16582.025390625
234.1448517 15098.5712890625
241.0822296 16542.44140625
242.1861572 12996.3369140625
244.0926208 152629.4375
244.1307831 16501.767578125
245.1286316 166102.375
247.1449738 21325.736328125
249.1225891 15294.7177734375
255.1438599 18472.91796875
257.1245728 120641.7578125
260.1376038 18699.75
260.1974182 62410.97265625
262.1393738 26443.11328125
263.1391907 27849.71875
272.1701355 13932.7890625
276.1708069 16154.615234375
277.1184692 18089.931640625
283.1395264 44054.53515625
286.1540222 26335.64453125
288.1341858 22566.001953125
288.205719 35810.46484375
294.1816101 122329.1796875
295.1846619 14408.50390625
296.0900269 13975.080078125
299.1729431 16533.06640625
309.121582 15171.4326171875
309.15448 16096.9287109375
310.103302 18089.375
314.1793823 16286.142578125
314.2099304 23309.236328125
317.2174072 13153.5390625
326.1701965 47615.8984375
331.1263428 28976.63671875
331.209137 198046.0
332.2120972 22472.5859375
337.1133728 15113.5380859375
338.0967407 22739.873046875
339.0870972 11555.03515625
354.1772461 18606.787109375
355.1249084 23667.939453125
356.1087036 23426.564453125
358.1749878 12886.052734375
361.2449036 75888.71875
362.2471313 22393.220703125
369.1909485 28245.30859375
373.1347961 86824.3984375
373.22229 15926.9794921875
374.1351318 14968.06640625
375.2366943 19385.408203125
376.1858521 46739.421875
387.1991882 45867.30078125
388.2023926 22442.2109375
391.2337646 636446.25
392.2375793 148760.65625
397.1368103 17155.52734375
425.1278687 12344.78515625
431.2596436 14800.90234375
439.3407898 13478.3935546875
443.2273254 12811.220703125
460.1661987 15924.1923828125
460.2519226 211562.5
461.253418 57643.76171875
472.2769165 64146.01171875
473.2778625 21605.583984375
490.3033447 17209.10546875
491.3102417 13386.2802734375
520.2077637 13231.703125
526.1796265 17581.5390625
559.3201294 258170.484375
560.3225708 54889.60546875
603.3132935 69422.0625
604.3317871 80302.0703125
605.3458252 20323.54296875
630.3228149 21797.892578125
646.3865356 55902.5
647.3468018 196754.734375
648.3274536 47958.171875
652.4158325 25780.478515625
663.0394897 16573.0859375
706.3884277 403806.59375
707.3890991 136356.34375
708.3837891 16489.666015625
749.4649658 155163.03125
750.4634399 83560.0546875
760.4152832 12647.5458984375
817.411438 55273.1953125
818.4144287 19478.5078125
835.4302979 254133.796875
836.4389038 97739.125
946.460022 17286.4921875
964.47229 95171.2109375
965.4732666 24930.025390625
1061.480469 70387.859375
1078.516357 112923.546875
1079.50769 70170.765625
1080.520386 16170.3369140625
1218.527222 17659.93359375
