2349.10171904909 2
175.1188812 4924.02734375
185.164444 12575.791015625
187.0713959 6198.625
196.7722473 2235.2561035156
201.1233673 2397.7290039063
209.0940704 3047.9772949219
213.1603546 7068.8198242188
216.0971832 4340.4594726563
226.1202698 3151.6860351563
230.0769043 7034.3564453125
235.5392151 2915.193359375
241.0824127 3712.4182128906
244.093277 3755.4641113281
247.1086121 4822.3759765625
251.1027985 7664.62109375
259.0925903 5944.3227539063
279.098938 3431.2192382813
284.1206055 2761.63671875
284.197113 2873.6496582031
293.1138916 6235.76953125
307.1448059 3235.3471679688
326.2785339 3305.18359375
329.1492004 3517.3540039063
345.1062317 5216.005859375
350.1375427 3986.9128417969
408.1400146 5274.1840820313
423.2218018 4237.576171875
430.3038025 18901.572265625
473.1659241 6954.8251953125
528.265625 3828.6950683594
546.217041 4436.9868164063
558.260498 4402.4013671875
674.3781128 7907.8168945313
805.4096069 5107.2216796875
828.3670044 4998.22265625
968.4720459 13674.54296875
1081.565552 5937.1528320313
1175.632935 23013.65625
1176.63855 12856.234375
1196.589111 5126.8193359375
1267.622803 18800.650390625
1268.632813 5133.8510742188
1430.66272 6825.4848632813
1431.700684 5750.2817382813
1577.736816 5567.6948242188
1578.763672 5635.798828125
1644.790039 6618.06640625
1665.779053 6262.447265625
1695.117676 4220.1791992188
2145.291992 5030.4057617188
