846.395153513862 2
59.21170044 15219.5400390625
63.90142822 12285.705078125
70.065979 90923.25
72.081604 33684.48828125
74.06046295 18201.400390625
75.41617584 13811.248046875
84.04508209 183573.53125
84.08152008 74437.5546875
86.0971756 358091.90625
101.0713882 15566.8828125
102.0555649 183867.375
109.2470093 14293.263671875
115.0873184 14791.6748046875
120.0810776 70471.4609375
129.1024475 86788.265625
130.0501099 21444.404296875
130.0857086 18630.451171875
147.1126556 21406.767578125
155.0816345 232527.375
156.0853271 25610.486328125
173.0924683 72414.21875
175.1192169 200117.734375
183.0767059 90620.6875
211.5128479 17712.962890625
227.0666199 26031.19921875
230.0773468 22081.826171875
246.1520386 14524.9931640625
288.2034912 62281.0703125
306.1437073 18349.796875
326.1847839 16346.142578125
347.2053528 17685.763671875
402.2454529 90689.3359375
470.3096313 23069.9375
517.2715454 98310.0
548.7323608 17507.19921875
582.6691895 16963.04296875
589.328064 21029.3203125
628.2997437 71319.1953125
646.3178711 31274.732421875
754.3828125 16581.19140625
