2153.00152095541 2
154.2735596 12256.2197265625
163.6655273 11409.564453125
167.3729553 11268.3798828125
169.0607452 12684.599609375
185.0563354 28727.359375
186.0876007 148717.6875
197.1288757 18347.560546875
199.1804504 17626.35546875
201.1237488 38723.32421875
203.1141663 24598.50390625
228.1335297 28026.072265625
229.1172333 21419.5703125
230.0601501 15898.7158203125
243.1339569 67575.984375
254.1504364 22167.3828125
276.0648193 224731.0
294.1816101 102956.203125
297.1208191 20830.18359375
299.1720276 20950.5625
316.3711853 15438.912109375
346.1178894 27620.658203125
356.217041 26785.48046875
358.1644897 32939.09765625
370.1382751 26619.599609375
387.0965881 66953.875
389.1482849 117586.125
404.1236572 70600.6640625
407.2691956 23520.287109375
426.1122437 19358.66796875
444.1225891 37300.42578125
461.1478577 110649.296875
471.2427368 21623.130859375
490.2001343 16453.349609375
494.296875 66365.875
500.1773071 22746.98828125
518.1920776 85817.046875
519.1976929 19739.396484375
529.2092896 71850.3828125
546.2359009 32208.603515625
556.2199097 28349.03125
574.227417 27945.015625
608.338562 101615.8984375
613.2659912 22493.912109375
631.2804565 36597.55078125
642.2991943 25308.82421875
685.2662964 26454.31640625
703.2806396 35982.83984375
737.390625 27509.908203125
782.3047485 30994.744140625
799.3358154 26734.498046875
800.3197021 22473.2890625
816.3553467 29457.357421875
851.4379883 25151.412109375
994.4266357 71296.890625
1011.461426 230496.6875
1012.461304 106054.4609375
1110.517944 139458.515625
1111.53064 86757.3046875
1190.512817 33761.03125
1224.567139 346169.65625
1225.563965 191695.828125
1226.56604 62907.1796875
1337.650269 227799.609375
1338.648193 84578.2734375
1434.688721 24830.13671875
1450.747681 126910.4296875
1451.745605 104866.1328125
1452.731201 41105.0390625
1579.78064 75553.375
1692.863159 32281.05859375
