1602.89049226419 2
120.0807037 177624.65625
129.1021576 143306.125
130.0650177 34357.12890625
136.0682831 27232.912109375
136.0758057 457867.5
145.5316467 21753.435546875
147.1132355 48324.9921875
157.1333923 71407.1796875
159.091507 212926.5
169.1336823 139281.328125
171.1125946 37309.40625
171.1492004 701761.625
172.1525879 34033.59765625
175.1185608 43126.76171875
183.1502991 32533.6640625
185.1286469 83696.1484375
187.1443939 432447.9375
188.1476288 58895.13671875
197.1288757 130757.703125
199.1443329 1065712.375
200.1477509 58331.83984375
204.1352539 56705.08984375
207.1130829 79927.328125
213.1595154 59733.546875
215.1384583 129463.71875
230.1292114 62625.03515625
231.1131287 41227.8828125
235.107132 141145.109375
242.1496582 52747.73046875
258.1248169 45899.234375
259.9321289 33183.796875
265.1181946 48445.23046875
270.179657 31960.013671875
282.7850647 36157.09375
284.1974182 188609.15625
293.1134033 210478.1875
305.1813049 40758.1796875
312.228241 393745.0625
313.2322998 58243.75390625
343.1984558 86088.5
344.1957397 56674.73046875
348.191803 78722.421875
351.2022095 55511.0703125
355.2728271 36966.53125
357.1963196 41538.359375
362.2034912 328096.4375
363.2032166 41516.79296875
364.1484985 46034.3984375
371.2059326 36834.9375
383.2079163 243376.84375
383.2630615 128639.765625
426.2492371 46515.5
447.2618408 43212.9765625
454.2471313 421845.6875
455.2479553 140108.203125
475.2882996 292363.8125
494.240387 42418.7109375
531.2817993 44318.37890625
536.5740967 43946.47265625
546.3291016 349878.59375
547.3317871 67942.53125
549.3076172 212676.609375
550.3081665 171087.65625
565.276123 64152.203125
567.3376465 48333.28125
583.3010254 50374.94140625
709.3319092 54837.2578125
710.3428955 47625.6015625
732.4034424 319540.375
733.4084473 176652.515625
746.3624268 57223.7421875
759.4221802 71356.765625
802.4205933 147348.953125
803.4158936 46919.4921875
831.46521 59244.5
910.5264893 53389.19921875
923.977478 47942.26171875
928.5233765 750398.4375
929.5274048 363811.0625
1011.452393 48685.26953125
1039.560913 62514.09765625
1057.573242 212356.578125
1058.564941 78197.2421875
1110.505981 48720.16015625
1220.63269 213570.578125
1221.635742 146996.328125
1224.592773 53429.53515625
1291.673706 71020.4140625
1292.677124 70471.0859375
1293.634521 51162.65625
