2519.21083021581 2
182.4894409 2980.9755859375
197.1287537 8502.5234375
214.098175 4555.056640625
216.0979919 19248.1015625
222.3198395 3736.8588867188
224.1026764 3482.0476074219
249.842041 4477.7006835938
284.1040955 19729.451171875
289.097229 8243.9296875
301.1300659 17238.82421875
313.1156311 8105.5239257813
317.2192688 8104.083984375
324.0982361 6728.7314453125
331.1244812 5395.9814453125
346.1160889 4614.3017578125
347.119751 4328.4487304688
355.1294861 4692.6484375
373.1360168 6280.4326171875
385.1557312 4222.5756835938
387.1598206 4280.1137695313
389.276123 3852.697265625
398.2869263 4647.9702148438
402.1757202 6377.8774414063
428.2530518 4616.2680664063
432.1687317 6096.5307617188
452.6600342 4928.1538085938
459.1990051 7085.2924804688
486.2203674 6145.3461914063
500.1797791 6758.7998046875
500.2608032 4754.693359375
517.2072144 9179.1328125
528.2098999 7447.943359375
586.22229 5572.8706054688
605.3071899 69730.6484375
606.3105469 6884.984375
670.350647 5733.3974609375
675.7890015 4827.48828125
714.2848511 7585.9702148438
715.2719727 19574.740234375
718.3956299 18175.009765625
811.3547974 6406.3881835938
828.340271 6153.2275390625
829.4188232 8622.6396484375
846.4494019 24182.265625
961.4765015 18666.470703125
962.4922485 6298.8315429688
1000.311646 5555.7846679688
1090.516479 31921.158203125
1091.520264 21409.1171875
1092.528442 7061.68359375
1147.636108 6328.6118164063
1148.621704 7704.197265625
1203.605347 19862.818359375
1204.61377 10441.912109375
1258.659302 7069.3564453125
1259.664917 20520.78515625
1260.668579 10153.056640625
1274.631104 36579.4765625
1275.648682 27247.388671875
1276.656372 10034.150390625
1387.729126 22414.775390625
1388.725342 22051.279296875
1516.763916 8045.421875
1618.776733 6333.7114257813
1674.838135 53317.98828125
1675.826538 33797.515625
1676.83606 17588.8671875
1787.923096 15382.6474609375
1788.928467 16720.30859375
