1510.7928287939 3
110.0717087 9809.283203125
112.0873871 4221.904296875
115.0506363 8663.4775390625
115.0870056 14423.78125
116.0713272 4397.6826171875
119.0494461 4294.119140625
120.0811539 113267.40625
120.0896988 4859.4848632813
121.0845032 13166.41796875
127.086731 8553.7060546875
129.0665283 9040.1845703125
129.1025391 42472.66796875
129.1117249 3559.5476074219
130.0653534 15124.78125
130.0866089 14406.5498046875
130.1060638 3969.7431640625
131.1180878 11998.7509765625
132.0811005 3130.7333984375
132.1025238 2350.5834960938
133.0433655 10941.0810546875
133.0609436 9379.7802734375
134.0449066 2694.0627441406
136.0759125 87543.734375
137.079834 3669.9848632813
139.0489197 2491.6870117188
141.066925 3261.1496582031
141.1019287 5346.517578125
143.1181641 17287.80859375
147.1126404 22304.91796875
151.4561615 2155.4953613281
155.0816498 9409.97265625
155.118454 2375.2189941406
156.0766907 3027.5456542969
157.0974884 4393.93359375
157.1334076 8689.7900390625
158.0923309 17680.765625
159.080368 2984.6037597656
159.0916443 24249.09375
160.0942841 3764.1945800781
169.0972595 8910.966796875
169.1338959 9970.255859375
170.0605011 3760.6350097656
171.1130066 9910.9619140625
173.1283264 9260.0908203125
175.119278 61847.85546875
176.1222076 3616.0766601563
183.1134033 9730.9580078125
183.1499939 11900.806640625
185.0924835 4821.83203125
185.1290283 4521.1015625
185.1650543 17008.384765625
186.0882416 10728.24609375
186.1239014 16065.849609375
187.0901184 2177.4389648438
187.1080475 11357.259765625
187.144455 10232.8857421875
188.0707092 11448.2236328125
190.0988159 2499.0209960938
197.1287384 14143.2841796875
199.0715637 2945.4016113281
199.1808319 10316.9892578125
200.140564 3338.5573730469
201.1230927 16739.189453125
204.1341553 2848.7697753906
207.1134796 17300.642578125
211.1449738 12725.388671875
212.1014709 3041.4916992188
213.1597595 12715.779296875
214.1184082 30090.990234375
215.1030121 9123.435546875
215.139267 16147.2578125
217.1338043 2673.3542480469
219.1493683 10291.3369140625
221.1283875 8726.1416015625
225.1233978 11124.15234375
226.0834656 3363.3635253906
226.1195221 14493.2890625
227.0670929 3233.8071289063
227.1750031 8438.3271484375
228.1344147 15089.578125
229.1196136 3894.7194824219
230.112915 2928.9311523438
233.1645355 3349.8193359375
235.1070557 8723.4443359375
240.1334991 4633.0048828125
242.1500244 38673.55859375
243.1342926 11513.3671875
244.0931549 10632.748046875
246.1282501 3263.806640625
248.1613312 8678.0283203125
249.1602325 11539.9462890625
258.1084595 3386.4558105469
260.1966858 10311.033203125
263.137085 3790.244140625
268.1676636 4169.1123046875
271.1422729 3480.8894042969
271.1755676 3642.9318847656
272.1257324 3030.2270507813
276.0664673 2709.076171875
280.1664734 2852.0979003906
284.196991 2820.0617675781
285.1555481 2798.75
288.2038574 8959.8896484375
289.0963745 5134.4853515625
290.0799561 2822.3049316406
294.1806335 2568.6223144531
305.1610107 11886.3251953125
312.1564331 2934.4267578125
314.6912537 4281.5517578125
322.1872253 10302.27734375
324.191925 3317.4675292969
325.1903076 4069.7014160156
341.2168274 3028.7145996094
342.2017517 4506.3203125
353.1824341 3571.3903808594
354.1663208 5027.61328125
355.1746521 4550.1538085938
357.1771545 4093.7397460938
361.1177063 2774.8732910156
366.1785889 3982.6145019531
371.1922607 36404.19921875
372.1958008 5048.1127929688
384.2220154 3376.2143554688
392.1911316 3416.9052734375
409.2182922 43358.9921875
410.2218018 9976.0849609375
423.2367859 8025.7265625
425.2374878 3283.2797851563
466.2587891 2426.0390625
470.2648315 3611.1831054688
474.2697449 2604.0891113281
484.2782593 17540.703125
485.2765808 3263.3779296875
489.276886 8930.41796875
503.2358093 3412.6831054688
531.3261719 4617.1166992188
532.3312988 2731.6281738281
551.2902832 11695.1357421875
552.2978516 3123.5158691406
554.2731323 2685.9951171875
555.2574463 4290.2563476563
555.3479004 2656.2060546875
572.2833862 81085.5625
573.2831421 26255.26171875
574.2910156 3190.2783203125
583.3441162 3545.6887207031
628.3796997 31903.1953125
629.3807983 16550.310546875
630.3839722 4484.076171875
631.3755493 4278.7348632813
643.4140625 3535.736328125
650.3583984 10633.84765625
651.3670654 4302.0551757813
658.4098511 3665.408203125
668.3239136 2809.0725097656
676.3983154 4536.498046875
685.3651733 22271.60546875
686.3638306 2805.83203125
699.4140625 12906.8720703125
716.3526001 3930.0871582031
731.3786621 9516.6044921875
762.4290771 2646.0346679688
764.4384766 3564.8784179688
775.4363403 4002.9138183594
776.444397 4782.6748046875
796.3931885 10726.265625
1503.792358 2926.5163574219
