2470.15126192213 3
175.1187897 62381.25390625
178.0523529 6687.3603515625
181.0602722 9110.283203125
185.0926056 9062.056640625
185.1273956 7367.9790039063
197.1282043 17390.294921875
198.0880127 7729.4663085938
199.0710144 49207.2109375
203.1215973 15925.7294921875
212.1025238 18077.904296875
215.138855 40327.34375
216.0988464 8458.5029296875
217.0815735 43020.2265625
217.1375275 11341.216796875
226.0819855 35590.921875
230.1495056 38343.61328125
231.0621033 11980.34375
233.1283112 15794.1455078125
237.1334076 37659.6953125
242.1130371 10102.32421875
243.1084137 64566.30859375
243.1324768 29141.146484375
244.0926361 47178.18359375
245.0771942 12350.6416015625
245.1308441 11377.7529296875
248.1607666 11830.341796875
261.1231079 43402.36328125
270.108429 166530.390625
271.1119385 13254.333984375
288.1175537 94227.078125
288.2035828 288919.46875
289.2063599 41630.08984375
311.1357727 15777.5673828125
312.1547852 11889.6689453125
316.1695557 9483.1005859375
329.1465149 53612.4765625
330.1293335 13159.697265625
330.1660767 37738.57421875
337.1639709 12679.2158203125
342.1761169 12269.30078125
347.1558838 11900.6318359375
350.2218323 13872.8720703125
360.1031189 13719.3349609375
365.2179565 39948.80078125
373.208313 13236.1767578125
374.1221619 13414.984375
374.2089233 10715.681640625
378.1781921 9107.0244140625
383.1930237 11825.033203125
391.1702576 10705.5771484375
401.204895 21264.30859375
439.2167053 18671.78125
442.2292786 67412.3046875
456.2526855 10120.341796875
460.2411804 32584.73828125
489.1463928 21231.5859375
502.2675476 11318.408203125
520.2630005 13978.3623046875
531.2814331 47315.65625
547.2850952 37635.79296875
598.2436523 9723.6552734375
633.3208008 18225.4609375
638.9312744 10684.2587890625
660.3651733 17992.92578125
673.265625 21337.017578125
676.3502197 12511.6064453125
716.3703003 15882.5029296875
775.4041138 35845.0859375
781.4511719 41239.5078125
795.6360474 11119.0107421875
805.4081421 33458.6015625
807.4263306 16913.2734375
816.4104004 13236.9248046875
823.4780884 20944.490234375
824.4542236 160637.3125
824.916748 18477.60546875
825.4457397 68542.3515625
861.4398804 11199.4501953125
874.4560547 39870.1875
902.4589233 313728.21875
903.4656982 180120.640625
904.4624023 52460.87109375
920.4160156 17892.10546875
920.9196777 21192.58984375
938.3919067 13460.9873046875
969.9551392 41660.8203125
970.4592896 20088.662109375
970.9581299 17735.3125
972.4384766 12130.8046875
985.501709 14611.34765625
992.5072021 55945.09765625
1002.516052 20828.201171875
1003.526855 17621.259765625
1021.510864 14993.7041015625
1035.477783 14140.8466796875
1035.979126 22395.3125
1036.48645 35882.16015625
1037.45874 15927.0615234375
1039.519409 112057.6875
1040.523438 69487.4140625
1116.589111 13693.6396484375
1144.503174 13368.1484375
1150.534546 13783.9521484375
1167.569824 43158.44140625
1168.564087 41804.54296875
1226.597168 17612.724609375
1237.589111 33569.8984375
1238.621094 76881.234375
1239.619141 44563.484375
1240.616333 20580.013671875
1290.581055 20963.525390625
1351.683472 18064.15234375
1375.727661 67882.46875
1376.724243 55642.8671875
1377.713379 16712.017578125
