1836.78785467353 2
129.0661011 2510.3896484375
129.1022949 5549.9370117188
145.0601349 5004.8999023438
172.0714264 7677.2197265625
173.0558472 28899.001953125
175.1180267 3553.7409667969
183.1131897 3869.8049316406
185.1648407 3842.9533691406
186.0874939 7228.9106445313
189.0457001 2620.4655761719
190.0827179 30033.8359375
228.1349792 5983.6640625
244.0913696 3024.4035644531
253.0942688 4256.2060546875
260.7876587 3061.927734375
266.0764771 4222.6020507813
275.1239929 3245.7060546875
283.1037903 22641.326171875
285.1560059 5973.4599609375
301.1142883 137924.734375
302.1171265 18092.0
355.1604309 5967.5322265625
357.1785278 3932.8715820313
368.120575 4548.80078125
372.1865845 13448.0634765625
390.1550903 5330.6176757813
400.183075 51705.74609375
401.1886902 5124.7216796875
444.2825623 7964.7006835938
468.2472839 4185.6069335938
505.1843567 7410.0327148438
590.2667236 4698.9345703125
610.2481079 5956.1381835938
628.2583618 25483.251953125
629.2630005 4563.9096679688
649.8137817 4762.2758789063
650.3181152 3848.3056640625
697.2937622 6797.6176757813
720.2832031 3776.7517089844
765.3156128 30011.37109375
766.3167725 14350.6845703125
772.3580322 4277.3129882813
776.3479614 4826.875
806.3666992 4488.791015625
821.3272705 4455.6376953125
831.8525391 4547.3466796875
919.4433594 13150.4560546875
920.4233398 5118.9399414063
980.4049683 12600.169921875
981.4196777 5155.1015625
991.4612427 4951.810546875
1019.480835 7534.3422851563
1020.480164 4351.4721679688
1063.455566 6465.671875
1064.419067 6931.552734375
1065.430054 5948.9438476563
1081.25 4338.1870117188
1081.464966 16356.3564453125
1082.447266 7568.93359375
1177.469604 11904.7802734375
1192.497192 13694.970703125
1210.506592 6629.6884765625
1211.535889 4795.4360351563
1229.598999 7270.2368164063
1230.591797 4867.7797851563
1290.52478 5219.2114257813
1307.523438 7759.4819335938
1308.538452 5561.0146484375
1324.545044 29907.58203125
1325.543335 26368.45703125
1326.541382 6760.4990234375
1437.610718 27875.345703125
1438.613525 26777.90234375
1582.205322 4760.5966796875
1892.910522 5101.3486328125
