2053.081472183 2
147.1123505 8981.6083984375
157.133316 7420.4194335938
158.703125 5442.2119140625
167.0820007 7094.39453125
169.0990753 6416.5063476563
175.1190796 14257.3134765625
180.2079315 8062.9873046875
183.1119843 8675.6611328125
185.1281128 11890.6982421875
187.071167 14716.396484375
197.1272888 11177.802734375
200.1020966 9056.6787109375
201.0865479 11222.30859375
201.121048 6754.4370117188
215.1389923 19285.357421875
226.1179962 53882.0859375
235.1078796 15432.6826171875
240.0965271 14964.76953125
243.1339111 34418.171875
258.1084595 40619.0703125
277.1568909 8259.5869140625
296.1575623 7987.2543945313
297.1591797 10422.7705078125
298.1040039 18384.951171875
300.1571045 9488.9970703125
311.1351624 13037.6748046875
314.1732483 9322.5810546875
316.1144714 16147.94921875
323.1369019 13807.609375
325.1878052 45838.1875
329.1498413 8366.1064453125
343.1959839 12095.859375
369.1406555 16337.3427734375
371.1929321 16374.8916015625
375.2241516 40337.02734375
387.1517334 10081.8857421875
396.2221375 13975.9296875
429.196991 11242.6376953125
442.2312927 15586.638671875
454.2313232 51950.33203125
455.2192078 40667.54296875
472.239563 16176.0947265625
482.2255859 16059.4638671875
499.2465515 9546.80859375
500.2397461 33322.20703125
518.3660889 9356.7255859375
543.2887573 11409.451171875
568.3042603 11939.14453125
582.3184814 13361.6083984375
583.3052979 13181.1748046875
597.9859009 9358.5205078125
600.3359375 239409.34375
601.3411255 66046.7421875
613.3165283 9577.6513671875
614.3125 10439.2236328125
629.2805176 11352.037109375
671.3719482 51176.109375
715.3719482 34535.37890625
757.3381958 9673.4619140625
829.385376 11431.5703125
886.4633789 97305.953125
887.4729614 34326.53515625
911.4946899 96199.421875
912.4937134 20109.84375
941.4603271 13103.619140625
985.5219727 39920.03125
986.5099487 32435.353515625
987.5002441 15006.8681640625
999.5552368 63842.33984375
1000.551514 41725.62890625
1026.54248 14530.8515625
1027.591553 16919.802734375
1028.578369 16827.109375
1056.551514 19767.25
1097.417236 11956.8583984375
1112.631836 52788.6484375
1113.636841 16598.6875
1183.677734 44095.734375
1184.658203 16855.001953125
1237.577148 12038.9013671875
1286.688232 11974.357421875
1294.704468 14031.26171875
1311.73999 16205.9296875
1318.685059 18520.318359375
1441.759521 14275.0341796875
