1981.86873588783 2
143.117691 39829.90625
147.1127777 7750.181640625
148.694809 5480.8041992188
149.7268066 5359.8046875
150.0921021 5179.0571289063
159.0914917 5951.0434570313
171.112854 17696.4765625
175.1184998 11419.7578125
231.5002441 6143.8955078125
252.1079102 7528.8369140625
268.128479 9486.9755859375
300.155365 11544.0703125
310.1769409 8546.4189453125
389.4203796 8897.9609375
399.1184082 8795.2392578125
457.2467651 11113.359375
500.2081909 9574.0498046875
528.1594238 10597.240234375
632.3045044 8220.1181640625
991.4785156 33515.01953125
992.4960327 16142.693359375
1150.542847 28242.861328125
1151.526611 35918.31640625
1152.546875 15008.255859375
1395.068237 10825.8115234375
1435.654907 33493.6328125
1436.653198 30259.4453125
1437.644043 13888.8203125
1695.098145 11767.91015625
