1820.88990282354 2
127.0865021 37461.0625
129.0653839 4425.91796875
129.1020203 35406.296875
130.0507202 4696.8657226563
130.0654449 5677.7602539063
130.0862122 13237.2685546875
136.0754242 32704.22265625
143.1174469 8932.9365234375
146.0639801 5913.5883789063
147.1125488 16293.265625
155.080658 5596.5034179688
158.0449829 12964.64453125
159.091507 30474.291015625
166.0858002 30444.06640625
169.1333618 7305.4409179688
174.0579224 6185.8125
174.110199 5529.6938476563
175.0900421 26475.2421875
181.0600891 5797.7583007813
183.1123962 7865.443359375
183.1489868 9926.365234375
185.12854 6359.3442382813
185.1647034 7260.8090820313
199.0719147 6123.2143554688
199.107666 6246.7314453125
200.1392822 4992.6635742188
201.1231384 12694.203125
202.9990692 4992.634765625
203.0666962 9198.515625
203.0851746 12674.6494140625
211.1075287 7745.2690429688
211.1438751 6922.65234375
212.1021118 6463.599609375
213.0874176 8131.2827148438
213.1599121 7484.4448242188
216.0975647 8498.59765625
223.5541992 5313.3745117188
226.0820465 34083.58984375
226.1183014 5539.2407226563
227.0662231 14175.306640625
227.1034393 47700.16015625
228.1346436 46230.12109375
229.0990906 8519.365234375
231.0616913 33171.375
231.1140747 11687.7900390625
237.1226501 7045.4829101563
241.0827789 31718.466796875
241.1074219 5397.189453125
242.1501923 8193.5546875
244.0927887 68966.890625
246.1269379 7962.4233398438
248.1394043 9258.689453125
252.0996552 4991.0903320313
254.1499023 8315.9462890625
256.1660767 10931.0224609375
258.1086121 13226.751953125
259.0921326 93562.75
260.10672 10692.5830078125
273.0718689 15264.3349609375
276.134552 8410.455078125
284.1269836 9530.98046875
293.1088562 7198.0366210938
298.1036682 7478.6494140625
298.140564 5704.7265625
300.1562805 38289.42578125
307.1443787 31804.91796875
311.1714172 8580.3125
313.1539917 10316.150390625
315.1298523 46302.6875
317.2183228 30069.470703125
318.2217407 6021.3662109375
322.1564026 7230.3930664063
326.1725159 14284.7529296875
331.1399231 6840.3916015625
334.1791077 6051.90625
341.1091919 11841.130859375
341.2189331 13004.248046875
354.1671143 41788.84375
368.2269897 8496.5634765625
369.141449 30075.80078125
370.0877991 8764.181640625
371.1341858 7166.126953125
371.1933594 26285.1171875
372.1779785 65223.171875
373.1828308 7418.0302734375
375.1331787 29227.15234375
386.1697083 12548.7177734375
388.0992432 92664.5390625
401.1436157 9413.2431640625
407.1728821 27886.888671875
411.1865234 11390.56640625
413.1839905 36169.078125
414.1824036 8258.4931640625
423.2028809 31492.052734375
425.2384338 14020.32421875
452.4640808 6795.8393554688
454.2374268 9899.0234375
455.1816406 7701.0034179688
469.1637878 7202.2041015625
472.2527161 14615.3466796875
473.1900635 56542.21484375
474.1745605 6890.9404296875
480.2834167 63868.61328125
482.2245483 9558.033203125
495.2061462 14004.8974609375
500.2294617 7084.271484375
501.1834106 116345.2109375
501.2493286 8511.6318359375
502.1864929 10590.328125
517.2072144 12988.2177734375
572.2208252 120937.0625
573.223877 15536.9384765625
630.2886963 9183.6875
633.2705078 9927.8505859375
634.2703857 8498.994140625
639.2625122 38727.125
643.2590942 43805.1640625
644.2593994 13116.7197265625
666.3605957 31125.02734375
667.3640137 11195.96484375
746.357666 11220.3115234375
753.3057861 11952.9755859375
756.3465576 8926.3623046875
868.3338623 14622.7685546875
869.3306885 26853.392578125
884.4958496 9569.1279296875
892.4559937 105365.7890625
893.4541016 40216.11328125
894.4486694 10572.5615234375
967.4072876 36458.64453125
968.397644 28761.306640625
969.4013672 9363.693359375
975.4508667 9830.1337890625
1005.541138 37083.55859375
1006.539917 22768.802734375
1066.467041 33125.03125
1067.482056 14604.2734375
1120.561401 35575.765625
1121.579102 24999.716796875
1164.585938 9384.12109375
1179.536743 25461.154296875
1191.608398 51225.36328125
1192.615112 50323.5234375
1250.616211 9977.84375
1277.674683 10316.4677734375
1299.660889 12401.9814453125
1304.683105 26655.55859375
1490.743042 13044.8837890625
