1891.99482177542 3
133.0431824 14799.9150390625
133.415741 10032.9736328125
136.0754089 26352.53515625
147.1127167 36514.23046875
147.5625 10227.689453125
155.081192 92798.7109375
158.0921326 15349.8095703125
161.5226593 11990.4267578125
169.1336975 23413.412109375
171.1128693 13098.5263671875
175.1190491 89330.953125
183.1129608 28838.529296875
185.1650696 15287.1953125
186.0877991 28762.0546875
187.0712585 16097.4462890625
191.1178741 110585.078125
192.1213989 19585.048828125
194.146225 11996.234375
196.7162933 15869.408203125
197.1289825 22392.62109375
199.1802826 36368.0390625
205.0962982 15349.2109375
212.1023712 14797.5693359375
215.1392975 14717.005859375
217.0826416 29122.58984375
219.1125183 62288.328125
225.843811 12250.8251953125
227.1755829 13915.013671875
228.133667 25103.68359375
229.0953827 15885.4921875
229.1184235 26109.521484375
231.1127014 20269.13671875
231.3141785 12244.2509765625
232.1407623 36715.12890625
240.1683655 14408.685546875
242.1493835 16255.98046875
245.0763397 17791.931640625
249.1232452 18743.72265625
261.1262512 18319.369140625
269.1253967 29487.26171875
270.1091003 19203.82421875
299.1716919 21935.91015625
306.1453552 97192.8125
312.130127 123362.484375
312.1612244 15448.703125
318.182312 17481.94140625
321.5048523 15664.41796875
330.140625 27142.8828125
345.2249146 71881.1015625
346.2271729 16324.73046875
347.2294617 18259.611328125
359.173645 19040.703125
370.7263184 90735.4609375
371.2268677 30202.462890625
396.2256775 30319.005859375
419.231842 29391.228515625
425.2163086 68771.25
455.2765808 20626.900390625
456.2599792 15289.634765625
473.2851868 98535.8828125
494.3005371 26459.671875
545.3084106 16548.255859375
586.3709106 66492.6875
610.8080444 17437.291015625
619.3259277 27293.69140625
623.322998 21224.251953125
635.8481445 18045.189453125
640.7851563 19247.041015625
643.3881836 211134.0
644.3920288 74770.328125
662.4014893 26265.37890625
721.4268188 83491.3046875
722.4277344 28410.154296875
738.4893188 19833.603515625
740.4400635 445183.59375
741.4451294 202443.890625
742.4505005 62285.6171875
797.4626465 26865.55078125
820.4926147 90795.421875
821.4954834 29010.759765625
841.4867554 62208.43359375
950.519043 21919.263671875
956.510498 29246.798828125
1030.544678 20176.369140625
1138.584351 26076.048828125
1156.587158 33718.62890625
