1112.60714486736 2
80.51077271 40474.37890625
81.50265503 39975.2109375
84.04512024 574268.0625
84.08166504 359773.21875
86.09712982 872903.5625
89.213974 39334.34375
98.57289124 41669.08203125
101.0715714 832476.6875
102.0556641 89024.4921875
110.0714722 68699.921875
116.0708923 83239.953125
120.0812683 171309.125
129.0655823 50271.87890625
129.1026154 367983.8125
130.0862274 78974.6015625
131.081604 167860.984375
136.0757294 52574.21484375
147.1130981 70542.1328125
157.133255 85976.765625
158.092926 107876.6640625
159.0774689 355073.40625
169.0608673 77043.9453125
169.1337433 103720.2890625
175.1192932 484872.84375
176.1036682 199115.125
176.1242828 42599.69921875
182.081192 43800.16015625
185.1300049 73521.0859375
186.0881805 276802.09375
186.1246796 60451.140625
189.0868988 71611.0
197.128479 76846.9140625
201.1237793 287245.3125
212.1020813 54246.30078125
214.1208496 82455.265625
215.1393585 72128.390625
231.1139221 76687.6328125
240.0977173 100483.7109375
241.0818939 162152.703125
258.1072083 317126.78125
269.1253052 55680.73828125
274.190155 62528.50390625
286.1404114 52433.54296875
287.1353149 385625.9375
292.6808777 88227.34375
298.103363 54702.69921875
311.1713867 263257.34375
315.1326599 87187.6171875
326.1734619 42556.16796875
347.3800354 44888.6796875
353.1855164 48596.59375
354.17453 70143.3203125
365.1842957 48857.34375
366.3349915 47060.609375
371.1569519 59297.15234375
371.2011719 245468.046875
388.2349548 146925.21875
399.1536865 67224.1328125
416.1802368 383177.4375
468.7685852 52146.125
567.326416 105884.5546875
580.307251 91381.0859375
584.3526611 2503072.75
585.3547974 814983.5625
586.3637085 50223.76953125
600.3106689 362700.78125
601.3209229 127009.7421875
697.4376221 481020.40625
698.43573 213572.046875
826.4793701 505856.28125
827.4763184 247793.671875
828.4786987 66151.1015625
885.432251 86721.671875
936.4815674 51491.84375
1033.153809 50658.21875
