2754.39006271228 3
195.0767059 23971.11328125
196.1441803 13853.3916015625
197.128891 77319.9609375
199.181427 16778.828125
200.1032867 17589.24609375
201.1236725 15910.822265625
209.0922089 14565.5712890625
211.1445313 81916.6875
212.1029053 90471.078125
214.1198883 19373.1953125
214.155365 67616.9765625
215.1393433 24232.44140625
216.097702 22345.83203125
217.0809784 14174.587890625
228.1347046 38179.41015625
230.1140747 57008.69140625
239.1141357 30699.205078125
240.0984802 73715.828125
246.127182 181781.28125
248.1606598 13901.9970703125
257.1244812 37797.1953125
258.1086731 22163.23046875
260.1066895 83326.7734375
260.1974792 95104.421875
263.117157 15171.28125
265.08078 14181.1259765625
268.130249 16972.267578125
268.1656189 19958.337890625
274.1220093 96759.4453125
276.1349182 23461.046875
282.1818237 14208.3291015625
284.1598206 15165.86328125
294.1815186 66993.2890625
299.135437 14526.978515625
299.1716309 27740.412109375
304.1607361 20347.7734375
312.1917725 67884.234375
323.1365967 18300.68359375
324.1887817 15174.181640625
325.1873169 200959.21875
327.2050476 20693.51171875
331.1473083 33974.4296875
339.1681519 20946.875
346.1163635 17685.119140625
349.2079163 36976.08984375
354.134552 17006.7421875
358.1753845 22104.23828125
363.1696777 15591.70703125
364.1622925 19223.953125
368.1580811 26007.5390625
370.2475281 24640.345703125
371.139801 38542.3125
371.2305603 72600.609375
373.1918945 23715.724609375
382.1714172 17472.93359375
385.1872864 21179.677734375
388.1653137 229491.3125
388.2561646 71103.3984375
389.1659241 24511.69140625
390.1787109 17078.888671875
395.1874084 21917.560546875
400.1828308 23828.80078125
410.2053223 21074.357421875
422.2422791 31943.380859375
428.2886353 19981.314453125
439.2283936 15119.576171875
440.2515259 31805.599609375
444.2576904 30079.10546875
451.1882324 20218.03515625
457.2764587 22400.646484375
459.2446289 21781.03125
460.2026062 19853.373046875
461.1465149 19816.427734375
469.2049255 26011.634765625
470.2070313 26817.771484375
479.1923523 17452.775390625
487.2373047 111493.75
488.2409363 27828.685546875
496.217804 25948.5625
497.1990051 23162.32421875
497.9081116 16191.4931640625
514.2302246 60534.08984375
519.2263794 31462.345703125
519.2987061 111434.34375
547.2518921 30087.18359375
555.2928467 60477.5546875
568.3115845 23681.935546875
577.3214722 22464.36328125
586.2325439 16378.2666015625
629.3435669 18107.98828125
630.3378906 71195.890625
634.9437866 21359.57421875
644.2732544 75428.375
647.3560791 93664.0234375
661.2936401 96645.1328125
675.3131714 23008.666015625
678.3364868 20955.10546875
679.3393555 27011.2734375
696.3657227 85747.171875
718.3947754 290027.09375
719.3964844 101134.0234375
738.2929077 19100.423828125
747.9099121 27608.169921875
756.9179688 34535.7421875
762.3925781 26895.205078125
763.3977051 21001.021484375
772.3321533 35387.37109375
789.3497925 69897.515625
795.4384766 31342.40234375
797.3788452 19099.2890625
804.3530884 20309.8515625
817.4610596 147397.046875
818.461792 86958.8046875
844.9390259 17713.84765625
883.3568726 25948.181640625
900.383728 30811.021484375
901.3803101 98326.46875
902.3828125 27762.177734375
917.4276123 32557.208984375
917.9730225 135292.484375
918.4013672 361166.6875
918.9741821 25668.302734375
919.3942261 161442.328125
920.4343262 31885.53515625
922.4282837 77316.4296875
928.4944458 68764.125
945.5203857 103395.546875
946.5292969 32658.865234375
1021.496826 66603.8359375
1022.518433 25250.603515625
1056.557495 83062.796875
1073.580933 87724.3046875
1074.586792 33299.48046875
1114.530884 36092.41796875
1115.521606 29579.6015625
1150.540283 35862.2578125
1184.612305 27553.15625
1201.61792 28958.447265625
1202.637085 29123.208984375
1225.545532 30207.8515625
1237.583618 164765.328125
1238.587402 73682.03125
1239.571655 31218.58203125
1242.590088 34159.828125
1302.681274 80406.703125
1303.699219 77247.859375
1304.689209 32676.0390625
1350.675537 95477.25
1351.669678 37582.55078125
1352.641235 32230.453125
1449.741211 22703.388671875
1495.809204 32416.08203125
1512.822754 126936.6328125
1513.848145 104775.609375
1514.819214 65339.8359375
1563.746826 30833.056640625
1623.838501 23783.140625
