3130.55440698213 3
215.1030121 19791.560546875
217.134079 2480.8349609375
228.1348877 2857.9990234375
229.1200409 2706.2580566406
240.0988464 1857.7467041016
250.1192627 4650.5942382813
256.1660156 8752.189453125
257.1645813 2898.4621582031
262.1183472 2673.4877929688
269.1234436 3029.16796875
271.1403198 4998.896484375
274.188446 2617.6032714844
277.1546936 2053.9914550781
282.1816711 13677.1923828125
283.1854553 2330.0209960938
286.1393738 2229.1450195313
294.1800842 2677.240234375
299.1737061 2279.6145019531
299.2069397 3120.9958496094
311.1731567 3858.4343261719
314.1715393 16341.7158203125
328.0825806 2400.1357421875
331.1977234 3517.2607421875
353.2172852 2029.3016357422
361.1882324 3160.1579589844
368.1943359 3478.8481445313
382.2473755 2761.2761230469
388.2311707 12709.736328125
389.2333374 2299.2875976563
410.241394 9715.9453125
411.2434998 3564.4658203125
425.1813354 5127.6826171875
448.2200012 4834.1538085938
453.2850952 4305.8569335938
470.2868347 4923.4008789063
481.2771301 11029.4755859375
488.2897644 12865.3232421875
538.262146 2613.3681640625
545.3117065 24504.474609375
546.3111572 3126.6611328125
580.3500366 3249.4375
593.3146973 2766.5717773438
604.3131714 2917.0246582031
607.8100586 2446.7321777344
641.3123779 11394.9111328125
642.3078003 3643.7395019531
656.3372803 4256.7065429688
657.3300781 4265.4765625
674.3521118 9476.5791015625
675.3317871 4985.2729492188
698.3435669 2867.5473632813
701.3609009 33068.59765625
702.3638306 12112.0537109375
716.890564 2882.962890625
732.3643799 2882.162109375
734.3796997 3080.1037597656
734.8790894 2691.1450195313
738.3482056 9382.8466796875
741.3546753 9161.1943359375
746.3580933 2839.5324707031
755.3445435 3239.1931152344
758.3805542 104963.6640625
759.2522583 3781.9389648438
759.380188 30563.41015625
760.3881836 11229.0234375
796.3783569 4105.7817382813
821.4232178 12830.359375
822.4196167 8643.8330078125
823.4349365 3236.2600097656
834.4078979 3410.1232910156
851.4415283 3772.6176757813
859.4335938 4415.23828125
859.9259644 3546.2314453125
869.4210205 4879.01171875
870.4049072 3145.4782714844
887.4231567 64800.34765625
888.4301758 28117.53125
889.4407349 8249.8486328125
928.4865723 3514.0068359375
939.5733032 9169.3212890625
940.572876 9137.99609375
947.4693604 10244.541015625
960.4954834 4594.802734375
961.5072632 3155.2475585938
968.4903564 10072.2470703125
969.4909668 5248.7451171875
970.4787598 3479.6645507813
971.4625244 2744.4870605469
986.4957275 53300.55859375
987.4858398 23377.509765625
988.493103 19490.76953125
989.4937134 13790.19921875
1000.455261 22894.74609375
1001.464478 19336.841796875
1002.462708 11809.333984375
1006.498596 4376.6142578125
1007.487488 3927.6010742188
1026.435059 42034.2109375
1027.437012 34077.921875
1028.440796 13699.810546875
1039.516235 15301.787109375
1040.524292 5329.23828125
1043.455566 39630.2109375
1044.461426 39689.3203125
1045.482422 13377.7451171875
1057.526367 44079.578125
1058.531494 26269.365234375
1059.533936 26701.658203125
1060.530396 19257.705078125
1110.563843 11032.8037109375
1143.553711 3759.8872070313
1150.719116 6664.2661132813
1160.574219 14746.6572265625
1161.581909 14306.451171875
1164.547852 3608.5209960938
1167.578003 3523.3110351563
1168.569214 12009.4892578125
1169.567383 8925.384765625
1185.579102 35049.4921875
1186.593018 20712.849609375
1187.602173 6716.3178710938
1213.602661 5417.2412109375
1214.609741 3072.91796875
1221.600586 3492.1879882813
1230.65332 4645.4682617188
1231.620972 19033.328125
1232.612305 11332.0810546875
1256.629395 22437.94140625
1257.632568 17998.431640625
1271.613525 3762.5927734375
1272.620483 3368.0646972656
1369.692871 4941.1201171875
1374.669556 8997.888671875
1378.683228 15157.5078125
1379.685303 16396.201171875
1380.694458 4815.4638671875
1430.740234 4136.1669921875
1431.759399 9328.033203125
1466.760254 42844.1953125
1467.766357 42226.26953125
1468.778809 11812.8837890625
1506.735596 10301.2724609375
1507.736328 11364.732421875
1513.726685 3608.8630371094
1563.764648 4195.2290039063
1564.780762 4232.8203125
1614.720947 3843.8950195313
1621.855347 3617.6511230469
1646.780273 12605.3466796875
1647.794556 17920.560546875
1648.802612 4873.125
1664.813599 12730.478515625
1665.820679 13726.0576171875
1666.830566 8852.30859375
