1129.68386308088 2
84.04512024 300097.40625
84.08153534 229276.421875
86.09208679 89296.890625
86.09712982 1762345.625
87.10041046 82688.625
101.0713959 79612.015625
102.0553589 103543.0234375
102.2606583 39428.70703125
104.0533218 288522.875
110.0714188 49226.3828125
116.0709991 58092.71484375
120.0812454 462477.1875
129.1026917 358994.875
130.086441 198165.734375
136.0762482 177447.5625
143.1176605 163326.0
147.1127167 196557.40625
159.0910492 52765.8984375
170.0605469 62284.4765625
175.1192169 221899.25
185.1274414 51041.28515625
185.1657257 62345.3515625
193.0968018 48076.4921875
197.1291351 58035.88671875
199.1811066 725941.9375
200.183075 55231.52734375
201.1236267 191192.375
215.1394196 101316.171875
217.1368408 346104.78125
223.1085815 53141.85546875
227.1753845 361711.3125
228.1785583 72360.6015625
243.1322479 67799.1640625
245.1310425 67641.0
248.1616821 87084.6015625
258.1447144 73900.046875
286.1435547 51302.6640625
357.1773682 67052.9140625
361.2457581 89614.78125
439.7250671 44316.82421875
632.319458 69195.96875
645.3513794 56251.484375
733.4044189 63515.41796875
758.442688 72017.1328125
887.4822388 55256.0234375
903.5084229 204714.296875
904.5162964 81409.9453125
1050.167603 56952.2734375
