1406.72053821067 2
104.0532837 44282.26171875
110.0717316 26228.2734375
116.0711594 24067.607421875
120.080864 153512.78125
122.9172134 18933.1953125
125.1068497 20795.3515625
129.1026154 88829.484375
130.0865326 27714.4921875
136.0759277 132354.015625
147.1130981 27376.123046875
155.1177216 34367.01953125
157.061264 22846.35546875
159.0910339 22508.921875
169.133606 22033.634765625
173.1285706 78503.828125
175.0533752 24012.86328125
175.1190033 169718.328125
183.1123505 27438.626953125
183.1496582 24301.177734375
185.1650696 123763.28125
187.1442108 34902.41015625
197.1290894 36401.12109375
199.1804504 38292.6796875
201.1232452 139441.375
203.0664368 82445.9375
211.1452789 28707.30078125
212.1040039 29422.142578125
213.0872498 47494.87890625
213.1598206 115573.5078125
215.1399994 34470.875
217.082489 85620.15625
217.1368103 25765.28125
229.1187592 33439.796875
231.0972443 23184.560546875
231.1182709 25723.22265625
233.0951233 24038.373046875
243.1331482 22270.08984375
245.0766296 92928.953125
259.140686 38846.0859375
261.1572571 38462.5703125
263.1393738 28557.126953125
298.1400452 97821.6171875
316.1480103 66024.4453125
326.1732483 24647.669921875
328.1123962 44959.30859375
330.1660461 33085.81640625
331.2077332 21104.21484375
332.1076355 34249.609375
342.2002869 67631.828125
343.2041931 27537.51171875
344.2012634 29610.974609375
346.1242981 41580.28125
359.1794739 26101.78125
360.15271 23780.388671875
390.1824951 29188.34765625
397.1343079 28090.94140625
407.2059937 109403.2265625
415.1438599 34683.078125
417.1929932 19187.703125
433.1567383 24475.4140625
441.1968384 20304.876953125
500.2305298 18718.07421875
502.2125549 29066.708984375
510.2138367 27776.88671875
520.2907715 302720.78125
521.2915649 88141.1484375
528.2307739 41682.25
546.237793 23719.09375
597.2930298 22233.4609375
635.3189087 275178.09375
636.3156128 77281.390625
639.5140381 21254.966796875
748.402771 339284.53125
749.4011841 103150.7578125
835.1940918 22331.90234375
861.4835205 221488.6875
862.4805298 79171.7578125
875.4371338 25801.328125
893.4327393 23851.2265625
962.529541 142173.890625
963.5320435 137786.390625
964.5264893 34080.44921875
988.5094604 25215.591796875
1008.656128 25541.3125
1091.569092 36628.8359375
1121.196289 24444.775390625
1206.594482 103552.8046875
1207.571289 39134.9921875
1293.632935 94214.3046875
1294.623657 45007.44921875
