2497.18419425315 2
171.7237549 6424.6079101563
175.1188812 16386.525390625
177.5644684 5142.6982421875
187.0702515 5212.6884765625
200.6960449 5258.5551757813
270.1069336 7365.9970703125
274.1035767 6836.783203125
325.1889343 9154.4931640625
349.1600647 8020.8828125
357.1394348 12329.1337890625
374.9836426 6563.8754882813
377.1557617 51537.46875
378.162262 12115.6044921875
416.1047974 7053.2573242188
438.2673035 8674.2763671875
448.2307434 13784.904296875
458.2249146 7931.5151367188
464.5889282 8312.2841796875
476.2253418 81831.2109375
477.2278748 12192.4853515625
517.2440796 9335.69921875
517.3106079 70184.2421875
529.2675171 9023.6923828125
541.2622681 8840.9287109375
589.3118896 44440.1796875
656.4530029 7870.44140625
660.3922729 8088.2817382813
708.302124 9450.6845703125
718.3530884 45456.79296875
719.3601685 15535.1513671875
776.390625 9592.7373046875
782.3952637 12203.025390625
801.3856201 49577.8671875
802.3916016 11633.9208984375
819.4046631 38922.30859375
863.4342041 15562.138671875
914.47229 35541.7265625
915.4736938 15586.43359375
932.4768066 11776.904296875
933.4918823 12794.75390625
987.5309448 9896.0224609375
1030.495361 14037.521484375
1047.504761 215941.171875
1048.51416 126783.53125
1049.511353 29409.07421875
1158.549438 14531.8828125
1176.552612 29866.203125
1177.542114 12956.1435546875
1229.591675 33304.73046875
1230.616943 13823.4375
1231.605713 16698.177734375
1247.345581 10498.87890625
1248.692627 82470.2265625
1249.692993 79560.09375
1250.536255 76773.0703125
1277.60144 62408.171875
1278.607056 29013.947265625
1279.604858 11584.4736328125
1390.697266 13621.634765625
1391.687988 39401.2734375
1550.710693 64573.38671875
1551.710938 39710.2578125
1552.714844 14987.9951171875
1608.188843 9745.8447265625
1697.776733 65139.046875
1698.751587 47051.69921875
1727.057007 10192.4677734375
1768.828125 52128.578125
1769.813965 49116.8515625
1770.829468 23626.728515625
1822.840698 8888.5029296875
1839.889282 61819.23828125
1840.883911 59909.265625
1841.862549 33381.37109375
1939.916992 13029.2529296875
