2092.88856039097 2
162.9391632 3104.4291992188
171.1257172 3336.7548828125
175.1182861 6483.8603515625
178.0535889 3895.5380859375
189.6005859 3685.9304199219
193.0410614 3888.8955078125
199.0720215 4023.6081542969
201.0869446 5489.4907226563
205.3576813 3214.8559570313
214.4804993 3790.1687011719
216.0977173 21842.009765625
227.1016388 3867.6459960938
266.115448 5566.9702148438
272.1716614 5827.9233398438
276.9733276 3700.2734375
284.1248169 9378.900390625
310.1465454 5436.9135742188
329.1905212 8576.4404296875
345.1428833 7241.697265625
373.2198792 30851.623046875
416.1827087 5235.201171875
596.6548462 4737.287109375
616.2396851 5759.826171875
687.0015259 4881.7172851563
690.3231812 34381.14453125
691.333313 6774.5561523438
699.2928467 17246.732421875
717.3110352 5234.6328125
736.3551636 5287.8891601563
862.3748169 10138.44140625
961.4415894 6616.4672851563
1030.503174 9155.3955078125
1046.521362 21049.07421875
1047.528687 25519.849609375
1048.486328 75588.3203125
1305.556885 145876.015625
1306.557861 81408.0703125
1307.549072 38302.48046875
1308.561523 7813.3862304688
1376.598022 42258.83203125
1377.599121 29888.41796875
1378.605103 8554.2021484375
1447.623901 24778.9140625
1448.63147 23403.591796875
1576.652222 10431.89453125
1856.341187 7639.1674804688
