1738.803924 2
128.208847 1484.7016601563
136.0752258 4451.3422851563
137.133316 1509.9211425781
137.3795624 1798.1260986328
147.1122437 2647.5581054688
161.0920105 2248.0808105469
161.4432983 1584.5161132813
169.0143738 1624.8143310547
171.0760193 1912.5816650391
175.1186218 3537.9230957031
185.4642944 1495.1057128906
189.0866394 2916.9157714844
210.0239716 1747.8165283203
218.1496887 1688.5361328125
254.1521912 2246.3132324219
281.125946 1925.8125
284.1604309 5029.1826171875
302.1695251 3486.0561523438
310.2668457 2134.8657226563
376.2167664 2276.91015625
401.0504456 2131.5900878906
432.2548218 2105.9921875
458.1542053 2453.9682617188
463.2557373 3338.3908691406
598.453064 2232.2419433594
631.3427124 13790.8408203125
734.3354492 2610.9411621094
805.3988647 4200.16796875
869.3860474 2697.2348632813
870.3534546 12432.505859375
892.4375 3123.5495605469
1094.524414 2563.5678710938
1276.239868 2594.7565917969
1310.589355 2835.810546875
1367.603516 4404.501953125
1707.604492 3319.423828125
