1070.59507370631 2
84.04508972 98145.1875
84.08145905 186017.59375
85.08473206 9354.388671875
86.09716034 930920.625
87.05593872 82681.421875
87.10048676 48819.6796875
88.0399704 15701.0380859375
91.05458832 8562.3935546875
94.2682724 7839.23828125
99.71453094 8850.236328125
101.0714951 85145.7734375
101.1078949 12224.087890625
102.0556412 39675.35546875
104.0535736 13155.0634765625
110.071846 41452.11328125
112.0874786 19549.462890625
113.0714035 11142.7890625
115.0511398 9855.4453125
115.0873337 14993.72265625
120.0810776 113026.984375
121.0844193 8902.328125
125.1074982 14502.873046875
126.0920715 9324.306640625
127.0503845 15278.2177734375
127.0872345 13135.0166015625
128.1089935 8433.46875
129.0662384 19350.27734375
129.1025696 280392.71875
129.1123657 10085.5322265625
130.0862885 69573.7109375
130.1064453 9447.001953125
131.0813751 11846.0234375
131.1178131 57162.69140625
136.0756989 148619.328125
136.085434 9569.5810546875
141.0666809 7783.7490234375
142.0328674 8819.658203125
142.1226654 107808.078125
145.0966797 8837.08984375
147.0773621 9197.3251953125
147.1128387 152615.15625
147.2926331 7721.046875
149.0447388 8911.6181640625
152.1074066 14954.1328125
154.0970612 9588.6904296875
155.0818024 32399.318359375
155.1182098 14955.970703125
157.1342926 11367.185546875
158.092926 47394.6640625
159.0765228 52636.7109375
167.0556488 15882.814453125
167.0812225 8861.0107421875
169.1337585 143340.5
170.1370087 13923.732421875
171.0762787 8692.1484375
171.1122284 11760.7392578125
172.0723267 12456.8466796875
173.1289368 55070.30859375
175.1191711 217325.9375
177.1014252 8025.1254882813
178.0533447 9038.9775390625
181.0973206 10398.3603515625
185.1649475 10573.482421875
187.1443176 217180.703125
188.1478271 15513.015625
195.112915 16702.205078125
197.1287537 140697.390625
199.1805573 16523.3203125
200.1017609 11105.0400390625
201.1236115 9704.3232421875
212.1031494 12747.2763671875
215.1390533 190383.359375
223.1076202 9815.646484375
225.0427246 17410.9765625
225.1236572 33575.39453125
226.1551666 17902.462890625
227.1756592 31847.98046875
228.0980682 36712.765625
232.6203308 8982.6923828125
235.108139 17739.28125
238.1187897 31659.455078125
239.0959167 18782.04296875
240.0969849 32130.63671875
240.1336975 13939.8115234375
241.0929871 18685.751953125
242.1510162 39635.10546875
242.1858826 13618.3515625
244.1656189 33233.0234375
245.1255188 13847.3466796875
249.16008 131078.6875
254.1494904 66825.453125
255.1096649 11299.05859375
260.1968384 129714.3984375
266.114624 30320.18359375
267.1340332 16568.943359375
272.1354675 17342.892578125
273.1189575 58789.1796875
277.1549683 129780.6953125
284.1728516 15554.0947265625
288.2039795 41202.1484375
289.162384 31239.169921875
294.1791687 12798.5048828125
296.197113 17905.228515625
299.063446 11181.3447265625
310.1768799 42748.90625
316.1478882 8187.7587890625
323.1730652 10823.3095703125
341.1827698 47657.9296875
343.2044067 127885.6640625
343.7056885 48532.62109375
351.2033691 12337.70703125
355.2015381 11860.05078125
358.2095947 11389.869140625
363.1672058 9620.0078125
373.1861267 12925.7060546875
383.1999512 37757.125
386.2017517 31527.390625
390.2069702 92005.5390625
391.214325 11830.9189453125
423.2595215 32318.052734375
436.92453 11123.453125
445.2407227 12510.134765625
455.2458496 13884.1123046875
455.2982178 83975.3359375
472.2529602 10316.3251953125
489.27948 150091.015625
490.2792358 49761.6484375
534.2702637 15322.8310546875
535.2753296 10190.1884765625
536.270874 23759.748046875
536.2963257 25634.17578125
536.3511963 117195.59375
536.7801514 38633.9765625
537.2769165 14241.421875
544.3171387 11016.1455078125
588.3482666 89187.2578125
589.3468628 16641.767578125
598.3258057 9031.353515625
615.3532104 10799.1474609375
630.2832031 11016.2265625
631.8045044 13203.912109375
659.3815308 37669.1171875
668.3678589 35194.2265625
685.286377 16326.1513671875
685.3989258 412361.28125
686.4024658 161571.265625
687.399353 31909.52734375
723.3317871 9955.7705078125
772.4655151 15342.5966796875
799.4346313 14830.2607421875
812.3974609 10243.4150390625
815.4315796 14637.95703125
829.4084473 30131.88671875
831.4387207 18010.76953125
856.4647217 189258.203125
857.4612427 109101.1953125
858.4627686 13297.0791015625
867.4302979 13272.3125
900.522644 32535.888671875
941.4502563 9843.9150390625
957.5081787 77740.1328125
958.5078125 51703.9609375
968.4647827 14881.064453125
