1044.62421712241 2
74.06103516 29501.787109375
84.04493713 54863.9921875
84.08167267 69454.453125
84.9803772 28397.484375
86.09709167 1514089.875
86.10229492 52812.20703125
87.10043335 69626.4140625
92.03574371 54501.8828125
101.0712662 37488.37109375
102.055542 37771.12109375
104.0533981 297521.125
110.0714951 48826.1875
116.0715332 42765.515625
120.0812683 416883.75
124.1133728 33413.78515625
129.1024323 165372.4375
130.0678558 170458.625
136.0758667 59072.29296875
147.1135101 68191.578125
157.0973053 63859.45703125
157.1335754 55597.6171875
158.0929413 145164.96875
159.0919495 253906.265625
173.1290131 32957.03125
175.0900726 492039.15625
175.1191254 205969.84375
176.0944824 46514.0859375
185.1289215 161877.953125
185.1647034 63113.8125
187.1086731 34594.45703125
199.1808929 260120.015625
201.1246185 44874.09375
203.0847931 928530.8125
204.0878448 42647.5859375
213.088089 27534.66796875
215.1140442 33825.6953125
215.138504 38858.71875
216.1025848 28158.44140625
219.1121826 36444.73046875
227.1757355 122525.640625
232.1404114 55620.265625
254.1499176 65036.8125
258.124115 37820.86328125
271.1486206 31986.28515625
285.5950928 34759.19140625
298.2139893 38701.1015625
316.1686096 373852.9375
328.1975098 60417.9609375
444.2934875 57724.29296875
474.2414246 54492.3984375
502.2617798 113572.9140625
503.2626038 47207.05859375
545.3427734 311496.5
546.343689 50830.4296875
616.3786011 770121.0
617.380188 269012.9375
618.3852539 41948.66796875
729.4594727 448228.75
730.4646606 247819.421875
842.5374146 191672.546875
843.5454102 101111.828125
913.5804443 119260.921875
1062.326538 35202.859375
