818.423758392652 2
59.64556122 33774.11328125
62.25991058 33748.83984375
62.75577545 33437.06640625
69.07038879 38273.28125
70.02941895 41465.28125
70.06586456 351298.46875
72.08148193 786570.375
72.80419922 39939.40625
73.08472443 41048.4609375
74.06084442 233693.859375
75.05600739 400287.1875
79.645401 39631.23046875
82.82977295 32004.849609375
84.04496002 277469.84375
84.0812912 458448.125
86.09199524 72535.375
86.09700775 1433332.375
87.05580902 65754.640625
87.10050201 51139.0
92.03411102 54473.67578125
101.0714645 217277.046875
102.0553055 60020.74609375
110.071312 50558.23046875
115.1317902 36338.609375
120.3834763 34609.6796875
129.0651855 38517.953125
129.1021729 515596.5
130.0863342 178687.09375
136.0755005 91563.5078125
141.1015472 54924.94921875
143.1066589 74547.3203125
143.1178894 2148147.0
143.5114136 33677.53125
144.1215515 140085.296875
147.1123199 278926.4375
157.0968781 58249.05859375
159.0771484 139609.796875
171.1126251 416204.84375
175.1194916 378804.4375
184.8508759 43024.43359375
187.1444702 39154.47265625
195.0879059 193135.421875
197.1290131 264265.6875
205.9062653 40270.40625
215.1389008 210874.078125
244.129776 50723.9921875
258.1455383 155475.5
262.1391907 470948.28125
278.665802 73411.78125
345.225769 45569.9765625
366.3325195 37218.62109375
373.1714783 303648.65625
391.1819763 77050.7265625
446.2717896 79687.4765625
490.2479248 73499.859375
547.2698364 179590.03125
648.3214111 257793.734375
