1079.62249856368 2
79.35569763 347746.21875
80.07596588 371839.625
84.08155823 1931464.375
86.09720612 7961168.5
87.05601501 815470.6875
89.88825226 328693.375
91.05484009 447057.75
92.02839661 722905.5625
92.64622498 415710.34375
93.04567719 602632.375
110.0717316 6827524.5
122.0599594 332650.21875
129.1028595 1383742.625
130.0865784 726081.3125
136.0759125 7463363.0
147.1127777 1904557.5
158.0929871 426603.78125
173.1288147 1485878.125
175.118988 1535739.125
175.2823792 391273.5
201.1226196 778548.125
221.1039429 423171.34375
228.1356049 877974.0625
239.1138916 895750.5
242.1856995 507418.75
249.1592712 3939119.75
260.1972351 414006.78125
267.108551 2333886.25
288.2026672 496476.53125
304.9148865 399850.375
348.1669312 883321.5625
366.1765442 1508075.0
455.9277344 375357.90625
479.2617798 620979.6875
540.8084717 484109.0625
593.3041992 869359.4375
614.843811 445302.34375
706.3850098 562087.75
731.4002075 544479.25
802.4398193 3481795.0
803.4310303 1943363.25
820.4246826 437627.34375
1107.130981 383139.3125
