22835
2
906.504038
# +15.9949|* +79.9663|
C=160.030649
906.50431	0.0000	28.87	1.187	6	12	R.IDLNYLR.Q	F
906.50431	0.2837	20.68	0.367	5	12	K.LNLYDLR.K	R
906.50431	0.3914	17.57	0.056	5	12	-.DILNYLR.D	F
906.50433	0.6093	11.28	-0.568	4	12	R.IDIDFKR.C	R
906.50431	0.8459	4.45	-1.255	3	12	K.IDYIINR.E	R
906.50431	0.8576	4.11	-1.279	3	12	R.LYNLDIR.A	R
906.50433	0.8635	3.94	-1.301	3	12	K.VQYIDLR.D	F
906.50433	0.8916	3.13	-1.38	3	12	K.LFKDDIR.Y	F
906.50433	0.9387	1.77	-1.519	3	12	K.IIDQVYR.G	F
