952.525120815068 2
70.06602478 808496.9375
70.87272644 43551.71484375
72.08164215 1172869.875
84.08148956 297705.90625
86.09709167 2832216.5
87.1002655 107742.5234375
110.4675522 46049.96484375
120.0810852 2574531.25
120.0896301 90296.5625
121.08461 281154.0
124.0430069 43307.64453125
129.1024933 581988.9375
130.0868073 98693.1640625
132.1016846 58932.640625
136.0755768 107976.8203125
143.1179047 279640.875
147.1128693 318237.90625
155.0814972 88893.5546875
169.1340485 64957.3125
171.1132813 104492.4296875
175.1191101 55109.05859375
183.1490173 109369.359375
191.1179504 695244.25
197.1289978 101269.4453125
199.1808319 812078.0
211.1443634 87028.3203125
213.1598663 95765.546875
217.1343689 83994.3125
219.1127777 732362.1875
219.1485901 82970.8125
220.117981 70930.390625
226.1194305 99436.3671875
227.1752625 575019.5625
233.164917 102288.09375
245.1287079 62389.3046875
260.1491089 47165.10546875
261.1557617 100925.6875
272.7709656 52866.73046875
283.1410828 71036.7421875
284.1244812 381401.40625
307.6783447 98566.4921875
318.1775208 280099.34375
331.2348633 94647.1015625
397.2079163 239556.234375
431.2626343 58657.8671875
468.2492065 80265.6953125
488.2843323 189548.59375
489.2857056 58457.71875
510.5960083 57622.60546875
596.3417358 62595.72265625
614.3511353 457095.21875
615.3528442 97760.28125
635.3503418 185429.640625
636.3543701 96968.03125
674.350769 61996.9453125
727.4350586 114784.4296875
734.4205933 70226.453125
