1567.77817142989 2
110.0712509 44449.55859375
129.1026459 329128.03125
129.112442 12242.9287109375
130.0860901 44041.03515625
130.1056061 11700.0234375
136.0754395 6699.3125
139.2524719 6647.5322265625
141.1020813 6792.4213867188
144.0108643 5955.6450195313
147.1133423 62794.66796875
147.1222839 8772.9287109375
155.5460815 6438.365234375
168.1524811 7468.880859375
175.1189423 31578.314453125
177.0079651 6417.2094726563
183.1493378 67966.1171875
201.1236267 187484.84375
211.1440277 35259.38671875
225.1000671 10256.177734375
227.1016846 7189.220703125
229.1181641 84557.4375
241.0812683 15774.912109375
242.1855469 9106.107421875
246.1295776 7126.845703125
253.0937347 10407.1767578125
257.1986084 42363.6484375
259.0947266 14501.5546875
260.1126404 11180.060546875
260.1961975 13033.6611328125
275.2080383 149853.1875
315.1678772 8427.0048828125
321.1547241 8243.302734375
339.2389526 42608.7421875
356.111908 8541.08203125
357.2504272 9247.8740234375
358.1622009 19138.396484375
382.1361694 12858.7099609375
407.8695984 9189.986328125
482.2210083 14448.5361328125
483.7858276 10988.4833984375
484.2871094 13013.7861328125
485.3459167 177795.40625
486.2935791 33002.41015625
486.3536987 20151.91796875
597.2470093 11814.734375
606.2190552 9489.6484375
613.2077637 15982.4482421875
670.3400879 16995.837890625
670.8418579 11265.6689453125
671.3461914 9944.626953125
711.2938232 46919.2890625
720.3554077 14267.166015625
726.2879639 12509.96875
739.2833252 71799.015625
742.2494507 16981.427734375
758.4521484 15414.9814453125
764.3289185 12431.4521484375
775.4094849 11599.9013671875
782.3369141 34184.75
783.3635254 18199.46484375
783.5053101 93946.5625
784.3900146 47982.81640625
784.5105591 15930.1845703125
784.9020386 59452.7421875
785.4567871 187565.90625
810.324707 87137.796875
811.3288574 34355.515625
827.3396606 12780.443359375
829.5026855 36820.171875
830.4993286 33093.04296875
855.3496704 25501.28515625
879.3446045 46508.921875
942.3666992 18448.93359375
943.3770752 11171.3984375
953.3603516 16014.921875
966.5566406 15074.125
967.5540161 15931.4287109375
970.3552856 181325.53125
971.3587646 101605.2734375
992.4298706 57455.12890625
993.4437256 18755.451171875
1055.449219 35871.0390625
1081.585571 11329.4169921875
1083.437256 114395.234375
1084.451782 77799.53125
1266.573975 12195.609375
1293.595459 33283.24609375
1294.588135 17262.83984375
1379.288208 10323.7578125
