1476.72847505413 2
110.0716705 39120.5859375
120.0813751 32513.369140625
122.9418793 7348.1513671875
126.3151779 6589.841796875
126.9022446 7763.1166992188
129.06604 7990.5927734375
129.1025391 49253.26171875
130.0501099 47502.73046875
130.0865021 17167.11328125
136.0760651 34898.78125
143.1180878 8835.912109375
144.0477142 10461.107421875
147.0768585 36622.39453125
147.1126556 18368.0859375
152.9294739 8826.41015625
157.0975037 68202.9609375
175.1191101 63658.4296875
185.0556183 26795.98046875
185.1651154 8460.728515625
194.0936432 8108.5541992188
196.7544556 8997.76953125
201.1244354 10770.1435546875
202.1265564 8846.455078125
205.1008148 58170.64453125
210.0266418 8696.7822265625
217.0823212 8836.6533203125
218.1141357 9264.634765625
227.1032715 13483.1826171875
233.0960999 40543.3984375
240.0981293 9079.3076171875
244.0932922 10149.91796875
244.1655579 13386.9189453125
254.0771027 40951.19140625
272.088562 59826.67578125
273.0926208 8681.8125
276.1674805 11920.5947265625
287.1377869 11508.8994140625
290.1006775 8936.5751953125
304.1624756 13760.453125
316.1543274 11366.970703125
329.0083618 7622.7573242188
385.1714783 11878.4716796875
403.1805115 11269.40625
412.2548218 9559.8828125
427.1808167 11086.4814453125
432.1542053 8689.3447265625
433.203186 9561.7841796875
457.9829407 7810.56640625
481.2763977 8003.0258789063
604.3389282 15022.40625
659.2962646 40584.0078125
732.3928833 43968.4765625
737.3526001 44017.30859375
738.355835 54169.2890625
739.4906616 58420.48046875
779.3508911 8788.8310546875
830.3674316 93999.2734375
831.3592529 15665.421875
832.3626709 8253.6171875
861.4301147 13187.923828125
929.4373779 80549.1484375
930.4265747 42863.78515625
975.4873657 73442.0859375
976.4790039 34583.87109375
977.4838257 10696.0302734375
1028.476196 12516.708984375
1057.536133 10413.6513671875
1074.5448 48157.98828125
1075.540894 32718.052734375
1173.835571 8196.703125
1244.57959 9610.1728515625
1341.102539 10623.958984375
