1092.55633789378 2
84.08135986 200799.625
86.09712982 4935512.5
87.05600739 282032.65625
101.071701 195662.90625
112.0873184 141234.078125
113.1080246 610152.9375
120.0813522 735861.9375
129.1025085 347960.96875
130.0656281 618885.5
132.0812988 752529.6875
136.075882 369711.25
141.102356 4020274.25
147.1126404 216001.65625
155.1172333 220732.421875
157.0974579 215547.984375
158.0945892 173106.25
159.0918732 1406203.75
170.060379 621717.625
173.1287079 1510206.625
175.1191101 1126510.625
183.1125793 173433.96875
187.0866699 1083147.125
196.2780914 152812.921875
201.1235046 1525726.5
201.1410065 242889.421875
203.0866241 206818.1875
217.0817261 169374.0625
222.0402374 153015.84375
226.2649231 221451.34375
227.153595 292198.5
228.1339722 272056.40625
245.1303864 168971.375
272.1777649 1761722.125
288.1369629 262322.09375
300.1699219 385714.25
337.1826477 209050.34375
338.1825562 204600.921875
357.2496338 710846.5625
389.7211304 170015.765625
504.3170166 1016593.0
522.5338745 164517.140625
547.3214111 196416.828125
549.2453613 181962.515625
566.2665405 786805.625
640.697876 224106.21875
673.3538208 1114778.125
679.3477783 678003.625
680.3553467 188383.765625
691.8793335 161597.078125
776.3659058 686426.625
777.3705444 186751.5625
793.3955078 2905926.0
794.4022827 1137809.125
795.3980103 218699.921875
820.4220581 194875.421875
891.4624634 346575.90625
979.4642334 256503.046875
