1573.76587135282 3
112.0868149 11049.37890625
115.0866928 7191.6552734375
116.0705414 17438.412109375
117.0557251 4989.3237304688
117.5314484 5469.3188476563
119.0489883 8409.2880859375
120.0811386 479517.40625
121.0839767 47925.5390625
126.0940475 6220.1435546875
127.0501938 8537.7685546875
127.0861435 9475.4736328125
129.1019897 54767.03515625
130.0645447 11407.3974609375
130.085907 8055.9331054688
130.0970917 8265.0693359375
133.2646179 7021.2534179688
136.066391 8204.1689453125
136.0758514 154104.828125
137.0794373 8511.1259765625
141.1017303 8040.8315429688
145.5750732 5811.193359375
147.1123657 38282.42578125
157.0967407 14979.3818359375
158.0921631 47105.94140625
159.1124878 13328.884765625
165.1020966 51890.29296875
169.0972137 12564.45703125
172.0724335 21639.0078125
175.0868073 40550.3828125
175.1190796 150771.109375
175.5258636 7458.9838867188
176.1233368 8279.185546875
186.1228485 9397.3486328125
187.1077271 48988.1328125
190.085083 8754.1181640625
197.0916748 16958.7421875
197.1279144 40323.140625
198.0873413 11307.2177734375
199.0700378 8872.1337890625
199.1812744 11673.876953125
201.1234283 42253.23046875
205.0982208 6963.3564453125
207.1135101 8368.826171875
215.1030731 47052.0703125
215.1393433 118471.28125
216.1006317 12872.373046875
217.097168 14194.771484375
218.081131 9039.4814453125
219.1508942 10661.125
221.1290436 73399.515625
223.1073151 44017.8671875
225.1232452 13978.21484375
226.1182556 15883.796875
228.1345215 9486.1630859375
229.1177368 32768.328125
233.1646881 41118.51171875
235.1076355 286574.53125
236.1105194 37500.7109375
242.1510468 8752.4912109375
243.1328735 32862.125
249.1226501 15886.189453125
251.1034546 45787.73828125
259.108551 10252.7490234375
260.1977844 21424.94921875
263.1036987 86386.171875
264.1062622 11290.3798828125
270.1814575 13317.662109375
271.1776428 40983.06640625
276.1340637 53802.46484375
288.2033386 230708.953125
289.2072144 33892.14453125
294.1832886 8615.4541015625
315.1665649 22478.708984375
316.1650696 75657.59375
322.1896057 11857.896484375
325.1903687 10725.6435546875
341.2214966 10597.974609375
342.2064514 14361.4541015625
344.1608582 39837.49609375
345.1585083 13265.17578125
358.1608887 14210.474609375
362.1725159 22440.38671875
363.17099 13474.4658203125
370.2463684 18628.798828125
371.1376953 10104.84765625
371.2315063 10672.677734375
382.210144 15434.234375
399.2357178 15408.8115234375
417.2457581 164865.3125
417.296875 12198.236328125
418.178833 8841.8544921875
418.2490845 54348.73828125
428.2539063 13906.396484375
450.2460022 37985.1484375
453.0932922 10270.30078125
487.3264771 17405.857421875
516.3148804 264131.5
517.3162231 109708.625
563.3327637 61621.8671875
574.3562012 84368.0546875
575.3613892 38793.34765625
615.3859863 48749.3984375
687.4443359 88554.359375
688.4451904 38567.09375
701.878479 10494.869140625
710.3989258 141990.078125
711.4052734 45037.94921875
729.4234619 13596.90234375
730.428772 12622.7705078125
769.427124 34425.33984375
786.4506226 67114.0234375
787.4494629 38403.87109375
809.4630127 85062.1328125
834.4985352 14646.734375
835.4967651 14707.4423828125
1036.545898 43982.76171875
1085.023315 12963.4091796875
1365.171753 11491.4873046875
