1476.74130587237 2
120.0810471 250321.796875
129.1025543 210801.3125
130.0866852 78681.9375
133.0430145 458451.46875
136.0758972 601752.3125
137.079422 43328.3984375
147.1126709 304391.9375
159.0921783 57088.1484375
169.1785431 42471.81640625
175.118927 189557.984375
177.1034546 72699.25
178.0644379 301900.90625
183.1133728 49956.62109375
187.0872803 72489.25
199.1807251 949499.125
200.1832581 49042.44921875
201.1236725 278280.71875
212.1033936 58863.44140625
213.0327911 47903.609375
227.1754761 151712.171875
229.1182098 89464.265625
261.7495117 41464.55078125
262.1405945 280791.0
265.1183167 44476.74609375
268.1653748 43692.76953125
274.1236267 84186.1328125
276.0697021 48347.453125
296.1975708 55801.22265625
311.1659241 51258.78125
321.0680847 95246.984375
328.1879578 91316.71875
351.2009583 53309.6015625
375.2223816 227991.375
389.1454468 62702.234375
393.078125 40962.2109375
436.0946045 493935.78125
437.0956421 88709.75
451.2237854 49926.12890625
457.2237549 48216.15625
474.2922058 256629.828125
475.2909851 44040.36328125
549.1804199 142175.203125
556.2957153 56039.76171875
589.3166504 247860.515625
617.2542725 81064.1328125
625.7908325 67137.6796875
628.3392944 231401.125
662.2589111 54128.765625
702.4025269 256001.65625
703.3972168 60886.1875
759.2772217 58473.375
777.2851563 94974.8984375
816.4916992 50072.015625
930.5028687 210701.96875
948.4474487 48902.26171875
1090.520752 143681.0
1091.541504 87967.25
1250.553345 231203.203125
1251.573608 94419.0234375
