1136.62370454169 2
78.71135712 1036.4351806641
78.81524658 789.8228149414
83.06097412 1498.4235839844
84.04520416 5290.6186523438
84.08150482 19856.736328125
86.09726715 13794.1123046875
87.05583954 1520.4194335938
88.04013062 1121.3173828125
92.02882385 743.5357055664
101.0713272 1556.6968994141
101.1073914 898.3350219727
102.0554733 1885.7241210938
110.0720901 7826.955078125
112.0874023 3411.7268066406
115.0871429 4624.7016601563
127.6134186 776.509765625
129.1025848 44573.18359375
130.0867157 7730.806640625
130.1057739 1627.8718261719
136.0760498 10293.9990234375
141.1021271 1197.1451416016
143.1180267 6500.474609375
147.1128845 14141.8056640625
157.1096039 1067.5441894531
158.0926361 1359.3723144531
166.0617218 1092.7784423828
171.1129761 1550.7086181641
175.1191254 9157.4697265625
181.0609894 1274.36328125
186.1239929 21648.1640625
187.1273346 1103.1448974609
198.0875244 3238.0148925781
199.0718994 915.3455200195
207.1244202 807.8320922852
210.0794983 960.3265380859
223.1075439 1701.1639404297
226.0829468 914.6805419922
226.1548462 973.3175048828
230.096405 1461.5814208984
235.1192474 13736.9765625
240.1355133 1809.1384277344
244.1665955 5084.84375
251.1027374 1378.5513916016
255.1447754 1081.6146240234
258.0910034 7619.0747070313
258.1452942 6846.2109375
263.6585388 776.0161132813
272.1721802 19320.21875
276.0990906 4963.53125
276.1541138 5119.466796875
277.0843811 1665.8302001953
294.1099243 1147.3739013672
307.1433105 7434.4506835938
310.1751099 1285.7590332031
311.1780396 1051.3360595703
317.2182617 3594.7158203125
318.1567993 1733.4711914063
336.1664734 3005.6936035156
345.2095642 811.3536376953
348.1682739 1712.3936767578
359.2401123 1137.8133544922
360.2236938 8903.3876953125
362.1990051 1102.2723388672
371.1909485 1544.0007324219
402.321106 1117.1567382813
404.1966553 20370.15234375
405.1965027 3879.4724121094
407.235321 1043.0048828125
412.2564697 1373.6618652344
417.2250061 4769.189453125
419.714447 1832.5206298828
420.2196655 1645.3674316406
435.234436 3599.4296875
439.2186584 1201.2471923828
464.5449219 1568.7347412109
483.7600403 988.9418334961
503.2650452 1559.1805419922
512.2756958 934.3863525391
524.3018799 1377.4512939453
526.2504883 10400.791015625
529.2613525 5837.4360351563
529.7647705 1646.1412353516
546.2888184 934.1344604492
551.7327271 1206.9626464844
552.2268066 6790.1376953125
554.6091309 938.318359375
560.7342529 1771.6766357422
561.2238159 1073.4475097656
567.307373 6064.4951171875
568.2997437 4719.0395507813
568.8120117 3364.1215820313
569.2490234 16845.072265625
569.3301392 4740.828125
569.7462769 6158.6616210938
570.3057861 10099.0078125
604.3109131 1162.2890625
691.3331909 1049.1420898438
715.4241333 1700.6392822266
733.4344482 1870.7019042969
762.2515259 1304.8801269531
777.2702637 965.3509521484
838.4228516 10487.900390625
839.4191284 3918.0842285156
1156.867065 963.9168701172
