1251.55875324908 2
91.05522156 61082.21875
101.0711899 117470.109375
110.0718536 104097.625
112.087326 76033.46875
115.0865555 73320.9375
120.0813599 365445.65625
125.4821091 59759.97265625
129.0655365 69152.59375
129.1025848 1735107.25
130.1058502 115035.9921875
136.0759277 1270469.5
137.079483 99441.484375
140.8463593 69825.9921875
143.117569 75462.46875
147.1131897 79118.6875
157.1332855 616678.1875
158.0928802 94163.265625
175.1194305 704002.6875
185.1287689 108126.6796875
197.1651917 227270.90625
216.0431519 99607.5703125
217.0440979 75286.9453125
218.1483459 69248.0703125
221.3282928 68010.6953125
226.1183624 69797.0078125
246.1566315 771303.125
265.1177063 101257.875
271.1397095 64830.2890625
357.1210632 102584.828125
451.2279968 244237.3125
498.3426208 81856.7109375
545.3013916 108573.3671875
597.8696899 77986.65625
617.769104 101583.015625
618.2651978 110468.453125
626.2865601 496367.53125
626.7835693 346299.53125
674.3435059 126799.015625
696.3097534 309959.375
697.3097534 105449.9375
767.3452759 363348.78125
768.354126 75368.3125
775.3843384 309200.5
776.3894043 94313.15625
904.4282837 237905.28125
930.4023438 92491.8203125
1010.371765 516198.1875
1011.37677 123144.28125
1067.498169 124430.5078125
1123.465454 518815.34375
1124.459961 359365.15625
1125.458008 72698.2734375
