1326.74732134245 2
96.18439484 4388.1870117188
101.0714111 28383.13671875
110.0719299 26877.642578125
112.3514252 4247.205078125
120.0810242 7416.2299804688
127.0506668 6463.0341796875
129.0655365 5749.02734375
129.1026459 38944.88671875
132.6195374 4653.0786132813
136.0757294 9967.6044921875
140.0708771 4642.0288085938
140.081665 5846.5512695313
141.0659485 6323.1806640625
141.1025238 5619.0141601563
147.1127014 9544.4775390625
155.0453186 9387.193359375
155.0814819 5711.3544921875
159.0763855 6633.2719726563
168.076767 11292.390625
169.0614166 8694.1064453125
169.0969238 4487.095703125
171.1130524 8267.43359375
172.0719604 48566.6953125
175.1190338 73024.859375
178.054184 6590.15234375
183.1139069 7285.6923828125
186.0876007 27213.359375
197.1293335 5413.4594726563
200.1395874 11337.1484375
210.025177 18514.1875
213.0868988 6092.3408203125
215.1379089 5884.9467773438
216.0980682 6660.611328125
221.6635284 4427.3364257813
228.1346893 18330.330078125
238.0829468 6074.6025390625
240.1346741 5317.1279296875
244.1672363 4906.298828125
252.1368866 5117.9272460938
267.7054749 5217.1298828125
268.131897 6573.630859375
276.1665344 6164.6201171875
282.1200562 18946.720703125
283.1040955 69417.1171875
297.1574097 8640.03515625
300.1309204 26835.935546875
325.1495972 11293.580078125
329.1926575 10080.5595703125
351.1670837 6979.0009765625
355.1628113 6313.740234375
367.2108154 8475.517578125
368.1940308 9927.5068359375
395.2064209 7143.0786132813
396.1871338 21923.896484375
432.2014771 19496.994140625
465.2116699 6929.123046875
483.2215576 9050.5947265625
484.2252808 8287.8388671875
488.677887 5426.40625
496.3239136 8144.0107421875
513.3516235 80065.6875
514.3533325 23293.3984375
527.506897 5109.5014648438
560.2600708 6968.8935546875
612.4171753 26457.140625
646.3532715 10645.36328125
646.852478 9320.5126953125
654.8723145 27533.259765625
655.3728027 35534.73046875
655.8685303 24933.71484375
659.3168945 5485.5092773438
664.3423462 37780.9765625
665.2373657 6647.572265625
741.3926392 30144.47265625
827.5147705 40229.44921875
828.5063477 19771.447265625
856.4156494 8618.619140625
913.4498291 41271.20703125
914.5548706 75154.0078125
915.5466919 36865.10546875
984.4693604 10543.5634765625
985.4801636 10372.3369140625
1027.61377 17698.24609375
1041.49292 19690.642578125
1280.964233 6152.6049804688
