1832.98898523892 3
129.0655975 59910.3125
129.0935669 9531.83203125
129.1025085 159762.890625
129.2361298 6473.3134765625
130.0491638 7814.0703125
130.0650024 9474.8681640625
130.0865173 78887.8671875
130.0948029 6746.484375
131.1170959 5531.2348632813
133.0428162 12937.7236328125
136.0667114 7892.6713867188
136.075943 169530.90625
137.0786743 7283.7475585938
141.0651093 16410.279296875
143.0816345 8882.7880859375
143.1180573 36232.17578125
146.0918274 9250.80078125
147.1127472 117122.9375
150.3062439 6365.0727539063
152.1056519 6499.8896484375
155.0814819 10409.337890625
155.1170044 7045.71875
157.0609436 9091.0068359375
157.0968628 37825.9296875
157.1338043 158752.8125
158.0921021 15163.2587890625
159.076828 9482.412109375
159.0917053 15705.3759765625
159.1126099 15230.5732421875
167.1188049 6723.1103515625
169.0612793 16348.8828125
169.1327362 10770.55859375
171.0766144 7051.94921875
171.1128235 35505.44921875
173.127655 12646.6826171875
175.119278 145760.90625
178.0650787 14210.4375
181.0598297 7011.916015625
183.0761566 9941.5810546875
183.1127625 13890.5341796875
183.148941 9136.3720703125
185.1288147 116450.5859375
185.1648712 41114.26953125
186.0874939 58483.953125
187.0712738 16445.302734375
191.0850525 11247.8564453125
195.0772552 10965.197265625
196.1447601 51159.828125
197.1284637 84659.71875
198.0875549 13244.61328125
199.0718994 8612.9130859375
199.1807709 21104.49609375
200.1401215 17898.162109375
201.1235046 58885.6328125
204.0834198 10587.064453125
205.0973663 15393.728515625
207.1125793 15047.71484375
212.1033478 12880.3134765625
213.1598969 16789.19140625
214.118454 9408.6103515625
214.1554565 40773.4453125
215.13974 22518.662109375
218.1495972 22490.845703125
219.0791779 36523.421875
221.0923767 7824.6455078125
224.1388397 13923.353515625
225.1237488 19179.015625
226.0829163 18948.98828125
226.1182709 13507.6591796875
226.9732361 9605.6787109375
227.1762543 8684.5888671875
228.1348877 58821.83203125
228.1695404 9783.333984375
230.1131897 12703.306640625
231.1151276 16503.349609375
232.0754089 11755.458984375
233.0952148 7540.6103515625
233.1646881 13610.26171875
234.1440887 16103.42578125
235.1078796 143640.390625
240.0986938 10287.7841796875
240.1335602 15953.5419921875
242.1497498 37215.8359375
243.1338501 21954.115234375
244.0937805 40239.546875
244.1646576 11944.2197265625
247.1065826 13518.41015625
248.1612396 18204.3203125
249.0984192 11350.81640625
251.1033783 9291.66015625
251.1505432 9064.8017578125
254.1498566 8865.4912109375
256.165802 12951.6328125
257.1240845 71641.359375
258.5491333 9554.4501953125
260.1043701 10971.859375
263.1029358 97652.59375
264.1051331 9783.271484375
272.1589661 9310.6337890625
276.1344299 55185.375
277.1181335 19697.12890625
280.1677246 10065.9970703125
283.1446228 15196.439453125
286.1877747 13662.2705078125
292.1296387 14415.2685546875
294.1456299 10232.78515625
299.171814 17745.943359375
300.1562195 125319.84375
301.1121826 10079.7587890625
303.2137146 45339.34375
304.165863 39603.51953125
310.1769714 76182.1171875
310.2075195 8762.310546875
311.1778259 15115.2353515625
314.1467896 10615.4873046875
315.1315002 14939.8671875
316.1304321 14799.322265625
320.1244812 182202.875
321.1267395 14517.400390625
325.1868591 13041.712890625
327.1325684 13301.6572265625
327.2029419 12201.2353515625
328.1145325 19549.8671875
332.1618958 12571.39453125
341.2221985 9800.607421875
346.1372986 9773.9873046875
350.1353149 16188.5673828125
353.1811218 13873.56640625
354.1664429 14056.0419921875
387.1925354 10257.001953125
391.1582947 20143.521484375
391.2027588 21173.11328125
413.2049255 10345.8662109375
416.3008423 51701.52734375
419.1894226 12103.6357421875
425.1286621 10123.908203125
428.2035217 10824.755859375
441.1947327 11821.0205078125
442.1584167 49839.73046875
457.2505798 14046.525390625
474.254303 10548.173828125
487.7859497 13156.041015625
490.2316284 19888.427734375
528.2428589 16963.669921875
542.8133545 10850.306640625
543.307312 18266.875
544.3596802 21480.494140625
549.267334 17552.419921875
550.2714844 12372.431640625
552.2680054 10297.6611328125
555.2382202 10617.794921875
580.3280029 34944.0234375
580.8292236 12063.921875
586.2918701 15694.6962890625
589.269165 12698.361328125
591.8033447 11032.5283203125
607.3364868 17668.453125
607.8348389 14234.5087890625
612.3931885 12947.09375
615.8448486 48589.81640625
616.3459473 22863.830078125
624.2941895 38808.13671875
628.3823853 70945.3828125
643.3149414 46123.1328125
644.3110962 16525.177734375
645.4053345 216435.71875
646.409668 68942.453125
678.30896 18010.798828125
692.3693848 15464.91796875
716.383606 18658.474609375
723.4061279 40512.734375
737.3839722 16113.0400390625
760.4296875 115864.125
761.4341431 52000.7890625
762.4362793 13915.5029296875
780.345459 11775.3662109375
791.3953857 38182.9765625
806.3817749 48953.69921875
807.3897095 14364.4921875
860.4645386 15537.2080078125
861.4794312 248585.625
862.4841919 131566.28125
863.4899292 41395.59375
893.4824219 16858.82421875
902.5901489 13911.8779296875
911.4609985 15099.076171875
915.6013184 13649.837890625
961.4981689 18907.57421875
974.5606689 177857.046875
975.5692139 94734.2578125
976.574585 39492.25
979.5253906 12802.763671875
980.5391235 34798.8359375
1010.480957 16528.16015625
1011.489502 16187.009765625
1085.599609 14375.87109375
1102.620605 41544.09765625
1142.624878 33455.8828125
1159.647339 173637.09375
1160.648804 101265.4609375
1161.646362 34490.53125
1213.667358 21020.099609375
1230.683716 177130.390625
1231.683838 102491.7890625
1232.689453 51589.25390625
