1039.521324 2
72.08163452 37640.25390625
73.0477066 4949.109375
74.06083679 43603.66015625
74.48036957 3009.8767089844
75.04045868 2659.7888183594
79.72369385 2767.193359375
84.04508972 96786.6015625
84.08150482 277611.28125
85.08478546 22497.16796875
85.30296326 3206.0185546875
86.09714508 157478.46875
87.05599213 19763.6640625
87.10054779 3722.76171875
88.03994751 5768.6606445313
91.0580368 4148.7075195313
92.01694489 4345.7026367188
92.03419495 4876.8774414063
101.0715256 24196.5859375
101.1078186 14610.458984375
102.0554199 20987.646484375
102.0917816 5100.6176757813
104.0534821 4515.1206054688
105.0657959 3103.9038085938
109.7599716 3136.7268066406
110.0717316 38658.765625
112.0872955 5429.2841796875
115.021698 6425.3764648438
115.0504379 3400.2790527344
115.0869675 4412.46484375
116.016777 3939.6008300781
120.0810242 63966.34375
121.0842667 4968.0205078125
127.0869904 13024.2890625
128.0706787 3517.95703125
129.1025238 759296.5
130.086441 60492.46484375
130.0957336 4448.251953125
130.0975952 3574.5671386719
130.1060028 49626.1875
131.1177673 3689.4528808594
133.0432129 60618.4921875
133.059967 3254.0639648438
136.0758514 24920.18359375
139.0868378 12717.8740234375
141.1025085 14953.9423828125
143.4984741 2885.169921875
147.1128082 70175.7890625
147.3806305 2768.7692871094
149.0454407 3883.9997558594
153.1030273 2895.408203125
155.0818329 20224.55078125
155.1178131 15973.1787109375
157.0974731 5184.3017578125
158.0925751 5389.3471679688
160.042984 12663.6591796875
167.0557098 16004.818359375
167.1179199 5234.6557617188
169.0605469 6760.3740234375
169.0971375 4711.1020507813
169.1340027 3828.3557128906
171.0765991 5000.1337890625
173.0929565 4536.8486328125
173.1288605 17407.056640625
175.1193695 39454.79296875
177.1027679 13730.91796875
181.0966797 3145.7255859375
183.1135559 16455.453125
183.1495209 4226.04296875
185.1289368 20043.439453125
186.1227264 11189.802734375
187.071579 7205.8208007813
189.0874176 5080.62890625
194.1286774 3765.6799316406
195.0769806 4350.361328125
195.1131897 17642.587890625
197.1295776 4064.5434570313
198.1248627 3676.693359375
199.108429 3573.0847167969
200.1394348 21092.09765625
201.1231689 23402.68359375
203.103714 3904.7255859375
211.1078796 4570.953125
212.1400146 32247.626953125
213.0886841 5448.5532226563
213.1236115 6935.9145507813
216.1347961 4519.0966796875
217.0820465 4170.2543945313
226.0831299 4770.966796875
228.1346893 17087.662109375
229.1350555 5326.0834960938
230.1505432 56219.03515625
231.15242 13349.8798828125
237.1340942 5821.517578125
240.1356506 6856.1123046875
241.0823059 3315.6025390625
244.0928345 16196.0029296875
245.0959778 5548.5541992188
246.182312 3686.9692382813
247.1468353 3307.0285644531
249.1240387 20547.900390625
251.052948 4471.2465820313
259.1092529 4131.7001953125
260.1984253 4599.80859375
269.0621338 3650.0285644531
272.1073303 3642.4157714844
274.1226196 10946.455078125
277.1186523 36542.546875
285.1567993 4257.3994140625
286.1550293 4067.8076171875
288.2018127 3153.0888671875
289.1328735 25180.9609375
290.117218 13986.2294921875
299.0619507 35901.296875
300.0625916 12944.6201171875
304.166626 11963.123046875
307.1433105 132033.328125
308.1459045 15434.5234375
322.164093 5585.177734375
339.1680298 11775.8330078125
342.183075 6533.0703125
344.9755859 5565.9438476563
345.2144165 3783.7258300781
357.1743469 5392.3564453125
359.028717 5798.1611328125
359.2079773 12196.388671875
370.6887207 30655.111328125
371.1915588 6010.46875
377.2190857 16982.130859375
378.2224731 5881.1665039063
388.1638184 6080.474609375
391.1616211 65304.46875
392.1640625 12895.158203125
413.8197327 3341.5444335938
414.2321472 6038.384765625
420.2272339 29586.375
421.2287292 5371.5991210938
456.3197632 4101.396484375
461.2290344 7539.0131835938
461.7330627 3865.4377441406
469.7412109 18212.958984375
470.2417603 5589.5546875
476.2500305 21467.7890625
504.244751 23770.736328125
505.2514038 6076.7680664063
517.2423706 6172.046875
519.2689209 4894.0307617188
520.2608643 5280.7866210938
520.7703857 7320.5327148438
534.2686157 39249.765625
535.2709961 15846.9111328125
615.3146362 3586.900390625
629.3549194 4052.2211914063
632.3477783 3933.1994628906
643.3206787 14044.0234375
645.3094482 14580.494140625
646.3001099 5791.8095703125
663.3137207 34214.50390625
664.3074951 15314.28125
740.3633423 12192.50390625
793.3585205 5312.1333007813
810.3820801 124074.3828125
811.3848877 58974.2734375
812.3793945 22419.1484375
835.4238281 3529.1435546875
972.6578979 3951.9416503906
