1303.655414076 2
91.05508423 50466.72265625
103.0546646 73870.7890625
110.0717926 64302.38671875
110.8748474 30364.666015625
120.0810471 1406356.625
121.0842896 121612.21875
129.0652161 41886.46484375
129.1026154 412336.71875
130.086441 63200.78125
132.0808105 38829.7578125
133.0426636 53202.15625
136.0758362 1208417.125
137.079361 68451.5546875
143.1179962 38039.95703125
147.1126709 78528.84375
157.0974274 51873.58203125
159.0921326 37742.59765625
167.0806427 57872.69921875
173.1286011 190890.15625
175.1192322 126133.9375
183.1133423 39825.046875
185.0924683 66356.953125
195.7962189 33003.84375
197.1289825 40799.96484375
199.1803741 71656.03125
201.1234283 153268.234375
215.1395264 171162.53125
218.151413 70340.9609375
225.122467 47056.59765625
233.1650391 129146.6171875
246.1274414 48166.640625
261.1588135 39948.41015625
282.1098328 35723.25390625
283.1443787 658281.125
284.1471252 73378.4609375
311.1385498 151581.46875
330.1444702 39925.44140625
348.1548767 54140.08203125
350.3832397 32245.14453125
353.2177124 46613.640625
380.1583252 139831.59375
381.2134094 157127.171875
398.1708374 126629.3828125
399.1794739 39434.33984375
419.1902466 76386.6796875
465.2460022 58969.56640625
468.25177 47799.81640625
544.039978 40539.66015625
547.2907104 46852.1796875
565.2991943 740841.5625
566.3042603 272867.0625
680.3198242 51456.4140625
695.3312378 66076.5546875
793.4005127 48734.00390625
794.4055176 60010.54296875
907.4858398 79675.421875
993.5354004 107761.9609375
994.5166016 60199.1328125
1277.963867 40762.4453125
