1407.66004841186 2
101.0713272 76023.0
102.0554657 88232.4921875
103.6952667 8957.986328125
104.05336 53593.40625
110.071579 110292.515625
115.0866928 12597.2626953125
116.0708389 22664.2890625
120.0810776 184147.484375
126.0542221 10307.9375
127.0506134 17790.2734375
128.1078339 12827.3681640625
129.0664825 35008.05078125
129.1024628 211618.359375
130.0866089 143772.09375
130.0965118 16292.9482421875
130.1063538 13318.5595703125
136.0760956 99758.015625
141.1026306 16345.8994140625
143.0824127 15272.2451171875
143.1183624 91134.0546875
145.0613403 13679.75390625
147.1128082 225987.65625
153.0662079 58675.10546875
154.0489502 12659.1552734375
155.118988 12845.9140625
157.0976105 14902.2294921875
158.0918427 17754.91015625
159.0583496 18405.166015625
159.0912781 101523.4453125
161.0922394 62247.29296875
169.0980682 11342.1923828125
171.0764771 588578.0
171.1121674 76656.7265625
172.0807648 22324.6796875
173.0558014 34980.40234375
173.1286774 69767.0390625
175.1191711 126907.5859375
181.0606995 14519.404296875
181.0971222 34925.453125
183.1129761 39245.94140625
183.1492004 15122.0546875
185.1651306 22076.60546875
186.1239777 40678.04296875
187.1450348 32127.65625
189.0870667 64744.9296875
197.1288605 19867.080078125
199.0710449 21747.27734375
199.1083679 21604.322265625
199.1811981 14154.6103515625
201.1233063 202464.640625
202.1267853 18509.1796875
212.103653 14861.8798828125
213.0881653 13808.9169921875
214.1186676 186061.921875
215.1214447 18640.55078125
215.1394501 32572.625
216.1008148 12859.275390625
217.0823517 58661.67578125
219.079895 555484.875
220.0823669 58704.61328125
225.1234894 23231.74609375
228.1345062 11705.43359375
229.0646667 15089.3681640625
229.1178284 71749.5
233.1652679 14774.421875
240.0979614 62865.6953125
240.1343842 37237.19140625
242.1507721 48938.3046875
242.1859741 39205.2421875
243.1339417 57220.0703125
244.0940857 11666.6845703125
244.1654358 45636.5859375
245.077301 13924.0048828125
245.1299744 9818.6162109375
247.0747528 192409.90625
248.0778961 22248.9140625
249.1206512 11631.7060546875
249.1602173 16585.740234375
258.1083984 50524.66015625
260.1964111 154923.828125
261.2001038 11510.80078125
263.1393738 19708.65625
270.1453247 17722.837890625
270.1825562 11849.4697265625
277.1564636 10875.3017578125
278.1538391 14123.87109375
282.1110229 10471.9248046875
284.1057739 15450.443359375
286.1393738 46818.29296875
288.2027283 84879.484375
294.1477966 12631.46484375
294.1837158 12639.7490234375
300.119873 47111.23828125
300.1564026 43201.13671875
301.1255798 11826.70703125
302.1164856 58574.61328125
306.158844 10120.0302734375
311.1711121 38205.0234375
315.1676941 14472.203125
316.1460876 10389.826171875
322.1869812 44346.7890625
326.136322 13083.630859375
329.1813354 19444.021484375
330.1109924 52710.7890625
335.1376038 15930.2392578125
335.1903381 14487.0625
339.1655579 11645.8251953125
343.1615906 164977.484375
344.1419678 88398.2890625
345.1424561 64555.59765625
348.1222534 51009.75
353.1795654 13389.6962890625
357.1750488 13858.3916015625
373.2807007 73231.0
399.1315308 43302.71484375
411.2186279 11162.68359375
417.1423645 21887.947265625
428.180603 13309.9326171875
429.2340393 37509.36328125
440.2159119 10607.4638671875
442.2257385 52087.0625
443.2294006 13122.109375
446.1829834 11631.0458984375
454.1913147 17713.451171875
455.1770935 50420.96484375
457.2288208 22695.115234375
458.2262573 21632.109375
472.2028503 51846.64453125
488.3090515 105366.59375
489.3124084 20361.458984375
528.1723633 10992.18359375
540.2701416 14031.666015625
568.2637939 14778.1474609375
583.2301636 12537.1220703125
603.3349609 111435.6328125
604.3397217 17377.6796875
606.2929077 11985.015625
608.2526245 11168.619140625
622.3102417 97332.4375
623.3147583 38012.7265625
660.4014282 16078.8662109375
670.2702026 17257.412109375
688.2747803 34250.46875
688.3851929 17458.01953125
696.3204956 12309.9384765625
703.3834229 13994.328125
705.3897095 21180.5703125
711.3864746 11348.2490234375
716.4244995 107282.9453125
717.4224243 38323.5546875
739.3551025 14963.927734375
747.4041748 16343.9404296875
764.4128418 42937.98046875
770.3734741 22516.6796875
822.9204102 11943.8076171875
826.4647827 35929.0703125
827.4528198 86728.9921875
828.4486694 37008.0234375
844.4701538 50380.35546875
845.4805908 22674.16796875
851.3764648 69451.09375
852.378418 56712.06640625
853.3846436 13639.578125
875.447998 12084.857421875
876.4442749 19599.779296875
879.5255127 11514.091796875
885.4050293 12828.1572265625
945.3408813 14312.3017578125
947.4310303 14727.3486328125
955.4906616 17244.98046875
964.4642334 117639.375
965.4592285 61937.79296875
966.4481201 15587.05859375
973.5258179 66735.8515625
974.5129395 47040.6796875
998.484436 40807.23046875
1004.48175 19949.44140625
1005.477905 15162.78515625
1060.557251 117779.8984375
1061.543579 58840.84375
1062.556274 15724.5263671875
1063.515625 62108.46484375
1064.532104 20607.759765625
1161.595337 71728.7421875
1162.593628 47141.7265625
1175.557495 12931.62109375
1205.599854 13673.7333984375
