1291.66578738078 2
91.05480957 55289.921875
101.0714798 40760.453125
102.0557022 38501.66796875
102.8968735 23315.427734375
103.0548401 45026.328125
110.0720215 58704.52734375
112.0872498 34592.4921875
115.0218811 38810.73828125
115.0873718 42694.80859375
116.0708847 37754.31640625
120.081192 1697089.75
121.0845261 188178.984375
127.0865784 126787.3984375
129.0660248 48897.78125
129.102417 187224.53125
130.0654755 238745.03125
130.0866394 55915.5078125
133.0437317 33861.7890625
136.0760498 259411.328125
143.1174927 40551.96484375
145.0606842 44899.28515625
147.1129761 166990.578125
158.092865 41520.06640625
171.1127014 48404.6328125
172.074173 40074.67578125
173.1289063 115809.9921875
175.0868683 234897.890625
175.1188049 370995.71875
183.1494904 42778.625
185.12883 34540.40625
189.1030121 26774.568359375
197.129715 53760.578125
198.0881042 33279.41796875
200.1403961 29791.9609375
201.1237335 168853.859375
203.0843811 131202.890625
205.0820313 28831.748046875
207.1126099 35375.296875
211.1447144 33914.7578125
215.1394348 103604.7109375
216.0984039 98786.59375
217.0978851 234025.734375
219.1495819 388872.15625
220.1530151 106000.1796875
228.1337433 47839.67578125
229.1176758 28377.52734375
233.1663055 89930.0
234.1239014 850598.75
234.1452789 51640.890625
235.1278534 104641.2265625
243.1336517 104080.1328125
245.0926514 243009.65625
246.0954895 38157.30859375
247.1443634 226330.671875
248.1463165 42542.8046875
262.1188354 249187.0625
263.1014099 46131.38671875
264.6122742 27431.96875
274.1184998 36374.0625
274.1871338 27327.251953125
276.1551514 46652.23046875
290.1129761 53993.375
300.1551514 37816.83984375
314.1139526 42813.875
331.1416931 38986.04296875
359.263916 37207.0078125
444.293396 290297.21875
445.2943115 51892.3515625
486.2875671 123598.515625
487.2931824 139741.4375
488.2983704 60284.64453125
573.3336182 111396.7109375
574.3365479 40220.28125
628.3435059 55562.87109375
629.3389893 32505.490234375
645.3891602 59174.69921875
646.3980713 45487.92578125
667.3415527 35025.109375
686.4204712 277880.9375
687.4202271 105653.2578125
743.3597412 36346.1015625
759.4555054 29410.220703125
815.4594116 240028.03125
816.4598389 113890.390625
886.4932861 112744.3125
887.4953003 42795.78515625
913.496582 37210.8359375
929.5314941 132741.78125
930.5366211 61816.03515625
931.538269 50479.7421875
943.5205688 361584.53125
944.522644 231840.53125
945.5211792 43480.51171875
967.9293213 35334.79296875
1030.557495 754720.6875
1031.552612 475804.6875
1032.549438 128566.0625
1043.627197 36397.71484375
1187.599487 50277.078125
1188.599854 50314.07421875
