1201.53102451408 2
84.04501343 86744.9453125
84.08139801 142345.203125
86.09710693 419483.6875
88.0399704 12457.1396484375
89.44526672 9029.12890625
91.05497742 20975.072265625
95.04987335 11768.337890625
98.21453094 9857.7646484375
101.0713806 101460.265625
102.0554657 52524.48046875
103.054924 18878.720703125
104.05336 52206.39453125
110.0715942 66977.96875
112.087471 24099.248046875
113.0717087 11804.724609375
113.0915451 11696.2294921875
115.0869217 64259.12109375
116.0709 20248.15234375
120.0811081 1122905.25
121.0843277 77836.9921875
129.0664978 83205.5078125
129.1025391 330288.875
130.0865631 45348.7890625
130.0968475 12146.685546875
131.1179047 14631.1279296875
133.0432739 58943.3515625
136.0759583 444446.09375
137.0789948 38371.81640625
141.06604 92496.6171875
143.0817719 17569.15234375
143.1181488 69127.078125
145.0606232 15554.33984375
147.1128235 89017.1640625
155.0812531 86943.9140625
155.1184998 11651.048828125
157.1340027 11194.818359375
158.0926208 56624.046875
159.0769196 59288.3828125
166.0870209 96163.75
169.1332855 17167.75
171.0910492 12711.8388671875
171.1131744 26563.62109375
173.0922699 24142.103515625
173.1288452 48356.40625
175.1190643 266816.34375
181.0975647 52119.84765625
183.1130524 53871.0234375
183.1502991 14121.31640625
185.1287537 16306.4140625
185.165451 13640.7509765625
187.0724945 84453.7265625
187.0869293 14585.6220703125
197.1282654 17476.298828125
200.1030884 188294.1875
201.0872498 18447.59375
201.1234894 89924.609375
203.0665436 13812.60546875
204.0799713 20524.533203125
204.1340179 19982.767578125
214.1187134 60158.1015625
219.1494598 61635.74609375
223.1089935 44782.53125
225.1228485 12578.1513671875
226.1176758 13933.4921875
228.1342163 43650.765625
229.1291962 25736.30859375
231.0614166 54271.71484375
232.0758362 24047.751953125
235.1075592 54046.50390625
235.1447601 24357.373046875
240.1339264 14911.634765625
242.1504211 70439.5078125
244.0932465 15775.873046875
246.1560364 60600.5390625
247.1073761 18071.11328125
247.1449127 47023.50390625
254.1503754 19063.015625
256.1659241 13174.1796875
258.1450195 47192.83203125
260.1424866 17191.263671875
262.1405029 17247.6328125
265.1177673 52042.1875
271.1407471 22978.962890625
271.1766357 54023.12890625
276.1568909 14182.8740234375
283.1434937 148336.671875
284.1468201 20999.97265625
285.155426 24482.7734375
288.1343689 45968.6953125
299.1727295 46284.22265625
300.0830383 16130.76171875
300.1560669 23753.431640625
304.1271667 16461.76953125
305.1148376 12463.8720703125
311.1391907 20086.966796875
313.1869202 13236.7880859375
317.2184753 21152.099609375
318.0935669 19180.22265625
319.1600037 16385.9296875
325.1871643 12053.974609375
327.2019958 19801.45703125
328.1976318 39222.89453125
334.1390381 67091.1484375
339.2031555 24241.46484375
345.2249146 72489.8828125
361.116333 80776.4921875
367.2016296 13883.8984375
381.3905029 13054.43359375
406.1948853 75030.0546875
407.191864 13068.2001953125
457.2502136 52322.87890625
474.2683716 72433.7890625
491.2402649 12368.90625
504.2926941 514365.625
519.2764893 62030.6875
544.2854614 24915.33984375
545.3040771 169144.078125
546.3121948 76337.7578125
559.3534546 121458.65625
562.2734985 42724.625
585.3322144 21907.419921875
592.3110962 16112.9853515625
598.373291 13263.58203125
601.3853149 16269.7607421875
602.3619385 309673.0625
632.3602295 19147.517578125
688.3121338 26478.4375
689.3132324 14345.5927734375
695.4177246 98039.8828125
696.4158325 51993.56640625
705.3340454 389438.15625
706.3375854 160676.5
707.335022 26111.8671875
711.4048462 46505.19140625
712.4187622 18585.796875
772.3901978 60280.48828125
773.3917236 18259.091796875
774.4276123 57528.67578125
776.4348755 12934.4248046875
823.5044556 16221.572265625
868.3970337 155960.546875
869.4003906 105033.6171875
870.3943481 26313.78125
885.4684448 49008.953125
902.486084 22155.640625
954.5490112 19112.462890625
961.4909668 23714.892578125
1015.452515 16232.396484375
