1263.65855045938 2
91.05491638 14669.9267578125
92.02883911 13512.181640625
101.0715942 78830.359375
102.0556946 111668.421875
110.0719223 67393.2734375
119.6618195 11305.0654296875
120.0810471 28700.5
129.0663452 19753.115234375
129.1024475 176854.53125
130.0864868 136390.265625
133.0435333 13926.5341796875
136.0759125 233085.21875
147.1129913 231740.546875
157.0608215 14348.685546875
157.1337891 437634.25
158.1373901 17081.41796875
169.0617676 15196.35546875
171.370697 16033.2197265625
173.0557709 54723.8359375
173.0923309 21651.76953125
175.119339 74834.953125
183.1133423 113176.8515625
185.1288147 506864.4375
186.0876465 77336.1015625
186.1323242 13967.576171875
199.180603 17757.62109375
200.1847382 16508.30078125
201.086731 93525.8671875
201.1234131 161381.1875
211.1082764 19283.57421875
226.1189423 127591.15625
228.1348267 14799.0947265625
229.1186829 19986.5859375
233.0948029 13881.8935546875
234.1456757 25240.5546875
240.0969543 17174.013671875
240.1343994 51220.77734375
243.1344299 22977.58203125
244.1291962 77775.0625
245.6732483 13249.7373046875
246.1579285 15329.783203125
246.1812897 54926.19140625
258.1072998 23243.626953125
258.1453857 26091.1171875
260.1973572 49139.4140625
276.1566467 69750.9375
283.1820984 18576.82421875
285.1559448 82306.0546875
286.1399536 52985.046875
286.1769409 15706.748046875
293.1130981 60682.78125
304.1298523 17845.78125
314.1720276 186758.578125
315.1300659 14853.97265625
315.1716919 20720.9609375
339.1683655 18960.880859375
349.1511841 23245.3828125
356.2290649 29947.17578125
357.2130127 114382.171875
371.2284546 16768.234375
372.2344666 12795.9560546875
374.2398987 24814.103515625
389.2444458 37300.23828125
393.1365356 12148.6484375
396.1871643 52531.2109375
421.1738892 74066.875
461.1685486 26851.283203125
478.1928406 27988.18359375
500.2366333 18638.767578125
502.321228 20082.03125
503.2810059 52573.28125
559.2523804 15287.2119140625
577.2612915 14059.15625
589.355896 79917.1328125
596.2748413 21650.103515625
606.2486572 16137.3759765625
615.3303833 14269.4482421875
631.2880249 62337.10546875
631.4195557 12068.603515625
632.3674927 116588.875
633.3485718 17934.431640625
666.3569336 91679.078125
688.2867432 14383.5283203125
704.3317871 23246.79296875
705.3165894 15724.0048828125
743.3459473 14549.0234375
759.4178467 15832.181640625
834.3929443 22867.962890625
851.4268799 219086.296875
852.427063 90193.1484375
853.4263306 20954.595703125
950.4762573 57943.2890625
951.4933472 22830.48046875
1079.520874 21852.08203125
1080.532959 48377.515625
1132.527466 19616.1953125
