1518.80818287697 2
110.0717392 186794.515625
111.7814407 7526.8666992188
115.0868683 18630.017578125
115.0966339 7127.8642578125
116.0710602 7369.7290039063
120.0811005 132652.125
122.7438965 7935.0043945313
127.0867615 40101.4765625
129.0660248 34581.84375
129.1024017 99940.5703125
130.0497437 10268.2216796875
130.0652771 20221.150390625
130.0862274 38121.87109375
132.0803223 11623.4140625
133.0432892 14686.22265625
136.0758514 135082.40625
141.0667572 8194.3505859375
141.1024475 56956.01953125
142.0863495 34659.87109375
143.1176758 14512.984375
147.1124573 61217.38671875
155.0818939 8170.2412109375
155.1176453 103119.0625
156.0773468 16235.154296875
157.0616302 16704.48828125
157.0971222 59046.6015625
157.1336823 13681.3828125
158.0925446 15811.2236328125
159.0784607 17135.884765625
159.0917053 95423.0390625
167.0819855 9310.71875
169.0976715 17205.998046875
169.1338806 53592.8359375
170.0605927 13027.67578125
171.1126709 44078.2109375
173.0925446 46366.1875
173.1285248 16892.56640625
175.1190796 124470.9609375
178.086853 8754.9150390625
181.0968781 12415.3271484375
183.1131134 136252.203125
183.1488495 10547.7080078125
185.0928192 21035.318359375
186.0879211 9845.177734375
187.0718842 10662.3466796875
187.1079254 242336.59375
197.1286926 65577.9375
199.1088867 13424.6796875
200.1394958 605090.5
201.087326 41753.9375
201.1233826 57170.4765625
201.1426239 61939.8828125
202.082428 19226.166015625
204.1347198 8405.1494140625
211.1078949 16537.685546875
211.1448059 10375.90625
212.1032562 12392.921875
213.0869598 41868.78515625
213.122406 10602.3330078125
213.1591492 9460.2548828125
215.1033783 59545.45703125
215.1396027 35068.625
217.1369476 37504.359375
223.1080627 34902.91015625
226.1195221 62547.3203125
227.1747589 12268.123046875
228.1133881 9129.0361328125
228.1342926 250366.859375
229.118454 43855.3671875
229.1381989 17723.6328125
233.1290283 34284.54296875
233.1638794 27281.013671875
240.097702 12061.9755859375
240.1341095 19052.59765625
241.1339417 44692.23046875
242.1505585 44923.4453125
243.1333618 15534.90625
245.131424 41473.22265625
246.1257935 14230.087890625
249.0992889 11860.6318359375
258.109314 11384.3271484375
258.159729 46435.65234375
260.1968079 12364.984375
261.1569824 10838.9140625
266.1500244 11155.484375
267.1101074 13357.4853515625
268.1653748 16148.4921875
270.1477661 9048.8759765625
270.181488 46517.43359375
274.1195984 17506.107421875
274.187439 153083.15625
285.1561279 10012.3955078125
286.1548157 16417.474609375
304.1644592 17104.572265625
327.1660156 14171.1669921875
330.1299133 49234.6328125
331.2340393 19215.888671875
332.124176 11573.59375
341.1464844 9831.740234375
341.2193909 39500.95703125
355.1600647 14314.5439453125
358.175415 13499.23828125
365.1798706 9835.2138671875
371.1908569 11206.716796875
383.1938171 66659.9765625
384.1919861 16184.7021484375
392.1971436 8782.771484375
418.264801 19236.048828125
429.5985413 9796.6396484375
452.2150574 13241.2099609375
474.2629395 15628.4990234375
492.2151489 13687.5107421875
501.2515564 9346.5244140625
502.2667236 10098.5166015625
565.3317871 56806.015625
573.2880859 10515.353515625
578.2630615 13416.3193359375
620.3163452 36892.1484375
677.309021 10732.8935546875
680.3578491 33166.3515625
689.3496094 12854.6572265625
733.3986206 13324.447265625
751.3948364 51307.59765625
760.3777466 14132.0595703125
773.3738403 41291.4140625
778.347168 14446.794921875
779.3452148 13191.8583984375
846.4135132 12060.17578125
856.4286499 10498.1904296875
862.4555664 17129.76953125
873.4223022 18253.873046875
893.3762817 10312.41796875
895.9483032 12548.7939453125
896.4498291 9629.1923828125
901.3659668 13689.2412109375
910.4112549 12103.3134765625
941.4615479 11461.94140625
947.522583 92761.6171875
948.5089722 50864.5859375
950.4508057 15514.0947265625
977.4662476 48485.9609375
978.4747925 16440.318359375
992.468811 34824.14453125
1013.4328 10307.115234375
1034.545532 13489.9375
1087.53772 14203.1328125
1090.528442 15007.474609375
1121.558838 20739.166015625
1122.563965 10747.2158203125
1145.581421 15539.02734375
1178.603516 80791.453125
1179.582886 54391.5390625
1180.606934 14393.994140625
1258.618652 12039.119140625
1264.580811 19867.88671875
1291.679688 15284.294921875
1292.671021 19614.248046875
1373.646973 16252.3427734375
