3285.36173283185 3
226.0802612 8769.248046875
244.0915833 9597.8515625
249.0986176 5858.8891601563
266.1238098 12621.919921875
288.2015686 8263.7421875
296.1964111 7944.4877929688
314.2113037 7889.9047851563
344.1280823 9770.9462890625
411.2513733 6754.07421875
456.2282104 8437.7216796875
464.1896057 15227.3076171875
475.1640625 7828.2758789063
521.2548218 9505.912109375
574.2754517 8411.9482421875
576.213501 12917.4609375
592.2510986 15220.654296875
616.3585815 9612.421875
633.3706055 75403.59375
634.3728027 31193.955078125
668.3186646 9385.888671875
705.3266602 15816.6240234375
726.7810669 12232.3037109375
793.3991699 47271.52734375
794.4043579 11717.7119140625
799.3451538 33504.390625
800.3466797 10404.8525390625
806.3779297 16022.798828125
880.4299927 58618.5859375
881.432312 33785.52734375
882.4193115 13777.8857421875
951.4749146 64611.13671875
952.4708252 32014.349609375
1052.506592 14911.8671875
1078.502075 11994.65234375
1094.587524 31864.56640625
1095.604736 133821.4375
1096.511475 505209.625
1097.510498 153644.921875
1111.496826 83408.0234375
1112.505981 65539.3828125
1113.484253 13881.3837890625
1258.575684 79403.7109375
1259.570923 50357.29296875
1260.560913 14078.3125
1387.614014 15218.0205078125
1503.645996 15325.5517578125
1602.697021 12578.5126953125
1604.772705 11131.009765625
1800.77478 15801.1396484375
1801.796387 16229.7763671875
2910.690674 10617.6025390625
3357.365234 10699.93359375
