914.574313842372 2
63.68984222 9466.3818359375
70.065979 293229.53125
70.069664 17147.626953125
71.06938171 15112.7099609375
71.08611298 19493.12109375
72.0814743 112033.84375
74.06080627 22562.2890625
84.04508972 38779.53515625
84.08145142 62061.375
86.09712982 662234.4375
86.10247803 22201.56640625
87.05615234 14346.9560546875
87.10056305 45655.78125
98.09687805 15221.560546875
102.055748 24592.14453125
104.0534286 243581.015625
110.0718918 21012.896484375
115.0868225 12165.37109375
120.0810471 295439.625
129.1023254 133740.828125
130.0866699 88326.3203125
136.0758972 61704.046875
141.1021271 12458.24609375
143.1174011 14985.1376953125
147.1127014 129200.4375
158.093277 18181.30078125
159.0909882 10112.515625
169.1340027 16705.8984375
172.1156158 271189.75
173.128952 55747.62890625
174.1027374 43225.47265625
175.1191864 60586.62890625
178.7484436 9535.671875
183.1138458 13998.103515625
183.1493988 116055.140625
185.1654816 17696.736328125
193.4406128 9140.943359375
197.1289215 16145.494140625
199.1812897 57116.20703125
201.1230621 69580.375
211.1435394 95431.9921875
217.1370239 538623.125
218.1404114 46124.18359375
219.150528 12732.580078125
226.447052 9178.2705078125
229.1005554 16753.70703125
239.0963745 15485.6162109375
242.7050476 9970.6962890625
245.1324158 46032.7109375
249.1233215 11790.2451171875
260.197998 52504.03125
261.1595764 10005.4990234375
277.1180725 14322.2265625
280.1662903 64439.69140625
287.1877136 72109.609375
288.1882629 11503.1455078125
296.1964111 13076.9375
298.177063 107172.1796875
314.20755 16928.568359375
335.7277527 109368.40625
336.230896 45930.59765625
365.2539673 15228.7294921875
373.2806396 23537.923828125
383.2652588 47441.55859375
393.2480774 85261.2109375
394.2507629 17325.2265625
411.2615967 93847.296875
460.3128967 92340.8125
496.3482361 20379.94140625
524.3440552 15916.4677734375
573.3966064 64431.92578125
574.3925171 11228.3017578125
600.3877563 36218.69140625
670.4475098 132382.734375
671.4517212 21177.3984375
866.7334595 11724.5078125
