1010.45623173667 2
70.06596375 934860.5625
72.08162689 485278.8125
72.51602936 65368.28125
73.08460236 50880.00390625
74.06080627 100005.515625
78.76194763 61351.21484375
82.95407104 65091.875
83.06118774 380716.03125
84.04516602 734579.8125
84.08152771 341750.09375
86.09724426 537099.625
86.1018219 58976.87890625
87.0562439 58260.2734375
101.0715866 364427.4375
102.0557022 86487.625
104.0534821 75190.1953125
110.0718689 264986.5625
112.0871048 58177.56640625
119.8681641 52307.40625
120.0810928 1272468.875
121.0844269 117366.1640625
125.0713043 74990.3984375
127.0867691 93098.828125
129.1031647 208218.921875
131.0818634 251283.734375
133.0433044 710246.0625
136.0758972 336836.75
141.1026917 61958.30859375
143.0812836 246433.125
143.1190796 77105.5234375
147.1127625 140347.078125
153.0653381 80651.2265625
153.1032867 64567.12109375
154.09758 626963.4375
155.0816345 576855.0625
155.1013489 62053.9921875
158.0927734 113162.625
162.6987305 58256.75390625
169.0975037 112191.2109375
171.076767 252651.109375
172.1086578 360039.15625
175.1192474 724054.25
182.0928345 666065.3125
183.0763245 285188.96875
190.0976105 99562.875
201.1056061 135281.75
229.0999146 81937.3984375
234.091568 99751.609375
240.1342926 71527.3125
251.1219025 65688.7734375
251.148819 82622.7578125
252.0973358 64479.0625
258.1445007 133834.875
276.1586304 69482.109375
305.1616211 277232.59375
321.1549988 106520.6171875
322.1873169 140836.078125
338.1838074 59358.0546875
342.1246338 80310.921875
343.1072388 136558.0625
351.6730957 102480.8515625
353.1457214 94479.171875
453.2289734 96809.5390625
496.7276611 271221.21875
497.2278137 140354.171875
497.7292175 77945.6484375
533.2581787 86162.453125
543.3145142 69189.9375
550.2819214 1068134.25
551.2800903 400031.0
552.2713013 61090.1953125
607.2991943 71187.6171875
608.3108521 71253.8828125
609.3109131 60219.15625
651.3259888 276993.375
701.2640991 63026.84375
702.3202515 113331.0703125
703.321106 100473.75
811.3554688 302637.4375
812.3568115 277299.4375
870.7694092 70743.65625
882.395813 89843.828125
