1435.76710522346 2
101.0716934 97388.8671875
102.055542 23507.53125
103.0546494 15128.630859375
104.0534592 23894.314453125
110.0720367 13964.779296875
120.081131 349245.9375
121.0845032 19414.517578125
127.0875549 25483.302734375
129.1026001 56695.3515625
130.086853 17459.177734375
133.0435333 35136.36328125
134.6223907 12569.9072265625
136.075882 90347.0546875
141.0661163 13912.296875
141.1024475 81921.09375
147.1130371 31106.70703125
155.1179657 80730.5390625
157.0970154 27017.125
158.0931854 26600.615234375
159.0927124 20473.5546875
167.0821533 90584.8515625
171.0764313 19616.265625
173.1287384 24838.447265625
175.1190033 185531.046875
181.0973511 20760.271484375
183.1134033 94273.140625
185.0918884 63904.64453125
185.164856 57338.13671875
186.1237946 74179.953125
187.1077881 18393.728515625
187.1444702 18885.509765625
197.1289978 18274.037109375
198.0879211 57017.0625
199.0718994 14529.3779296875
200.1394806 548487.3125
201.1249847 28080.490234375
201.1430359 74558.203125
204.134903 16574.8515625
213.1598206 24358.734375
214.1188812 86859.6484375
215.1389923 16113.0869140625
228.1346436 286825.03125
229.1395111 21148.724609375
233.0954742 24550.94921875
233.1291199 28500.703125
233.1640625 23394.712890625
243.0787964 27328.2421875
244.1659698 20634.654296875
247.1081696 18826.37109375
261.1234131 23240.857421875
274.1044922 17704.609375
299.1349792 55975.42578125
301.186554 74624.015625
315.1664734 18550.728515625
357.2493896 20288.998046875
371.1369324 34338.484375
375.2030945 63361.64453125
384.225708 20663.9140625
393.1582031 17588.31640625
407.2070313 30962.970703125
412.2203674 24557.88671875
421.1556702 20427.267578125
435.1343994 19792.8203125
440.1591187 83804.890625
441.198822 17250.978515625
458.167511 20496.158203125
520.2859497 25670.65625
531.2871704 16235.0087890625
551.2925415 93225.0078125
552.2878418 17210.693359375
633.371521 24483.376953125
650.3696289 116798.8125
651.3618774 24950.798828125
661.8290405 16981.302734375
718.3863525 16139.345703125
721.3284302 33927.7421875
761.4316406 90866.78125
763.4393311 28360.46875
819.4664917 16865.482421875
844.4842529 27652.833984375
853.4324341 22701.0546875
854.4447632 17851.287109375
860.5036011 146312.859375
861.4987793 76937.140625
877.4891357 24762.46484375
915.5238037 31372.923828125
959.5636597 23049.955078125
964.5016479 86760.28125
965.5128174 63680.42578125
1007.504761 22377.552734375
1046.604248 99481.5859375
1047.58374 23781.009765625
1061.572144 401232.1875
1062.570679 267587.28125
1063.549316 61613.94140625
1175.655518 25407.609375
1208.644653 108672.5234375
1209.623047 76684.078125
