2172.92354830285 3
175.1190338 7699.7182617188
178.9806213 4779.9155273438
197.2721405 4292.6025390625
199.1075287 51608.640625
199.1203613 3340.6967773438
200.1116486 6529.2412109375
201.0875244 4619.1459960938
209.0926056 9083.8349609375
213.0334167 8038.5693359375
220.0765381 5568.1640625
227.1029968 97842.28125
227.5740509 4807.9555664063
228.106781 9925.6787109375
229.1206665 5114.7744140625
248.0707855 55957.34375
256.1293335 27036.1796875
259.0924683 9044.376953125
269.3223267 4427.9838867188
275.208252 12781.66015625
294.2845154 4961.1147460938
298.1401672 7597.1938476563
324.1542053 10533.91015625
338.1373901 10027.5458984375
347.140564 11080.5703125
447.2573853 11215.9228515625
453.1963806 5493.3969726563
476.1789246 7830.0341796875
509.6141663 5620.1254882813
558.7640991 23566.546875
559.2697754 9063.734375
605.2245483 7671.6518554688
619.3042603 22246.185546875
632.8137817 12707.6630859375
633.3152466 7744.53515625
671.812561 10070.8955078125
672.3117065 30886.548828125
724.3404541 88549.671875
725.348999 57463.56640625
726.3574829 22870.482421875
748.3442383 7985.2778320313
819.3914795 11010.064453125
890.4225464 19520.71484375
942.4752808 9637.2421875
1116.5177 81182.7890625
1117.52356 43558.18359375
1339.324829 6698.16015625
1342.625977 33325.109375
1343.61084 18517.923828125
2065.493896 7159.9780273438
