1511.76088377238 2
110.0719223 32631.8125
112.0874786 22897.9375
120.0809784 289321.90625
127.086586 26843.20703125
129.0663452 28752.32421875
129.1023407 139857.578125
130.0653076 22223.05078125
130.0867004 32671.32421875
133.0434418 39095.66015625
136.0758667 122801.78125
142.086731 33821.90625
143.1723328 18763.26171875
147.1127014 125259.8203125
158.0931854 24133.79296875
159.09198 70183.9765625
165.1025696 83135.578125
169.0974579 20014.15234375
171.0767059 36245.45703125
175.1194 144031.75
175.3811493 18130.46484375
178.0644836 18284.236328125
183.1139374 38079.859375
183.1494446 172442.578125
184.1529999 20284.134765625
185.1286926 23467.9453125
185.1653595 25112.36328125
187.1078796 619401.8125
188.1115265 30338.8359375
200.1024475 34973.84375
200.1396484 73732.7109375
201.1235504 84198.8046875
205.0986786 18365.521484375
207.0813446 30468.724609375
211.144455 97575.5390625
215.1031494 381653.53125
215.1385498 29012.314453125
217.0823212 19444.0
226.1175842 21633.7421875
228.1355743 37387.83203125
229.1181183 152914.546875
234.1281128 65806.625
235.0753021 120559.640625
243.1349792 23466.6640625
245.077179 122203.0703125
257.1612549 109037.546875
258.1448059 186135.8125
259.1089783 28241.89453125
261.1407166 26946.392578125
275.1714478 110128.25
276.1350403 152251.984375
278.1532593 26589.0703125
289.1339111 99790.5
290.1363831 26760.89453125
295.1423035 26464.12890625
297.1560669 77366.171875
299.1724548 109709.421875
299.9643555 19550.486328125
304.0938416 22498.759765625
306.160675 305010.25
307.1628113 66886.984375
315.1658325 31536.826171875
317.1279602 26201.900390625
328.1885071 33036.3359375
334.1553345 343969.34375
335.1575623 80627.2890625
342.1327515 25622.353515625
342.1772766 96584.8515625
358.1594849 25950.0859375
359.2042236 267584.71875
360.1015015 66768.6875
387.2037048 22322.5859375
398.2402954 158710.5
416.2626038 22592.94140625
422.2387695 256328.921875
423.2416687 85809.9453125
436.1992188 28399.6640625
441.2185669 29433.380859375
443.2135315 75786.2265625
444.2149048 21105.791015625
456.2150879 21537.8671875
470.7605591 22100.986328125
481.2242126 95071.984375
482.2202454 24367.162109375
488.2456665 166851.859375
564.2583008 30807.541015625
569.3078613 97517.2265625
570.3106689 31473.189453125
582.3121338 25450.896484375
612.3808594 114685.1328125
617.2856445 178231.265625
618.2938232 40030.7890625
640.3669434 20660.59375
653.7693481 19105.24609375
663.3255005 23969.708984375
712.3567505 23357.572265625
730.3718872 160769.515625
731.3710327 74152.3515625
738.3572998 22572.310546875
755.3831787 273789.375
756.2669067 47892.2734375
756.3855591 178453.40625
757.3798218 54898.71875
810.3897095 77761.34375
843.4545288 32660.630859375
940.5083618 715004.3125
941.5139771 374190.59375
942.5021362 103314.3515625
957.4484863 108267.8203125
1028.488892 68698.046875
1051.517456 34555.64453125
1069.544434 145383.546875
1070.546997 98332.15625
1184.575439 195984.40625
1185.57312 169585.328125
1191.543091 67052.796875
1192.551636 25026.62109375
1297.643066 88056.984375
1298.673828 22705.859375
