965.480733192274 2
70.06596375 721767.625
72.08152771 168014.046875
84.04484558 143010.734375
84.08153534 1319351.25
86.09710693 2563091.25
88.03991699 455987.8125
104.0541 78693.8671875
110.0717316 748384.5625
120.0810776 167485.703125
129.1026001 878479.25
130.1067047 92275.2578125
136.0757446 779904.5
138.2894592 88208.6640625
147.1127625 125670.265625
158.0563507 186247.75
158.0921021 124465.640625
159.092041 191257.53125
175.1192474 796692.6875
185.0562897 148702.25
187.1439514 146240.078125
201.1238403 142936.765625
230.0778351 158039.296875
232.3146515 74547.2890625
244.1271057 95308.5625
253.0935211 170362.875
272.125 176524.203125
273.1231689 96373.125
280.1353455 94487.703125
280.1650085 94441.5703125
291.1439819 476270.34375
291.6452637 169119.640625
302.3060608 87299.28125
312.1656799 98008.640625
329.1930542 1866681.875
330.1964111 175744.671875
385.5713196 95131.7109375
444.2177429 166390.59375
487.2655945 369869.1875
574.2929688 148341.234375
581.2776489 205715.53125
694.3660278 112794.671875
695.3634644 95994.125
722.375 131803.78125
1001.114258 99623.9375
