1150.632369811 2
84.04518127 94913.1171875
84.08146667 181342.78125
84.48230743 6631.0400390625
85.08489227 5696.9384765625
86.09713745 1659688.625
87.05589294 22720.087890625
87.10034943 90031.375
88.04014587 10920.85546875
91.05498505 34432.4140625
93.07053375 6840.6455078125
101.0715561 45052.23046875
101.1076736 11583.1904296875
102.0554352 80570.1484375
103.0540085 6877.3208007813
104.0532684 45979.99609375
106.8889694 6410.77734375
110.0717239 52422.625
110.7187805 6615.4409179688
115.0871811 25835.90234375
116.0712357 12951.6611328125
117.0666428 8846.568359375
119.0496445 14434.537109375
120.0811768 209223.203125
121.084816 13795.3291015625
126.0552139 12549.9443359375
126.7095261 6142.1049804688
127.0869751 11265.8876953125
129.0662537 14002.1220703125
129.1024933 236242.5
129.1114655 12584.3681640625
130.065567 38166.73828125
130.0865479 94662.03125
131.1181793 7082.3706054688
132.0809479 23413.53515625
133.0437317 8583.4697265625
133.0611877 5668.0678710938
136.0758057 471067.03125
137.0791473 35352.9296875
141.0657501 10613.1171875
141.102066 11928.3359375
143.0817261 24620.431640625
143.1183014 33440.98046875
144.9330902 6290.671875
145.0977936 7644.912109375
147.1129608 150674.0
155.0817413 6998.087890625
155.1184692 14701.7294921875
157.0032959 7592.2192382813
157.09729 10564.2275390625
157.1340637 14430.5126953125
158.092453 25729.748046875
159.078125 10287.6240234375
159.0919647 62803.4375
160.0956726 7776.4970703125
169.0615387 10388.505859375
169.0975189 25720.9453125
169.1333008 12227.689453125
171.0765076 29826.125
171.1132202 37233.25390625
173.0925751 6902.0180664063
173.1284332 14355.7119140625
175.0866241 9357.5419921875
175.1194611 81808.0390625
177.102829 7422.5659179688
183.1132507 55131.2109375
185.0920563 6936.41015625
185.1286011 10543.783203125
185.1648407 35054.96875
186.0882874 8968.6494140625
186.1688995 9265.4189453125
187.0719299 49227.94921875
187.0867004 9441.6787109375
187.1083984 8746.8310546875
187.1453705 7025.828125
188.0712891 12120.4697265625
188.102951 7321.25
189.0873871 15410.0078125
197.128952 29643.541015625
198.1247559 8236.931640625
199.071579 14589.7275390625
199.180603 561781.9375
200.1034851 42027.73046875
200.1845856 75159.53125
201.0874176 10085.8212890625
201.1061401 13400.16796875
201.1236267 203000.84375
202.1079407 62552.04296875
202.1268616 25214.947265625
204.1359558 26557.96875
205.0979004 33410.21875
207.1129761 76938.0078125
208.7847748 7126.2329101563
212.0366974 6605.79296875
213.160202 36599.6171875
215.1382294 50009.6640625
216.134079 50052.3359375
217.0808105 9377.703125
217.1003876 7515.2270507813
217.1355591 10316.23046875
223.1079712 39728.3515625
225.1007385 10862.0478515625
225.1240387 6066.6459960938
226.1196594 28503.0390625
227.102005 7235.3012695313
227.1754456 146359.75
228.1348267 26191.56640625
228.1786957 11272.703125
229.1183167 135766.8125
230.0778656 6413.8393554688
230.1209259 7898.8540039063
233.0932617 8289.9521484375
233.1655426 10279.322265625
234.1451111 152111.25
234.1684875 10303.4208984375
235.1075134 73201.5234375
235.1457062 27030.408203125
240.0976715 9204.634765625
240.133667 11088.50390625
241.134613 9387.04296875
242.1503906 24151.298828125
243.1350098 42549.5859375
244.1309662 8345.2705078125
244.1658325 25009.82421875
249.1600037 48488.94140625
251.1030884 35385.50390625
260.1989746 10883.244140625
261.1264343 7628.126953125
261.1567993 9629.201171875
262.1201477 9208.6640625
267.1073914 8130.138671875
269.1841736 6626.8310546875
270.2184753 6659.7670898438
272.1718445 29534.73046875
277.1552429 27926.046875
282.1472778 9845.3388671875
282.1833191 10630.90625
286.1443481 8779.751953125
287.1495667 8372.341796875
288.2030029 30869.962890625
297.1833496 8190.5634765625
300.1561279 70007.53125
306.1459351 7971.4594726563
310.1765137 42672.17578125
311.1380005 6619.91796875
327.1639099 9619.3408203125
328.1500854 30808.708984375
330.1699524 7641.4423828125
334.1395569 8533.265625
334.1763306 10399.5849609375
339.2026672 13314.87890625
342.2035522 99972.2578125
343.2046509 24870.85546875
347.2306519 8487.5380859375
358.1621704 15035.08984375
364.1846924 15681.8671875
369.1723938 9244.2734375
379.1986084 28574.947265625
385.2061462 14500.3916015625
394.2180176 6511.71484375
397.2095642 182686.828125
398.2122192 40004.3359375
399.2202759 8504.3232421875
415.1824646 135049.375
416.1844788 12662.4580078125
421.211792 9104.873046875
430.2298889 7882.4868164063
431.1516418 7071.8237304688
445.2065125 8450.296875
474.2831421 7300.328125
483.2431335 9141.140625
500.2727051 47694.703125
501.2749329 7228.6884765625
510.2932434 13082.8134765625
515.3188477 9008.02734375
528.2646484 57929.578125
529.2680664 15056.65234375
532.2669678 8392.0498046875
567.3148193 114688.8671875
568.321228 48433.83984375
572.3045044 27529.396484375
603.3605957 106138.890625
604.3660278 47811.9921875
621.3477173 9948.4560546875
678.3443604 29878.04296875
679.3579712 9942.373046875
685.3966675 9505.0693359375
696.3545532 73967.8203125
697.3568115 29661.123046875
716.4526367 21392.72265625
717.4562988 8805.482421875
724.3557739 8115.0009765625
804.4187012 7457.8203125
809.4415283 78827.8046875
810.4448853 25851.259765625
827.4831543 9584.255859375
845.5108032 9864.7783203125
896.4476929 23089.18359375
901.5036621 21069.5703125
907.4492798 11316.8095703125
915.5287476 31558.064453125
924.3010864 7155.7978515625
924.4682007 131787.234375
925.4715576 85672.6171875
1037.543213 31367.8125
1038.55957 13896.2724609375
