2346.13381394331 2
162.4078674 5843.9184570313
173.0782471 6046.501953125
173.0920563 13408.6337890625
187.0711975 7770.2729492188
187.1430511 8328.0888671875
188.2602081 5822.7958984375
200.1387329 16136.806640625
201.0867767 54833.97265625
215.1389465 13674.7412109375
225.1234894 8655.3271484375
225.8856659 6505.5336914063
226.1545715 35413.8046875
244.1662445 111273.359375
245.1690979 7664.8813476563
261.0917358 19292.001953125
286.035614 7453.177734375
290.3381348 7128.0029296875
314.1162415 19860.48046875
332.1289368 14399.1943359375
372.2613525 34412.98828125
376.1181641 16550.48046875
377.1213074 8215.1123046875
413.1288147 9703.8505859375
443.2985535 13484.515625
496.2366638 8436.984375
558.192749 10459.8056640625
615.2053833 14587.1337890625
629.37677 56963.5859375
630.3789063 27521.865234375
714.3371582 11007.2998046875
728.3998413 15330.4853515625
744.4138184 14160.5400390625
762.2577515 14088.7490234375
857.4786987 16344.7236328125
886.4846191 12560.1318359375
886.9810791 15743.3876953125
958.541626 37560.50390625
1091.478516 10385.83984375
1164.540405 15731.1982421875
1165.046875 19648.767578125
1173.590698 54652.59765625
1174.069336 39229.57421875
1174.603882 31916.07421875
1356.757202 36030.78515625
1357.757568 14723.6083984375
1471.784546 30315.865234375
1472.796875 34351.1171875
1585.881104 17568.103515625
