1332.6189640342 2
92.01696014 65029.5
101.0714722 279854.34375
102.0553741 63882.5234375
110.0719528 206513.046875
119.0820389 56217.3125
120.0809021 496930.9375
127.0867844 74250.890625
129.0664673 94579.5859375
129.1025696 1053849.875
130.0868988 50597.97265625
130.1065369 60450.37890625
136.076004 189979.65625
141.1025238 88682.4296875
143.1180725 79171.796875
147.1131897 173736.78125
155.082489 59761.51953125
157.1335907 42661.03125
158.092926 86116.9296875
167.9536896 34068.03125
169.0972748 200780.0625
169.2681885 34884.91796875
171.1130676 73820.4140625
175.1194 564738.9375
178.0535278 269484.96875
185.165802 54197.1328125
186.123703 763673.625
186.1390686 54188.796875
187.1276703 48451.06640625
197.1295166 46590.109375
201.1232147 38342.0
210.0271149 43550.2734375
212.1036835 189657.71875
214.1187897 208959.921875
215.1412506 37985.71484375
216.1349945 187907.609375
230.1135712 81771.15625
235.1085968 52991.75390625
242.1513824 71770.1640625
244.06427 153760.0625
244.0925751 63387.0859375
245.5485992 39371.80078125
254.1503143 54191.515625
258.8128357 36343.3984375
358.1723328 50486.22265625
363.2008362 52973.296875
416.177063 44162.7109375
434.1840515 44027.9921875
435.2180176 62323.5703125
504.2389526 178693.609375
516.2492065 44201.95703125
605.3256226 45723.8203125
666.3520508 61066.65625
667.8478394 49935.25390625
727.3328857 48516.88671875
732.3508911 170385.84375
733.3546143 90508.9375
798.3787842 93048.53125
841.3798828 78467.4453125
842.3847656 44607.3046875
845.4276733 243600.21875
846.4255371 69297.40625
885.3930054 155887.078125
970.4193115 223098.234375
972.4324951 255651.84375
973.4716797 84517.90625
974.4880981 58804.765625
1083.492676 48422.4765625
1117.504272 297764.96875
1118.481323 184383.140625
1119.509399 374897.15625
1120.494141 65845.1015625
