1456.70728265687 3
101.071785 181004.0625
102.0554428 184244.609375
110.0719376 1085943.0
120.0812302 877460.5625
129.0667267 120057.90625
129.1027069 550600.875
130.0864563 204170.015625
136.0757294 1070045.625
137.0796204 126614.171875
143.1183624 96777.3984375
147.1131592 390508.21875
159.1515198 84402.4921875
167.0839233 78492.1171875
171.1134949 349068.96875
173.1287842 547804.1875
175.1189728 122451.0234375
183.1126404 110993.9375
197.1285706 644108.25
199.1083984 637138.875
201.1244507 154150.71875
215.1393738 978994.875
225.1235352 104905.3359375
227.1028442 864310.6875
228.1341705 182456.46875
240.1334839 153289.484375
242.1489563 183297.515625
243.1335144 341335.75
247.1077271 106556.484375
249.1604614 490419.25
253.0928192 399058.90625
258.1448669 216369.953125
262.1402893 437489.78125
271.1055908 87142.96875
275.1708679 110368.3515625
285.1347046 203818.09375
328.1499939 155101.9375
340.1880188 190781.4375
342.2043457 103710.2109375
388.2541809 168294.84375
399.1977539 396699.09375
400.1547241 100124.640625
454.2321167 190611.140625
511.1950684 115631.1640625
546.2669067 366312.4375
555.2793579 150876.25
559.3562012 152698.96875
567.3148193 165031.515625
616.3666992 187877.125
674.3270874 149163.390625
693.3574219 365302.28125
729.4494629 481829.53125
730.460022 117155.9765625
789.3515625 342036.28125
790.3606567 119134.34375
840.4796753 107218.859375
902.4295654 140140.65625
