1289.63278694406 3
98.98464203 44191.125
101.0715027 120407.7734375
102.0556412 179686.359375
112.0874863 27767.4296875
128.2766266 22083.9453125
129.1027985 243414.1875
130.0861206 27543.802734375
141.1031952 35407.81640625
143.1182861 45821.4140625
147.113205 199340.953125
157.1338806 229323.703125
169.0968628 22454.154296875
171.1131592 36623.36328125
173.1291656 31413.673828125
175.1194305 249647.546875
183.0766296 37740.11328125
183.3740997 21719.828125
185.1287537 99387.7421875
187.6286011 36750.52734375
195.0770416 93323.15625
200.1034088 56251.65625
202.002533 22691.162109375
212.1036377 47859.5390625
213.0868835 33214.7890625
240.0966034 35030.5703125
241.0824432 105477.65625
246.1562347 44503.9375
258.1097412 30665.505859375
260.1968994 158807.75
303.2139893 37562.80859375
330.1725769 46611.33984375
351.1820068 38857.453125
357.1681824 23875.333984375
369.1417542 23121.396484375
374.2497559 100993.3125
415.7034302 45238.3828125
430.3061829 284458.65625
431.3109741 35955.5078125
480.2265015 38344.15234375
480.7271423 29940.787109375
503.2902222 114985.34375
535.7484131 36341.62890625
544.2583618 164397.921875
544.7479858 196970.421875
545.2508545 45271.66796875
559.2817383 27019.390625
560.2856445 29183.62109375
586.2927856 45160.34375
590.3259277 174590.1875
659.3346558 27919.365234375
701.3519897 27444.126953125
719.3626099 115422.0703125
720.3742676 34579.6953125
773.6477661 23325.958984375
848.4043579 85296.9921875
849.3995972 31133.23828125
977.4435425 123739.9140625
978.4435425 44369.16796875
