1038.50443616319 2
72.07790375 35953.60546875
72.08167267 621907.3125
73.93936157 17033.595703125
78.95687103 16484.3125
84.04511261 174627.140625
84.0815506 359968.09375
86.09716797 586315.625
87.05601501 300198.1875
87.10053253 26352.435546875
88.04010773 286849.59375
98.0243988 37857.86328125
101.0717239 136033.640625
102.0555344 102725.203125
104.0532303 139976.15625
110.071785 295233.5625
112.0876465 40490.2578125
115.0506058 127666.5078125
116.0710602 82799.8046875
120.0812531 611034.6875
121.0847092 38935.234375
129.0661469 151107.15625
129.1026459 418526.75
130.0865326 231174.046875
136.0760956 302013.0
137.0792389 19555.408203125
139.0505066 20946.033203125
147.1130371 387329.625
155.0816345 27065.8125
156.0773926 78243.9609375
157.061203 234762.1875
157.13414 22232.611328125
158.0922699 73852.6875
159.1130219 171765.328125
165.102356 75795.859375
167.0452728 28431.75390625
169.0972748 26935.75
169.1334686 23733.505859375
173.0937347 23008.080078125
173.1291046 42304.8515625
174.0876312 422428.90625
175.1196289 182401.6875
183.1128235 21897.787109375
184.0724945 171670.109375
185.0928192 25670.759765625
185.1294098 19791.2421875
186.0885162 22335.35546875
187.1077271 23530.396484375
199.0715332 23074.626953125
199.1811676 28763.548828125
202.0826874 319432.46875
203.0856476 22691.115234375
212.1035461 28742.587890625
215.1402283 37977.1953125
216.0983276 40389.4375
217.1367188 155682.3125
219.0803223 28872.341796875
219.1490631 27655.51171875
221.1046143 71172.15625
224.1036987 89682.7109375
226.1546173 32401.119140625
235.1429291 28637.25
238.119339 30366.595703125
239.1030884 32880.0
244.1653442 138445.734375
249.0966949 84126.9140625
253.0918427 34985.73828125
255.1459351 32979.6484375
256.1300964 80220.578125
257.1275635 34137.87890625
259.1076965 27433.224609375
260.1455383 18421.623046875
265.12854 23683.03125
266.1120605 21168.666015625
276.1333008 143629.78125
278.1541748 44545.82421875
283.1404114 194174.65625
284.1247253 81744.234375
294.1820984 26980.8671875
297.1209106 79839.375
301.1220398 19637.5
301.1524658 161392.359375
314.1479492 44557.95703125
317.1270447 23257.615234375
335.1755981 233019.171875
336.1752625 30026.29296875
346.1827087 31260.58203125
352.1599121 27188.890625
437.1821899 21196.041015625
445.2289429 126710.0234375
446.2064209 191640.390625
447.2118835 70601.7265625
461.2148743 25397.71484375
463.2328491 181271.09375
464.2404175 22060.48828125
476.2247314 74006.6953125
478.2642517 29538.810546875
510.7421875 23482.5703125
511.2438354 20832.017578125
515.2901001 26928.2578125
519.2302246 43535.578125
520.2283325 91061.5390625
556.2547607 30850.189453125
557.2631836 29828.1640625
573.2820435 40464.06640625
574.2663574 183176.203125
591.2891846 106342.7578125
642.3619995 21492.3046875
665.232605 24354.337890625
670.3513794 32136.90625
681.2806396 25548.50390625
703.3162231 41328.875
721.3319092 25987.478515625
738.3604736 391468.3125
739.3646851 215846.703125
740.3563232 26418.22265625
759.4346924 29300.369140625
784.4599609 27543.078125
796.2983398 68774.4609375
837.4263306 123362.6796875
838.4282227 77271.3203125
899.4855347 24286.974609375
