1018.53239367837 2
72.08165741 567409.9375
72.75574493 219449.828125
74.06073761 298354.4375
75.77401733 222868.640625
79.81813812 224901.140625
81.32386017 232491.546875
84.04535675 405632.8125
84.08138275 268222.84375
86.09712219 2984827.25
92.7161026 236196.296875
97.13622284 236323.0625
102.0555191 1121523.625
104.0533447 382857.84375
116.0712891 251281.5
116.5114822 259187.75
120.0812912 1234797.875
126.055069 1022884.875
127.0869598 571370.125
129.0663757 320340.78125
129.1024628 464086.625
130.0656433 297717.0625
130.0865631 270185.125
133.0429535 2651806.75
144.0651855 2065177.0
144.1877136 241848.828125
149.7473145 240788.578125
155.0818329 3795018.5
155.681015 261457.25
158.0928192 503878.75
159.0920715 1269247.125
167.0817871 441170.6875
173.0918274 2448962.5
175.1194153 1906367.75
189.0871887 1635074.625
195.2496948 272383.09375
201.0870209 464245.0625
216.0971222 289309.53125
232.1403503 931124.8125
244.1661835 1125778.625
246.1273193 1415138.875
268.1292725 261618.65625
272.1350403 432976.21875
302.1495056 1145896.5
324.2880859 295796.96875
345.1603088 504890.375
345.2247314 413254.34375
361.1181641 450799.0625
379.1364441 367639.90625
388.2303162 1592386.375
401.7329102 1263114.375
402.2338867 321985.125
476.2661743 1075861.0
501.3140259 1132095.5
547.3015747 3776596.5
591.0002441 256379.59375
648.3839722 1696187.5
649.3806152 281681.0625
660.3895264 1745314.75
705.4046021 3784980.5
706.40448 1659087.125
802.453125 1384373.125
803.447998 523250.78125
819.1185303 326064.65625
820.411377 1640549.625
1002.154724 298523.625
