1262.70683317956 2
101.0714417 90205.78125
102.0401459 13427.822265625
102.0557709 24009.767578125
103.0544357 15798.5654296875
104.0533447 89892.7890625
115.0871964 16646.400390625
118.7656479 12906.564453125
120.081131 305806.8125
121.0845642 19586.498046875
129.1022491 72354.7265625
130.0865173 17411.013671875
130.8149109 13985.7822265625
136.0753784 46519.8828125
143.1180267 28266.5703125
147.1124725 28029.0390625
155.0819397 26859.59375
158.0924377 23795.166015625
169.1338654 13863.61328125
173.1284637 18854.576171875
175.1190796 120299.0625
185.1656799 145569.03125
186.0874329 19288.361328125
187.107666 26409.0625
187.1441956 293773.8125
191.1180573 19402.001953125
194.3583374 15411.6123046875
199.1450653 14906.4033203125
199.1805725 26874.974609375
200.140274 16883.0390625
201.1232605 30235.494140625
213.1596985 75124.8203125
215.1020203 15920.1904296875
215.1389465 100899.84375
224.1033936 17529.44140625
226.1191864 27161.91796875
227.1767883 15581.5361328125
228.1341553 61914.7265625
229.0937347 16626.841796875
229.118454 23429.521484375
235.1089935 17030.5
242.1501923 17597.552734375
260.1974182 13936.92578125
269.1244812 30109.919921875
274.1867981 28575.279296875
284.1974182 27546.94921875
297.4347229 16530.998046875
300.1008301 63942.2578125
300.1532288 14538.3955078125
306.1450806 17253.890625
312.1290894 107155.21875
316.1538391 14360.2841796875
327.2030945 15690.060546875
330.1662292 70198.2109375
359.1717529 19222.244140625
369.1219788 25064.876953125
370.7273865 15656.5927734375
386.1478882 24456.771484375
414.1434937 58763.69140625
425.212677 56393.2421875
460.2868042 30242.3125
469.8239746 17214.177734375
482.2069397 26841.66796875
506.238678 57933.2421875
507.2448425 14073.9677734375
527.2265625 32711.4453125
606.3249512 14734.896484375
617.2642822 19185.666015625
631.3356934 66761.2109375
635.2803955 52479.0625
643.382019 16176.6015625
663.4237061 20424.42578125
674.7199707 14624.4638671875
687.4121704 74921.046875
721.4177856 58863.1171875
734.3475952 121166.1015625
735.34552 55629.5703125
736.3465576 24654.517578125
740.4387207 26964.71875
741.4401245 25227.8515625
820.4829102 23364.623046875
834.4766235 90375.21875
835.4755249 26497.0703125
848.4378662 18483.09765625
865.4674683 27448.525390625
933.5584717 52109.59375
934.5395508 21420.173828125
1002.334229 15968.916015625
1048.571777 80430.84375
1049.583374 109815.8125
1050.581787 32395.138671875
1114.266235 15521.2431640625
