1888.942572 4
130.0648499 7138.4814453125
130.0867004 100077.5
130.1056061 7670.3046875
131.0814972 8242.6171875
133.0428619 15375.0869140625
136.0665894 6858.2836914063
136.0759888 185914.96875
137.0786133 17079.478515625
140.0704498 17198.2890625
141.0655212 13435.544921875
141.1020813 16817.615234375
142.122406 10051.5966796875
143.0814667 10613.0029296875
143.1182098 81661.4296875
144.0765991 9586.5244140625
145.060791 11040.19921875
145.0967255 12064.435546875
147.1030884 7608.7758789063
147.1130371 130673.1953125
155.0457153 9177.7490234375
155.0813904 30672.162109375
155.0928192 5548.4487304688
155.11763 6240.2397460938
156.0762482 23928.4453125
157.0607758 7131.802734375
157.0971069 29634.380859375
157.1334534 32944.80859375
158.0926056 25910.416015625
159.0763855 34414.23828125
159.0912018 10139.548828125
161.0917664 6048.810546875
166.0609436 30268.939453125
167.0813904 16499.572265625
168.0647583 5713.9067382813
169.0963898 8735.1201171875
169.1338196 53183.5625
169.1450043 5298.1752929688
170.0605164 6006.7001953125
170.0924835 12353.6455078125
171.1131897 62046.47265625
172.0715179 50755.4453125
173.0920868 28646.80078125
173.1291351 47531.8984375
175.119278 88765.921875
181.059845 5013.3032226563
181.096756 11511.11328125
183.1128387 41734.72265625
183.1490631 8549.267578125
185.0920258 27484.701171875
185.128479 15907.9833984375
185.1647644 25931.509765625
186.0874481 36938.66015625
186.1234589 11969.28125
187.0721436 5630.7470703125
187.1441498 146161.984375
188.1030579 7049.6728515625
188.1456604 6834.5786132813
189.0881195 6510.6860351563
193.0978394 10725.384765625
195.0765228 39588.47265625
195.1130524 8907.302734375
197.1286621 56698.31640625
197.1650085 5406.2709960938
198.0878754 93624.6328125
198.1720734 5379.6650390625
199.0910034 8874.623046875
199.1808624 28138.87890625
200.1390533 45185.765625
201.12323 33920.1640625
202.0823212 37112.578125
203.1023407 35953.7109375
204.1344299 32340.75
207.1244812 7144.853515625
211.0719757 7059.0810546875
211.1077118 5463.9560546875
212.0672913 6377.4677734375
212.102829 39608.08984375
213.0871735 11928.513671875
214.1189117 29983.5
215.1181183 6457.4384765625
215.1391296 56621.828125
216.0978851 104849.71875
217.0803986 7719.5419921875
217.1005402 7201.2802734375
217.1360321 13929.91015625
218.1506348 5408.3193359375
219.1487274 8015.0854492188
222.1248322 5242.4755859375
223.1553497 17143.576171875
225.1282959 8439.6142578125
225.1605072 6859.2802734375
226.1195984 28716.91015625
227.1016235 5299.8022460938
227.4516602 5850.9565429688
228.1346436 13885.4345703125
229.1171875 5598.9833984375
230.0952454 27303.861328125
230.1143494 46259.453125
230.1500397 8979.3017578125
233.0925903 8166.6645507813
234.123291 9510.287109375
235.1203461 120778.5
236.1021881 16704.625
236.1231079 14526.15234375
238.0820923 15687.2294921875
238.1182709 7436.8168945313
239.1279755 8607.5107421875
240.1004333 7752.9638671875
240.1342621 15237.9228515625
240.1701355 35389.50390625
242.1500244 37746.47265625
242.1858215 12396.6787109375
243.1092072 94166.9296875
243.1472931 92168.0625
247.6406403 7639.7329101563
248.1591339 29273.970703125
251.1252594 11441.5634765625
251.1500854 70707.4609375
252.1537781 7085.3935546875
254.150528 13468.263671875
255.1088715 28677.71484375
256.1305237 11024.05078125
258.0910034 37283.0234375
258.144928 16860.97265625
260.196991 100675.8359375
266.1617432 67223.59375
267.1653748 6395.3071289063
268.1666565 34257.93359375
269.1610718 16566.58203125
270.1813049 13792.7666015625
271.1403198 66707.59375
271.1774902 10154.4970703125
272.1376648 10288.08203125
277.1737366 7306.9321289063
283.1455078 9734.8359375
283.1765442 59380.0703125
284.1720886 113074.671875
285.1326294 14031.06640625
286.1774902 10989.6748046875
288.2030029 13990.1640625
296.166687 13060.529296875
297.1557922 26867.9921875
298.178009 9821.5478515625
299.13797 8147.3779296875
301.1494446 8957.453125
310.1451111 6731.9873046875
311.1378784 11782.126953125
311.1716003 87670.484375
311.2060547 9832.4677734375
312.660553 9622.044921875
314.1821289 73787.5546875
316.1896973 13308.0791015625
316.6851196 7288.8188476563
317.2186279 28837.478515625
321.174469 41247.19140625
325.1879272 12567.2373046875
327.1323547 15279.099609375
328.198761 13878.76953125
329.1838074 33049.578125
330.1895447 9874.7744140625
334.1799622 7763.2744140625
339.2032166 11832.9033203125
342.1781616 59014.828125
342.2138062 8098.689453125
342.6956177 10514.6171875
343.1967163 30157.306640625
344.1567078 26873.5
348.1665649 7056.1704101563
348.2036743 45071.76953125
348.6968994 16808.712890625
349.2053833 13188.208984375
355.236908 9588.685546875
356.190033 11090.787109375
356.2314758 30179.994140625
357.2110901 24580.765625
359.2407532 13728.8408203125
361.2466736 15219.3173828125
362.6921997 9254.4189453125
366.1774902 30627.98046875
369.184021 8954.5751953125
369.7005615 10496.716796875
370.2012024 10556.1748046875
373.2817383 29031.064453125
374.236908 51808.30859375
375.239624 9471.314453125
379.2435608 7988.4770507813
379.7253723 30028.17578125
382.2112427 9598.544921875
383.1989746 7879.5673828125
384.135376 8660.2275390625
384.2236633 9155.076171875
386.694458 39554.35546875
387.1968079 25525.212890625
387.697937 8564.08984375
389.2437744 12438.8818359375
391.1923828 7454.9775390625
393.7241821 29969.294921875
394.1737671 24261.54296875
397.2564087 45540.2265625
398.1676636 9196.71484375
398.2155762 14668.166015625
399.2229004 8898.078125
400.2239685 6955.1059570313
407.7379456 16501.623046875
408.2384338 7078.0561523438
410.243927 9917.705078125
412.219696 13712.927734375
416.2086792 14434.9169921875
419.2436218 15637.1875
427.2678528 10960.0751953125
430.3044739 35194.5078125
432.2236023 8531.470703125
433.7538757 11344.56640625
434.2097168 9236.212890625
439.2310486 14318.208984375
440.2146301 24947.388671875
443.7367859 10300.0068359375
444.2385864 7633.2890625
445.2790527 37764.90234375
446.2793274 8459.798828125
448.2127686 13123.3740234375
449.712616 8984.2578125
456.2764282 8537.5322265625
457.2421875 24048.884765625
463.7897949 26293.150390625
466.2805481 9716.7568359375
472.3292236 24548.21875
473.3135681 61454.5625
476.2640686 11862.4775390625
477.2471619 11507.0849609375
479.2849426 12723.4072265625
485.2663269 52770.9453125
486.2652588 13304.62890625
489.242981 8348.0361328125
494.2098999 8370.6552734375
494.2705078 68293.5390625
495.2756653 16346.0380859375
499.2945862 10019.7861328125
500.2765808 8506.009765625
501.3396606 10272.0361328125
502.2972107 137377.03125
503.2952271 35701.43359375
503.7911377 12494.408203125
504.2867126 12677.1455078125
504.7485657 8372.4052734375
507.7983398 24740.919921875
513.2441406 15488.8486328125
522.2976074 13082.2265625
529.3477173 26581.3671875
534.3154297 41536.2890625
535.3132324 11154.3544921875
539.3046875 9405.958984375
543.3139038 30356.73046875
548.2879028 12402.697265625
553.2717285 10080.3857421875
554.2803955 11812.564453125
561.3009033 29375.33203125
562.847168 9028.470703125
566.3352051 12292.8427734375
572.2905273 31852.40234375
581.3346558 9136.958984375
591.343811 16409.6640625
600.3786621 28912.779296875
602.3859253 138214.5625
603.3433228 162945.734375
604.3500366 50469.18359375
606.3400879 29063.359375
607.3395996 70632.1328125
608.3370361 9985.0791015625
609.3399048 26834.197265625
613.3538818 69548.515625
614.3568726 44708.61328125
616.3574829 12921.6005859375
618.3532104 11419.638671875
624.3347778 14610.109375
626.8795166 16096.328125
631.3682251 329677.25
632.3724365 142226.875
633.3739014 37073.00390625
641.3408203 53711.84375
643.4376831 9642.986328125
649.3731689 14920.3671875
650.3952637 11107.52734375
656.4044189 8801.5751953125
673.4197388 31854.033203125
674.4096069 42688.26171875
675.4088135 10054.009765625
689.3721313 13826.552734375
696.3832397 12656.6494140625
699.4106445 21876.78125
701.3238525 15063.60546875
715.4793091 11152.7373046875
717.4177246 30991.10546875
718.4002686 9746.80078125
726.4390259 9492.2197265625
730.3989258 9232.384765625
731.4138184 14098.1044921875
741.4996338 13324.142578125
743.4397583 34707.8828125
744.4599609 69950.265625
745.4555664 39269.48046875
746.4594727 10622.458984375
747.449585 14911.79296875
748.4538574 15874.7421875
760.3737183 8122.5244140625
770.3963013 9221.96484375
772.3782959 96965.328125
773.4976196 51783.68359375
774.4846802 55243.55859375
775.4806519 12581.083984375
786.4387207 15417.6796875
803.4470215 27569.51171875
805.4226685 57790.62109375
806.4248047 9009.8447265625
832.3742676 13640.173828125
842.4708862 14103.3740234375
844.5158081 30252.517578125
845.5217896 12453.6416015625
899.4865723 9490.474609375
919.2580566 8758.8779296875
957.5521851 14059.033203125
974.5511475 11028.26171875
1014.592651 13032.3046875
1015.596619 10635.3916015625
1085.625244 13038.99609375
1086.629272 25405.783203125
