1189.62148911579 2
84.04514313 441217.375
84.0814743 388096.59375
86.0971756 2324697.25
92.02830505 137175.765625
101.0713425 452594.625
110.0713196 107987.359375
116.0709229 89752.96875
120.0810852 369703.90625
128.1072693 116964.203125
129.1022949 700269.1875
136.0755615 154946.578125
147.1124268 141795.78125
150.1587219 93707.234375
159.0929108 94762.578125
163.2467804 92068.453125
167.7779388 96296.3515625
169.1339111 119920.828125
171.1487274 156125.03125
173.12883 1823005.625
174.1327362 104273.640625
175.1189575 1090364.125
180.1132965 186791.96875
181.097168 369830.28125
185.1651306 468000.46875
187.1080322 105240.1484375
197.1291046 101715.15625
201.1232452 1124661.5
207.1134033 104468.125
208.1079407 916014.8125
209.0923615 444912.3125
210.4808044 87267.859375
214.1190491 168222.046875
214.3301697 106918.8671875
215.1390991 200542.171875
229.1187439 110148.5546875
243.1353302 114558.828125
246.6718597 94693.703125
258.144104 106915.2109375
280.1663818 184922.671875
288.1712036 131341.8125
288.203125 3031444.0
289.2050171 179868.140625
314.1723938 122332.734375
314.2082825 106850.015625
327.2044373 127114.09375
345.1568604 142637.171875
346.1400452 99301.71875
348.7084045 98034.9609375
374.8793945 94377.0
379.2342224 143802.3125
384.1921082 120095.78125
432.2467957 137249.234375
460.1837769 105858.953125
464.5160828 111018.3984375
547.2085571 95186.9609375
586.8060303 127776.34375
594.2927246 196746.4375
600.5616455 117201.453125
651.3497925 656297.125
652.3465576 197905.5
766.3687744 570283.1875
767.3748169 368345.78125
865.4291992 207301.21875
866.4298706 127108.1640625
875.4592896 155897.359375
884.4095459 455539.75
885.4113159 168178.140625
955.8318481 102367.140625
964.5031738 223349.296875
988.5511475 134388.046875
1088.161255 110653.890625
