2623.25929108974 3
183.1490173 45920.13671875
187.1074982 38245.4375
188.0744629 7465.0170898438
189.0875549 12087.0546875
197.1283417 10779.2158203125
199.0712433 11109.6865234375
201.1231842 113724.625
211.1432037 20111.59765625
212.1027985 9831.572265625
212.1396332 9295.1259765625
213.0858765 9574.6171875
214.155777 13176.1572265625
216.0977936 15669.9052734375
217.0818024 24110.75390625
228.0993652 10432.13671875
228.1360016 16363.396484375
228.1708221 9345.9228515625
229.1186066 23079.189453125
239.1146851 16345.53515625
242.1508942 17669.2109375
243.135025 11607.7041015625
251.150177 23772.359375
257.1252747 21016.775390625
265.3608398 9140.4677734375
266.1491394 13569.4609375
267.1087036 16380.8115234375
274.1211853 13201.1162109375
284.1241455 178474.203125
285.1268311 10616.02734375
286.1036987 9756.740234375
290.1138 11081.0205078125
297.1542969 10748.3203125
307.1434326 158796.515625
315.1665344 55738.78125
316.1685791 11349.9189453125
325.1885376 15206.5849609375
326.1733704 10927.2509765625
330.1868591 11480.5615234375
339.2034607 66378.9453125
352.1997681 10562.40234375
355.163269 13234.6337890625
356.2310791 14094.396484375
367.1608887 34681.1953125
370.2100525 16397.72265625
380.1940918 64378.98828125
385.1730957 51524.67578125
401.1321106 14965.8076171875
420.2284241 48407.70703125
443.7436829 18599.259765625
444.2452698 24704.794921875
467.2640076 93518.953125
468.2618103 20920.353515625
471.2493286 14727.1298828125
530.2785645 24459.228515625
531.2650146 47345.890625
532.2664185 25092.15234375
548.2886353 48653.2109375
569.2232666 55979.421875
580.3361206 69868.40625
587.2317505 100533.109375
588.239624 41134.90625
608.3035889 115367.46875
609.3105469 55807.25390625
610.3011475 21144.35546875
659.3220825 51466.19921875
660.3188477 14155.068359375
662.3208618 17959.796875
676.3477173 51210.87109375
677.3533936 22205.71484375
681.3336792 16004.7626953125
693.3930664 24761.845703125
721.3881226 103505.546875
722.392334 44024.00390625
737.3642578 13415.7734375
772.369751 11727.4033203125
782.4003296 13313.4296875
789.4245605 17811.11328125
790.4244385 13821.166015625
810.3798218 20609.4296875
835.432312 58077.453125
836.4350586 51299.09375
853.4187622 14165.439453125
857.4705811 11957.83203125
858.418396 20595.888671875
860.4310303 12583.1640625
874.5122681 50834.40625
875.4329834 71120.140625
876.4215698 41636.5234375
886.4827271 301004.1875
887.4838257 149480.90625
888.4863281 59792.3046875
892.4578857 17849.48828125
918.4662476 19547.9765625
933.4501343 18102.990234375
936.4855347 44850.53125
937.4814453 19526.353515625
938.4649048 21534.912109375
1001.512756 48575.171875
1002.522156 48742.75
1023.509216 20051.142578125
1045.520752 16907.212890625
1054.498901 18708.884765625
1062.523438 91044.890625
1063.519653 43539.375
1080.538574 76112.9375
1081.54187 55393.98046875
1088.545532 78373.6484375
1089.545898 50992.2578125
1111.561401 15675.759765625
1123.572632 55533.46875
1124.586304 17118.96484375
1133.545898 24137.408203125
1134.559448 64222.41015625
1135.548584 18906.599609375
1151.57019 198705.34375
1152.568359 128252.25
1153.584595 50417.48046875
1157.578735 48007.421875
1158.574951 24176.521484375
1189.591187 61995.9375
1190.588745 18833.0234375
1304.615356 47836.19921875
1305.624146 19152.826171875
1323.632202 73606.1953125
1324.635864 40860.23828125
1375.657104 37005.27734375
1472.688843 20734.2734375
1473.723999 20087.482421875
1474.684326 18772.490234375
