1585.860124 2
110.0714722 24888.359375
120.0808334 57370.15234375
127.0865402 26660.994140625
129.0664673 8847.1123046875
129.1020508 47477.0625
130.0861969 15556.2431640625
130.5470734 6261.951171875
133.0432129 15672.8046875
136.0758514 102671.296875
141.1022339 23466.71875
141.4457397 6898.3515625
143.1179962 9106.3916015625
147.112442 18623.689453125
149.9825897 7411.6474609375
155.0814056 52193.04296875
157.0969391 12077.404296875
157.1340637 11538.7333984375
158.0921326 15140.46484375
159.0918884 18126.34375
167.0819855 10032.0654296875
169.0970306 45401.4921875
171.1490784 11725.1435546875
173.1283112 68856.1484375
175.1191711 97473.5859375
183.1122894 11887.3583984375
183.1487122 16527.873046875
185.0921783 43563.3828125
185.1651459 14646.58203125
186.0887299 7658.0756835938
186.1237488 122151.0078125
198.1238861 14513.1337890625
199.1437531 19902.318359375
200.1392059 12917.4443359375
201.1230011 63180.578125
207.1135101 13036.2333984375
209.922226 9891.0341796875
211.1439819 46627.59375
212.1033936 14526.8173828125
213.0871887 297612.875
214.0894775 16909.994140625
214.1181641 86358.4453125
226.1182404 10104.6552734375
227.1025238 21428.486328125
228.13414 13347.40625
230.113739 26832.025390625
232.1394348 13183.390625
263.1411438 14456.9326171875
266.1506958 19072.884765625
270.1087646 254211.953125
276.165741 15626.939453125
279.1192322 12158.8076171875
284.1286011 12549.498046875
284.1604614 21591.162109375
293.1122437 14019.7919921875
299.1404724 14661.318359375
312.1549072 153892.875
313.1558838 22668.2734375
316.1661072 50123.078125
323.1712036 77314.5703125
324.1566772 15320.646484375
327.2033691 22567.302734375
332.102356 21308.951171875
341.1819763 156163.046875
342.1860046 17297.7890625
351.1662598 44356.02734375
353.1048889 11271.37890625
365.2175598 14984.7109375
367.1123962 9795.6044921875
367.2818909 11235.6240234375
369.1771545 195742.125
370.1824036 22989.798828125
375.236145 16197.4794921875
383.2325439 21832.642578125
395.2306824 17254.244140625
397.3694153 12458.1171875
403.1975708 25980.48046875
411.2233582 20141.24609375
421.2110291 19617.955078125
422.240387 71775.0859375
423.2236633 88399.265625
429.2505188 59575.1640625
440.2518616 129764.546875
441.2529602 42359.1875
450.235321 24874.591796875
468.2505493 84098.9453125
469.2471313 22770.666015625
506.3081055 59229.359375
522.2931519 15796.25
528.3154297 18318.126953125
539.3140869 15452.2724609375
573.324585 16311.3349609375
635.3882446 13454.095703125
706.4302979 26750.51953125
718.3875732 14559.7275390625
742.1380005 12362.755859375
787.4607544 20355.310546875
792.4299927 12393.96875
803.477478 1092782.375
804.4805908 460244.375
805.4846802 76881.875
815.4454346 198014.625
816.4481201 75808.859375
846.4836426 24802.296875
918.5114136 95942.7109375
919.5098267 55010.82421875
951.2316284 14851.154296875
1014.395935 15862.12109375
1019.554016 344215.5
1020.552002 182145.6875
1021.560425 53985.5703125
1099.58606 25448.818359375
1100.611206 19003.771484375
1118.621704 362645.4375
1119.624756 186642.796875
1120.626831 64628.16015625
1217.693115 62124.09375
1218.679932 45830.28515625
1248.520508 15640.431640625
1259.607666 44172.56640625
1260.61792 26016.24609375
1332.722168 22436.064453125
