2338.17077434382 3
161.0921326 145321.125
169.1338959 141916.46875
170.0928955 145274.59375
171.1131439 287753.84375
173.0917511 201198.25
173.1286163 132117.703125
175.1196442 2965668.75
183.0768127 314287.34375
183.1130676 1801087.25
185.0567474 177096.234375
186.0902405 281158.375
187.071579 692536.5
191.1193085 1247833.625
195.0768127 232759.171875
197.1282654 359942.03125
200.1035004 1527022.5
201.087265 317610.3125
201.1051178 191372.203125
201.1238861 5698382.5
202.1264496 266502.59375
203.0667114 341544.5
205.0975342 396684.21875
211.108017 844909.6875
212.1036835 418891.46875
214.1554108 276231.9375
219.1135864 1970694.125
220.1179657 173617.484375
226.1190643 254272.296875
227.1753387 162098.359375
229.1187592 3253725.25
230.1155243 1049578.375
231.1143188 965620.75
239.1149292 280535.90625
240.0978851 402285.28125
242.0785217 931024.0625
242.1498566 702695.4375
244.0936584 173867.984375
245.127121 1501044.125
248.1399384 214922.65625
254.1504974 1148436.5
255.1342773 216418.90625
257.1260681 797024.125
258.1070251 229560.3125
259.1088257 950778.0
260.0891418 864270.5625
262.1517639 5599770.5
263.1542969 364728.6875
270.1463623 407045.71875
274.120575 188813.796875
274.1878967 183637.03125
276.1355591 683167.9375
277.1195984 818869.0
282.1456299 4783454.5
282.1749573 165280.640625
283.1470032 958311.4375
286.1594543 149625.46875
290.1507874 2262153.75
292.1323547 298448.0625
300.1564331 3220714.75
301.1539307 360556.84375
302.1521912 257693.25
307.1770325 286252.0
316.1281128 185448.484375
325.1879578 1675292.375
326.1700745 257955.421875
328.1609497 187148.375
331.1675415 210431.875
333.1551819 202365.296875
340.1596985 303894.78125
341.1471252 234559.671875
343.1999512 335291.59375
344.1476746 309724.25
344.1987 256346.8125
347.1726379 1605641.75
348.1592102 192760.4375
353.1827087 3878451.5
354.1847229 831442.4375
358.1734009 1114544.375
358.2119751 362458.0
361.1875916 910821.375
362.1930542 207336.109375
363.7179565 959008.0
371.193512 2234752.5
372.1965332 329278.8125
373.1807251 318839.0
375.2361755 4654354.0
376.1923828 232789.859375
376.2405396 781899.75
384.2064514 211336.921875
389.1469421 384225.84375
397.2098083 217921.421875
402.20578 278567.5
403.1624756 342193.5
407.1553955 1564955.875
418.2102051 380055.71875
419.1975098 847285.0625
420.1954346 271306.25
423.7484741 206707.53125
429.2169495 293480.96875
431.1767883 256371.734375
442.2298889 282650.5
447.226532 181933.375
449.7624817 301061.625
455.2347717 211419.578125
470.1918945 785082.8125
471.2582703 691492.375
472.2606812 329358.5625
473.2437744 802950.0625
474.2479858 286237.03125
475.2288513 206711.875
482.235321 276271.0
483.2328491 187210.125
488.20224 928958.125
488.3208008 4658982.0
489.2550049 317543.6875
489.3260193 1073470.375
490.2650452 935273.125
491.2764893 247350.90625
492.2462158 700582.8125
493.2425232 198406.890625
500.178894 677914.0
500.2526245 2932099.75
501.2565308 737359.875
502.2270203 260761.46875
517.204834 426214.65625
518.1928101 611219.125
518.2652588 1174162.75
519.2654419 227966.5
520.2503662 313280.71875
535.2190552 431750.9375
543.2990112 277509.25
559.2374878 290348.375
565.2772827 276043.125
571.289856 816883.125
588.2453613 239738.484375
589.3068237 422970.28125
590.3184814 255355.6875
598.3719482 795074.125
599.2651367 196542.375
599.3510742 1458013.25
600.3600464 262830.75
612.28125 213661.109375
616.3800659 5384383.5
617.267395 383848.03125
617.3847046 2108773.25
618.2891235 373659.9375
618.3857422 299473.3125
629.2967529 270529.1875
630.2784424 292611.03125
631.2822266 309555.71875
635.2636108 1459560.375
636.2695313 221074.515625
700.3391113 346685.5625
706.3059692 298171.59375
717.3604736 1064019.875
718.3527832 301407.875
726.4349976 662010.3125
727.4116211 1659583.375
728.2941895 218164.328125
728.4204102 415363.5
744.437561 5264217.0
745.3244629 486593.3125
745.44104 2409416.0
746.3166504 287643.96875
811.4510498 286834.625
827.4841919 366873.8125
828.4696655 913632.875
834.3622437 309250.25
835.3699951 403813.03125
845.4850464 11118824.0
846.4937744 4564508.5
847.489563 1161701.875
857.4466553 268953.46875
857.9292603 286230.96875
864.4328003 662043.0
866.4361572 306143.53125
898.5153198 1601087.125
899.5124512 1140478.875
916.5220947 8002395.0
917.5269775 3857438.0
918.5300903 947918.875
969.5456543 1936770.875
970.5559692 1179062.25
987.5612793 6203644.0
988.5665283 3421259.75
989.5704956 1143013.625
990.5907593 295428.0
1032.578003 1918797.75
1033.603271 1188792.375
1084.571655 1557317.25
1085.580566 1272041.875
1086.584717 375729.5
1102.590088 5786478.5
1103.588379 3913930.0
1104.588989 1228995.375
1123.510498 724566.0
1197.663086 415240.46875
1198.661987 251592.59375
1215.668579 1740953.625
1216.671997 555901.0625
1217.688232 351136.65625
1315.694458 244112.578125
1330.688843 764918.625
1331.696533 357836.40625
1417.729736 774780.8125
1418.716797 890677.0625
1419.744141 322772.9375
1456.738281 1232115.5
1457.744507 325021.1875
1474.758423 1406128.875
1475.77002 1300130.25
1476.737915 302816.9375
1604.801514 617543.8125
1621.815186 953816.9375
1622.827515 384863.21875
1623.800049 310713.15625
