1127.67918242827 2
84.04509735 116629.53125
84.08149719 162994.546875
86.09715271 1426556.875
87.05589294 17921.732421875
87.10027313 80027.578125
88.04006958 11614.88671875
92.02820587 10887.884765625
94.64385986 7438.9052734375
101.0714722 84339.4296875
102.0555725 35809.15625
103.0545273 10787.26171875
104.053154 15865.7685546875
110.071785 112056.90625
112.0871353 33528.1484375
115.0868073 18662.865234375
116.0710526 38734.40625
120.0810928 191691.359375
127.0869751 19978.607421875
129.0662842 47742.56640625
129.102417 191539.375
129.1117096 12908.6650390625
130.0655518 11860.5361328125
130.0865784 89517.3359375
130.0972595 14909.4990234375
131.1181641 179956.65625
133.0434265 15726.228515625
136.0759125 128314.9921875
143.1182098 50538.47265625
147.1126556 118705.703125
155.0817108 10733.779296875
157.0978241 76392.9765625
157.1085052 15844.8681640625
157.1342926 12514.4375
157.296875 9398.248046875
158.092804 46209.40234375
159.0765076 35276.296875
159.0911865 11780.134765625
160.0414581 8659.6708984375
169.1322174 12939.3330078125
171.0763245 13545.6103515625
171.1136169 20118.607421875
173.128418 19080.166015625
175.0869751 12704.5029296875
175.1195221 271155.46875
176.12323 11278.349609375
177.9742584 8303.052734375
183.1131287 12467.603515625
185.0927734 60018.76171875
185.1297455 12984.71875
185.1650391 381683.5625
186.1687012 41453.23046875
187.1437225 59173.39453125
190.0528259 9915.69140625
191.0823212 34121.8984375
196.1461792 10858.8193359375
197.1292572 35014.640625
198.1242523 8512.638671875
199.1079102 10710.89453125
199.1807709 36521.49609375
201.123291 51959.59765625
203.1025085 18057.236328125
204.1340027 11346.357421875
205.0995483 34104.16015625
208.0955658 23930.28125
212.1026917 33700.15625
213.0870972 12718.4873046875
213.1597137 170620.8125
214.15625 43416.59375
215.1392212 34272.30078125
224.1393433 14779.1904296875
225.1229248 89488.3828125
226.1178131 64477.1640625
227.1016083 9163.2421875
227.1761932 12764.556640625
228.1345673 13142.8544921875
229.1184082 11988.669921875
230.1123047 12268.1494140625
233.0924988 8758.3974609375
235.107193 94966.3515625
242.1498871 204654.15625
243.1535797 13577.4169921875
244.092041 8723.7255859375
244.1299286 14523.5244140625
244.1656189 53669.41796875
250.1189575 11098.4052734375
255.14534 29152.79296875
258.1445618 10734.15625
259.1402893 32644.0234375
260.1975403 43198.77734375
269.1251221 14342.4462890625
270.1091309 16516.2421875
271.1793823 12292.1171875
272.1717529 166052.21875
273.1343994 19637.556640625
273.1737366 39251.7265625
283.1409302 13261.6044921875
288.2043457 15398.994140625
296.1986694 19299.03515625
304.1622314 12138.0048828125
305.0818176 16496.138671875
307.1459656 14565.078125
327.1661682 19178.08984375
348.1614685 8814.7587890625
357.2189331 66305.515625
357.7203369 53975.18359375
358.1702881 18517.71484375
358.2109375 14151.478515625
382.2080688 13133.3720703125
397.2464294 14993.9990234375
417.2485657 29390.935546875
488.2771912 14602.12890625
488.325531 9700.478515625
499.2762451 19014.427734375
499.7774963 19307.3203125
500.2736206 18025.091796875
522.3054199 78926.828125
548.2805786 44109.46875
554.3031006 9793.23828125
564.2675781 10880.5380859375
565.3103027 239273.125
616.3485107 40531.08203125
617.364563 12292.44921875
670.4047241 9865.505859375
696.4074097 17340.513671875
713.4313965 236868.265625
714.4380493 105416.7109375
715.4319458 13959.7021484375
717.3770752 38751.0234375
756.3955078 10884.92578125
774.4106445 226550.875
775.4152832 68727.921875
799.3173828 14977.4033203125
814.4754639 40270.27734375
815.4747314 19985.974609375
869.4956665 10583.3466796875
871.4995728 17442.724609375
879.484375 10258.7353515625
887.4936523 315654.6875
888.4974365 96284.4296875
915.526123 270660.09375
916.5281372 137667.96875
917.5248413 41553.93359375
998.5110474 20205.736328125
1014.603455 29798.9140625
