2450.22044482924 2
173.1286163 10063.3369140625
175.1186981 49887.0859375
175.132019 7002.6782226563
183.1125488 7202.4409179688
185.1661835 8599.2451171875
187.1445313 9695.5927734375
197.1290131 18395.998046875
201.1234131 18130.748046875
203.1023712 8416.361328125
213.0872345 47776.5625
213.1600647 9252.94921875
215.1389618 43372.0390625
231.0978394 43162.8515625
235.422287 7245.0185546875
258.0913696 13011.9775390625
294.146637 9803.6513671875
296.1975708 13557.4755859375
300.192688 15064.4306640625
312.1556396 37943.1640625
314.134613 70892.9296875
324.1918335 8558.85546875
326.171814 32051.431640625
330.1672974 19725.689453125
331.2098999 19628.44140625
332.1457214 35592.0625
379.2345886 14252.8798828125
390.1668701 19703.3125
394.162384 12399.0302734375
409.2094727 15538.6455078125
413.2027893 58817.21875
418.1203918 19232.427734375
427.2190247 58545.92578125
428.2254944 34763.7421875
429.232605 9698.6337890625
431.2153015 15122.767578125
445.2537231 93571.5546875
481.2684631 13573.2802734375
493.2316589 9751.591796875
498.2908325 10642.8115234375
499.2773743 10776.7919921875
508.2775574 37796.0703125
512.2792358 15101.2060546875
516.3071899 12609.1923828125
526.2877808 66276.7109375
527.293396 17463.28125
530.2821045 9400.1650390625
543.4734497 9861.40625
544.3118896 58618.04296875
607.3391113 10174.96875
615.3560181 79089.296875
616.3615723 16882.2265625
639.2947998 11288.4814453125
659.3036499 12675.8828125
772.3831177 9576.7900390625
819.4169312 11414.0439453125
858.4512939 44262.07421875
859.4282227 14946.091796875
869.3966064 11388.6201171875
885.4001465 48175.69140625
905.4215088 10916.583984375
929.4835205 32730.423828125
980.4353638 13665.896484375
1043.52002 17547.306640625
1044.550903 12109.0791015625
1100.543091 78007.7265625
1101.548584 56030.37109375
1170.573364 13469.755859375
1187.576904 113490.390625
1188.588989 62085.6953125
1224.675903 43019.484375
1225.658936 49659.4921875
1226.642334 54635.3671875
1268.573608 13271.9619140625
1284.606323 42613.16015625
1285.587402 16318.8583984375
1301.623901 171238.484375
1302.615845 111764.5390625
1303.617798 46858.875
1368.622925 15120.033203125
1369.633057 16805.361328125
1397.66272 17052.6328125
1414.7052 120710.1015625
1415.697266 98679.734375
1416.734741 14688.99609375
1432.616333 16106.2119140625
1433.641479 12891.115234375
1468.711304 13632.05078125
1531.693726 15650.375
1561.747803 17252.3828125
1577.763672 153077.8125
1578.773193 132931.5625
1579.755005 50154.34375
1689.795776 41875.6640625
1706.824829 61003.0703125
1707.8125 66625.8671875
1708.810303 17884.615234375
1790.831299 16829.904296875
1791.83728 33426.2265625
1807.861206 134657.515625
1808.853394 156625.8125
1809.883301 69110.078125
1810.878174 16582.69140625
1906.937134 91205.9765625
1907.919922 103021.6015625
1908.938477 37067.875
