2148.98384552405 3
154.3584137 11226.2958984375
155.0818481 42272.52734375
157.0973816 13073.81640625
159.0914001 13987.4140625
160.0415192 10135.5419921875
165.102005 24758.865234375
169.0972137 50314.0234375
169.1335144 12118.7705078125
171.1126556 29105.32421875
173.0554047 26498.455078125
173.0917664 52024.90234375
173.1285553 97657.5078125
173.1414185 9349.8818359375
175.1198883 18775.447265625
183.1129608 10637.0771484375
183.149292 21315.279296875
187.0713196 14124.5634765625
187.1079559 689936.4375
187.1425934 14663.5419921875
188.1105957 60169.80859375
191.1177521 71091.265625
197.1291504 16729.470703125
200.1039734 12533.5458984375
201.1231384 75308.265625
209.1296997 10793.5849609375
211.9971771 10772.9521484375
215.1027069 364683.96875
216.1047821 25538.70703125
219.1144257 15154.0859375
230.0591583 19512.337890625
239.1147156 23756.099609375
244.0930634 25179.017578125
247.1098175 11894.064453125
249.0982056 15699.40625
251.1498413 15735.9287109375
254.1501923 109714.7421875
255.151123 17255.541015625
258.1088562 11196.6689453125
258.1451416 55316.4375
267.1089172 89470.703125
272.1609802 71676.8359375
273.4567261 12483.9912109375
276.0655212 84731.2421875
276.1552734 53396.09375
277.0705872 16030.263671875
285.1197815 12850.4990234375
286.1402283 88680.015625
287.1420288 14355.423828125
298.1421204 12695.8623046875
304.6933289 12817.6142578125
308.1043701 25537.91796875
343.2003174 19924.705078125
347.1016846 75807.265625
364.129425 14010.306640625
369.1774597 138799.90625
370.1810303 16029.2587890625
373.1841431 14503.3193359375
374.2136841 15722.8369140625
374.9875488 14136.1474609375
379.1440735 13117.9873046875
380.1950073 18668.837890625
387.187561 23126.41796875
391.1977844 15616.8408203125
395.2029419 14355.197265625
413.214447 212139.890625
414.2189636 26528.400390625
423.1332397 84588.09375
453.2510376 13280.8955078125
468.2474976 22866.177734375
472.2536621 18909.791015625
489.2362366 13831.119140625
494.1710815 25466.89453125
505.1843262 13957.1669921875
526.3007202 70654.8203125
559.2817993 18331.982421875
565.2109375 16305.3994140625
609.3019409 18038.552734375
655.3474121 77504.25
660.3512573 15844.9892578125
669.3327026 17856.99609375
696.3353271 18737.859375
714.3186646 19336.9140625
716.4210205 18358.0859375
717.4040527 45112.3515625
718.2797241 16063.470703125
723.3214722 52035.5
766.380249 28546.783203125
783.3947754 44475.7265625
817.4144287 18421.533203125
825.368103 25095.875
833.3849487 23857.19921875
884.4466553 79274.9921875
885.4529419 30175.951171875
918.456604 74067.0859375
950.4362183 23820.845703125
964.4806519 19990.111328125
971.4816895 170706.390625
972.4819946 77318.3984375
973.4934082 27803.21484375
1079.488281 23275.099609375
1081.530029 23359.890625
1082.510132 65846.078125
1083.526367 22589.453125
1099.536011 50494.640625
1170.585693 27420.57421875
1171.575439 74099.421875
1190.645996 17009.541015625
1285.603027 105665.25
1286.599854 59783.5625
1428.61145 26147.734375
1445.633667 76210.6796875
1446.631348 22941.017578125
1447.644043 22561.783203125
1592.701538 22005.572265625
