3131.57661732847 5
215.139267 81431.140625
223.1078796 17787.9765625
223.1559448 21123.638671875
226.1187134 27815.90625
231.0635223 17736.203125
240.1345367 20544.86328125
242.1856384 23192.109375
243.1340179 38865.625
246.093689 19259.177734375
246.8823853 17295.080078125
248.088028 21433.421875
249.1599274 107915.6875
251.1017609 25747.8828125
251.1508942 35858.14453125
254.1489868 49602.421875
258.1450195 47580.140625
260.1144409 22238.73046875
262.1413269 34483.94921875
266.124054 17013.126953125
270.1072998 26997.150390625
272.1604919 41716.21875
275.1266785 28157.791015625
277.155426 50250.30078125
286.1399841 44412.14453125
292.137146 35533.5078125
302.0989685 21743.4296875
322.115448 42964.13671875
339.1691284 21043.439453125
340.1280823 49566.765625
343.1429443 164735.46875
344.1464233 21364.181640625
363.175293 45959.6171875
372.6793213 42719.3515625
373.7012939 47427.6875
376.2211914 36827.30859375
377.1665955 32130.021484375
388.204834 28945.828125
390.2396545 19131.576171875
414.2172241 51182.28125
419.716217 25932.890625
433.7120667 29909.611328125
434.2062683 22948.904296875
442.2149353 35774.625
449.1908569 38307.3984375
449.7145386 188149.171875
450.2133789 48074.61328125
450.710968 27906.689453125
455.2331238 113402.5
459.2587891 41368.34375
469.2319946 90514.5234375
471.2381287 35502.59375
477.1870422 127129.2734375
478.1845093 26431.59765625
484.7571106 27042.888671875
509.2706909 38063.734375
524.2486572 40895.80078125
525.2486572 27246.283203125
525.7724609 29710.498046875
526.2763062 25257.0625
535.2373047 113037.4609375
536.2494507 136246.203125
562.2770386 38891.43359375
568.2654419 41219.72265625
570.3050537 25277.830078125
578.2506714 23312.03125
590.2683105 204543.09375
604.3051758 26360.185546875
607.2889404 164707.40625
608.2892456 36170.32421875
628.3651123 23772.232421875
633.3146973 99534.2265625
634.3195801 34396.90625
648.3214722 121050.15625
649.3278809 31327.328125
661.3010254 226794.71875
662.31604 110966.6015625
671.3532104 30856.19140625
674.833313 27032.8515625
676.4098511 147668.484375
717.3835449 27783.728515625
718.3812866 29407.123046875
720.8474731 46617.15234375
726.3370361 25541.880859375
736.3765259 32967.69921875
741.4242554 40320.82421875
744.3436279 48505.3671875
753.329895 122816.1484375
754.3311157 30998.54296875
754.8466187 44365.94921875
755.3499756 48971.0234375
756.3616333 47452.59375
761.3999634 35139.171875
762.4065552 32494.4765625
774.392395 136010.65625
775.3966064 50802.97265625
776.3867188 78181.3515625
782.4207153 35634.67578125
801.3652344 87052.828125
847.8950806 41901.03125
848.3956909 51302.21484375
856.4638672 42882.9765625
864.4821777 31027.81640625
866.4257202 28959.037109375
889.4651489 33768.62890625
898.4245605 440831.5
899.4210815 268230.8125
900.4106445 68419.6640625
937.4609985 78059.21875
938.4549561 34142.05859375
979.4987793 33504.29296875
996.4558716 28912.306640625
999.4645386 202656.453125
1000.460938 44705.578125
1001.483215 35923.09375
1032.516357 33429.77734375
1081.560059 32827.51953125
1098.564697 38711.70703125
1108.530396 90407.203125
1109.526123 88823.203125
1118.519531 29903.537109375
1379.693604 34622.39453125
1380.695923 30206.88671875
1440.668823 103842.421875
1441.675049 32210.63671875
1485.795044 29085.51953125
