3460.434771824 3
241.0816956 14149.52734375
245.0776367 12438.673828125
246.181839 54215.71484375
246.2032013 5850.6088867188
251.1497345 13531.921875
259.0920105 13799.65234375
260.3414307 6190.6547851563
305.0919189 11956.6572265625
351.3910217 7676.5639648438
356.1087646 28702.041015625
361.2097473 14016.388671875
374.1198425 11546.0859375
394.1674194 7689.3022460938
485.153656 7658.3120117188
490.2526855 44225.9296875
495.2740173 9313.736328125
514.1757202 8349.904296875
523.2661133 43555.52734375
544.2232056 10572.259765625
559.2454834 8647.72265625
580.3269653 7360.3676757813
586.2755127 33176.703125
586.770874 16117.3916015625
587.2722778 14871.45703125
587.7775269 9114.7822265625
595.2808228 134078.484375
595.7822266 94099.8984375
596.2857056 39029.58203125
600.2772827 13481.5234375
600.7681274 41649.33984375
601.2771606 16013.94921875
606.3230591 11435.544921875
609.2789307 205698.421875
609.7799683 156621.484375
610.2799683 46492.3046875
610.7816772 15618.98046875
619.2945557 39964.9296875
620.2981567 14178.9501953125
622.3302002 14262.921875
632.3292236 9333.44140625
643.3131104 28099.474609375
651.8206787 102797.0390625
652.3264771 63819.76171875
652.8273315 14662.7919921875
657.3087769 39823.33984375
658.3036499 8951.7705078125
665.8203125 166134.53125
666.324707 107440.96875
666.8255005 59219.49609375
667.3096924 15801.119140625
695.2885132 65884.71875
696.2919312 10684.4169921875
701.3569336 26859.58203125
706.3535156 15535.2451171875
706.8396606 26057.16796875
715.354187 130209.0390625
715.8515015 94013.765625
716.3560791 28942.9453125
716.8575439 15175.6630859375
742.3626709 11348.80859375
742.862854 17103.2421875
748.335144 17540.173828125
750.8748169 117013.7265625
751.3709717 108746.1484375
751.8758545 51485.49609375
752.3804321 8574.5400390625
754.2506104 10881.23046875
773.4105835 9366.39453125
779.3445435 13401.3955078125
800.4152222 17130.984375
800.9068604 28765.16015625
808.3757935 56749.67578125
809.3818359 11715.0703125
842.4329834 8953.875
859.3692627 12862.603515625
864.9228516 14235.755859375
865.4248657 14984.9736328125
869.2857056 8915.0302734375
872.4742432 14203.9462890625
877.3796997 39164.140625
878.3845825 31330.037109375
895.4176636 27141.771484375
896.4087524 11115.4306640625
929.4483643 27591.46484375
977.9567261 8841.546875
986.960083 30216.93359375
987.4664917 13837.19140625
992.4038696 28761.435546875
1022.490112 12019.3974609375
1062.474609 25250.859375
1063.463379 35755.2109375
1064.486572 16082.0244140625
1080.488281 132795.078125
1081.493408 69065.3046875
1082.493042 32368.072265625
1121.469238 12714.298828125
1145.371704 15187.49609375
1153.572266 37754.76953125
1154.586548 59920.90234375
1190.479492 52749.70703125
1191.482178 15570.09765625
1217.541626 38268.16796875
1218.546387 26500.623046875
1219.525269 10056.7412109375
1301.499634 12673.556640625
1319.508423 14496.001953125
1320.507813 28731.64453125
1330.628296 36974.36328125
1331.621582 13353.498046875
1373.047852 9387.3662109375
1390.552124 60942.078125
1391.565063 32113.748046875
1413.675781 13672.0146484375
1429.695435 32621.255859375
1430.702026 12680.970703125
1505.579468 28386.1640625
1506.558105 11404.8857421875
1617.57666 16058.0419921875
1634.623657 28169.3359375
1635.650757 11800.185546875
1746.615723 14702.7490234375
1763.67688 51199.55859375
1764.667358 16879.3359375
1863.755127 11216.0576171875
1933.76355 47391.1171875
1934.768921 29015.013671875
1935.748779 12477.8466796875
2032.786621 25881.142578125
2033.823608 13127.841796875
