886.533501042882 2
68.88292694 200372.9375
70.06584167 1834036.125
72.08161926 6015997.0
84.04516602 626388.375
84.08151245 1741099.625
86.09715271 14208622.0
87.05596161 1065971.875
87.10044098 333570.03125
88.03998566 1462013.75
96.35369873 240103.296875
101.0717697 379607.625
114.0916214 268829.0
127.0869064 1120457.875
129.1024323 1792133.75
130.0871429 423612.03125
131.1182404 462974.1875
141.1025543 1593725.0
147.1131439 1853379.5
157.1338959 6707270.5
158.137207 473820.875
159.1131287 2783304.75
169.0975494 2122818.75
173.1287842 497908.53125
175.1190033 585935.3125
182.0918884 350050.3125
185.1282349 1866039.375
186.1237946 8810404.0
187.1094055 420213.75
187.1274567 575462.25
199.181839 322420.3125
201.1242676 473198.875
202.032135 262923.6875
204.1350861 2286167.0
211.144928 342438.03125
214.1192474 1005214.0
219.322525 256673.0625
229.1554718 1035553.75
242.1507263 483327.78125
258.1463318 1371600.0
259.1486511 314179.4375
260.1977234 407907.0
262.1382141 342981.25
283.1402893 494863.375
303.2034302 2215434.5
304.2079163 444108.75
311.1349792 329007.8125
313.1889038 376564.8125
314.1708374 327033.90625
326.1731567 262770.59375
329.1482849 250621.546875
343.2359924 470903.25
371.2265625 455078.21875
444.29422 279125.46875
460.2891235 1239415.0
461.2936707 299342.5
472.2764893 539330.375
473.3079224 290027.5625
573.3676758 342274.21875
588.3467407 1028278.75
615.3373413 284757.34375
673.4204102 1119510.375
683.4119263 322093.125
684.4004517 300481.125
701.4273071 1832520.25
