1803.7074980551 2
126.2698517 3294.3063964844
129.0653534 4197.8627929688
129.1022949 24150.966796875
143.1185455 5076.318359375
143.8300781 3811.4860839844
147.1122589 29898.203125
169.097641 6355.0122070313
172.0713348 6784.625
175.1184082 7917.9423828125
185.9898834 5111.8471679688
211.5592041 4416.7573242188
220.6345062 4495.1088867188
228.1354828 10707.1123046875
229.094223 6200.9907226563
233.1290131 6945.6147460938
257.1608276 6662.6899414063
258.1439819 9454.6884765625
260.0889893 7215.046875
260.1976929 10768.7392578125
262.0854492 11197.9287109375
272.1276855 8607.669921875
275.1705933 7801.82421875
284.134491 5613.5366210938
284.5083923 5347.888671875
288.1010132 6242.6137695313
300.1323547 10262.5546875
332.1950684 13272.8916015625
338.1453552 10232.0927734375
341.2214355 6143.0659179688
343.1617126 8695.9755859375
355.1704407 23074.767578125
359.1565552 8012.46875
359.26297 21783.662109375
369.1481018 7280.0341796875
372.1913452 8942.5830078125
373.1774902 7329.6538085938
383.1679077 13065.6806640625
389.2127991 38260.36328125
397.2072449 7593.8959960938
412.1818848 13636.9814453125
429.2398987 7130.7998046875
430.194519 25301.056640625
430.3041687 32616.64453125
431.3048706 8349.8056640625
442.2312927 9252.9375
444.2474365 11454.0029296875
472.2372742 11752.4990234375
476.2472534 27832.662109375
478.2691345 7450.4350585938
480.175415 6468.736328125
511.2506714 13623.1201171875
515.2824707 11544.2880859375
525.2733765 9479.654296875
526.276062 8854.515625
529.2606812 9791.9833984375
530.2709351 9359.1171875
533.2664185 82487.3203125
534.2669678 14169.9033203125
543.2788086 41854.609375
544.2792969 11852.5654296875
584.303772 47558.53515625
585.3076782 11643.60546875
586.3944702 7570.8559570313
624.3362427 8502.609375
642.3551025 19688.291015625
643.3535156 12088.2626953125
687.6429443 8085.5932617188
696.3280029 10281.9775390625
743.1147461 6708.54296875
775.3690796 10246.595703125
793.3839111 206184.15625
794.3866577 71482.6484375
795.395874 12899.6416015625
901.5350342 112244.53125
902.5383911 151173.609375
903.5223999 40632.80078125
908.4098511 10478.19921875
965.439209 15070.388671875
966.4396973 10932.171875
1162.523804 11443.2890625
1310.552979 7946.1088867188
1352.660889 9563.1767578125
