1771.89913989428 2
129.0655212 12483.4462890625
129.1021729 20276.791015625
130.0650635 20425.693359375
130.0858612 7949.5991210938
133.0426025 10103.1181640625
136.0754547 57473.015625
141.1017914 16987.150390625
147.1124268 14768.2138671875
153.5915833 7794.0498046875
157.133194 12772.6806640625
158.0920258 11020.2939453125
159.0916443 77014.9140625
167.081543 15078.9658203125
169.0966949 25262.515625
171.1121521 11261.806640625
175.1190796 132311.625
183.1123657 8871.84375
185.0915527 10222.34375
185.1287079 23390.50390625
187.1079865 43408.1171875
187.1445007 219550.890625
188.147583 12245.587890625
197.1291199 13741.2685546875
199.0725098 16626.830078125
201.1238403 12500.943359375
211.1445618 11990.9658203125
213.0874176 20089.314453125
213.1596527 22086.837890625
214.1555481 16487.9296875
215.1399841 110817.2734375
216.0979614 66239.2578125
226.0831909 79971.015625
228.1346741 18938.416015625
244.0930481 143922.875
246.1269379 47381.828125
248.1388245 10489.353515625
257.1615601 11299.427734375
268.1612854 9546.18359375
274.1872253 20375.822265625
283.1416626 10215.5986328125
284.1609802 123154.6875
284.193573 21193.44921875
285.1626282 12502.41796875
311.1721802 12067.1923828125
318.1825256 12265.3251953125
325.1874084 43683.234375
326.1716003 23434.8828125
329.1824951 74809.6015625
355.2351685 16022.9453125
371.1904297 12442.072265625
373.1863098 12310.09765625
376.224823 17036.8125
380.1542053 15589.4794921875
387.272644 171419.234375
388.2753296 26982.5859375
413.1460571 16813.5625
430.1705322 59126.265625
430.2258606 21554.3828125
440.2163086 21514.28125
458.2267151 72832.140625
486.2761841 12943.9169921875
514.3021851 15397.7802734375
582.3260498 21261.26171875
586.3202515 74119.1484375
587.3230591 41573.41015625
599.3563232 236386.6875
600.3562622 76519.3046875
644.3015747 25944.6171875
656.3345337 19593.7734375
696.3753052 24217.333984375
713.3953247 209849.828125
714.401062 68142.6171875
724.3671265 13954.98046875
771.5307617 17534.759765625
801.3765259 20171.0625
826.4832153 161884.625
827.4832764 60875.0234375
885.5054321 18005.24609375
902.4153442 20230.865234375
912.3878174 15987.4384765625
937.5117188 26860.87109375
938.5031738 16868.89453125
954.5288696 80260.03125
955.5314941 14695.7626953125
1030.565308 27204.84765625
1041.566406 209204.28125
1042.581421 97615.5234375
1043.551758 20066.03515625
1110.58313 24327.408203125
1111.573608 45511.9296875
1128.600586 392217.21875
1129.599487 267468.09375
1130.606079 52696.62890625
1257.65271 16592.4296875
1273.654419 23139.23046875
1314.679932 185409.984375
1315.675049 139656.59375
1316.676392 68137.7109375
1425.740234 18177.41015625
1443.719971 65229.92578125
1444.735596 54283.0703125
1557.737793 39154.43359375
1558.763062 17251.921875
