1087.48299764234 2
84.04508209 633939.0625
84.08145142 1046967.375
85.04034424 599322.3125
85.48163605 139251.703125
86.09716034 2871032.0
87.05599213 688815.625
88.0401001 1221393.125
91.05470276 258654.34375
100.2353745 137119.90625
101.0714722 1406331.75
108.9154358 201964.734375
110.0718994 282999.3125
120.0817642 205260.21875
129.1025696 1199760.625
130.0864563 637641.75
133.5575409 143363.375
136.0759888 6069926.0
137.0797729 288243.8125
143.1183472 169540.375
146.0601349 1702409.625
147.1130066 955278.125
159.0921631 679411.875
173.1288452 1004110.0625
175.1193695 366937.78125
186.1233826 322575.96875
187.1442566 1800455.625
188.0714111 380552.8125
188.1468353 175002.453125
191.0821228 195727.953125
192.0852966 179205.609375
199.1806183 168917.21875
201.1238556 204358.40625
203.1021118 157597.109375
204.1346283 1154909.5
205.0978546 168735.78125
215.1394501 388488.125
220.4073029 170911.390625
233.0932465 1270093.75
234.0960083 220689.953125
240.0977478 215063.546875
250.1188965 3841082.75
251.1233978 325584.3125
258.1079712 276171.6875
261.086853 235474.671875
278.1130066 248921.0625
293.1142578 240060.765625
337.1201477 384564.53125
351.1975403 333384.34375
351.6976013 182570.15625
379.1356506 192237.34375
390.2143555 1737075.0
407.1249695 248452.484375
421.1738586 800922.0625
500.267334 192253.5625
501.2469482 677963.8125
518.2698364 319901.0625
630.3079834 199372.484375
647.3086548 763113.9375
783.8300171 170004.5
810.3709717 655812.625
811.3838501 270336.46875
911.1843262 172608.90625
1074.176514 177161.703125
