1033.49994912061 2
72.08155823 864323.75
73.23577118 101109.8203125
74.06124115 106710.4375
77.03937531 120648.984375
77.81763458 85261.4296875
80.58475494 93907.0
84.04488373 97214.90625
84.08152008 547024.375
86.09715271 1481807.625
102.0557785 179141.953125
120.0811691 4513919.5
121.0845261 233414.0
129.1021118 840695.125
130.0859375 297847.25
136.0761108 735516.375
143.1177368 110201.953125
147.1130219 628386.3125
159.0927887 124652.5390625
175.1178589 133910.359375
177.1026154 3274215.5
178.1063843 211197.9375
187.0709534 119998.2109375
187.1085815 340570.375
187.1449432 105565.515625
205.0978546 753583.375
208.5526276 117207.7265625
219.1499634 134919.546875
223.1082001 170106.875
251.1045074 159408.0625
258.1433411 178428.46875
262.1181641 159761.625
274.1891174 158512.265625
276.1540222 130580.6171875
352.3543701 120651.7265625
373.1905212 115032.2890625
439.2213135 222383.90625
518.2932739 131659.953125
526.2501221 480986.78125
625.3178711 233196.40625
633.3362427 222415.890625
819.6843872 109345.0546875
829.4039307 389117.78125
830.4124756 208328.484375
