1028.60975832886 2
72.08167267 291975.78125
80.45092773 56927.109375
84.08143616 139495.96875
86.09710693 2485011.75
87.10038757 83766.2578125
92.0292511 110683.0
104.1239548 64770.92578125
120.0812225 540774.875
129.1024475 311786.6875
136.0756531 70456.046875
147.1124573 101002.1796875
157.0973053 414519.84375
159.0769501 79112.984375
168.668045 54572.76171875
173.1287231 1664255.0
174.1317291 112761.2109375
175.1191864 341402.96875
187.1443329 134201.4375
191.1183167 130119.75
200.5803528 63261.7890625
201.1234894 897892.25
204.1345367 127538.7265625
215.1394501 248314.984375
242.1519165 67326.1015625
243.1341553 135128.375
256.1652527 306393.125
271.1096191 60628.2109375
286.1514587 68885.4609375
302.2756958 51832.42578125
303.176178 93110.1015625
399.2355957 76977.3046875
416.2615356 100297.6328125
421.6249695 59772.0
475.2545166 69526.546875
525.6057739 62434.84375
561.2973633 130835.6484375
586.3668213 897634.125
587.3705444 260564.390625
715.4119873 761951.5
716.4104004 124242.2734375
828.4971924 606195.1875
829.491394 294328.625
884.0183716 76202.359375
916.0541382 67751.890625
