1314.74290865467 3
91.05483246 27039.705078125
98.06031799 19389.1328125
101.0714798 101384.8125
102.0555725 29070.2109375
103.0548019 41803.015625
110.0716171 256546.9375
113.0712662 147591.390625
115.0873871 25531.943359375
120.0812073 867053.8125
120.0896378 34086.2890625
121.0845032 128562.4375
128.4466553 16831.91015625
129.1025543 347397.125
130.0865021 176055.46875
131.1184692 23470.56640625
133.0428772 24249.796875
136.0761108 160467.796875
142.1225739 38466.73828125
143.1181183 24137.990234375
147.1129913 265343.71875
151.7962494 16760.96875
157.133728 833560.1875
157.5082397 18203.89453125
158.1368256 75010.625
159.0914001 21062.462890625
161.0752258 36482.46484375
173.1286469 41855.09765625
175.1196442 122753.265625
185.12883 241509.359375
186.1328125 18986.611328125
187.1082611 79916.6015625
187.1441193 145178.078125
189.0693359 31964.12890625
197.1286774 24177.201171875
199.1083832 35035.62109375
199.1806183 496446.375
200.1399078 24883.57421875
200.1845703 35739.19921875
201.1242981 35123.89453125
215.1393585 78534.96875
217.0827332 35278.47265625
217.1341553 27784.669921875
223.1559296 73142.15625
227.1021271 140293.71875
227.1758423 114095.4453125
228.1361694 19453.20703125
233.1651611 27255.404296875
240.1345367 30828.271484375
242.1520691 37290.3984375
243.1333313 27708.53125
249.0977325 69828.0
251.1508484 94406.6796875
257.1619263 21917.28515625
258.1446533 40214.25
266.1256104 72030.125
267.1515808 28850.45703125
275.1719971 17790.48828125
288.2012939 23298.75
310.1766968 116297.28125
311.1781006 24674.26171875
340.186615 96969.3359375
345.2247925 26042.5
361.2029114 21288.1875
362.1817932 19614.2109375
364.1311646 19377.126953125
364.2210083 118150.9296875
364.7219543 102913.1796875
379.2088013 32687.56640625
381.151123 71998.8203125
388.2530518 34339.66015625
396.2039185 26291.2265625
423.2598877 90420.75
452.7294312 69820.203125
454.2102051 46880.671875
454.2673035 20287.27734375
464.1893005 21794.013671875
482.2001343 182506.140625
494.2345581 39736.9296875
500.2683105 22620.626953125
501.3395996 34789.51953125
509.2744141 22964.544921875
560.3239136 26239.505859375
561.3143311 20707.640625
567.2889404 42874.00390625
577.2739868 19129.96484375
582.3612061 28208.376953125
589.3689575 146167.578125
590.3676147 24246.408203125
595.2842407 218613.84375
596.2844849 36799.25390625
630.3786621 25693.421875
631.3788452 36511.94921875
650.350708 34104.92578125
671.3543091 33941.01953125
680.3710327 28620.84375
688.3737793 25445.0703125
688.4387817 32450.48046875
698.3839722 19409.283203125
708.3569946 28312.63671875
727.4318848 25616.181640625
758.3458252 40146.015625
803.3953857 69897.25
828.208313 22423.666015625
904.4532471 164539.421875
905.4494019 98885.3125
1017.520935 29851.10546875
1251.645142 21300.78125
