1701.90077115533 2
120.0739822 7372.0317382813
120.0811539 125187.0703125
121.0847702 6674.1811523438
129.1023712 14090.4541015625
132.079422 3041.1525878906
133.0428009 4849.1352539063
136.0754242 31519.130859375
136.0836639 2997.0642089844
143.1177673 29142.9609375
145.119812 3583.1789550781
147.1132507 6154.1767578125
152.3737946 4153.7006835938
156.0763702 4321.3608398438
157.0971069 12188.837890625
159.0913239 5087.3955078125
169.09729 6659.3676757813
171.1132355 43690.9296875
175.119339 42446.37109375
181.097641 7178.5522460938
183.1497345 6831.0615234375
185.0924835 6290.7802734375
185.1640167 5879.607421875
187.1455536 6314.8295898438
187.7386322 4838.6782226563
195.1120758 5983.2163085938
196.6340942 4958.5590820313
197.1297455 6138.8881835938
199.1080475 11421.2646484375
199.1806641 13150.431640625
201.1230164 27500.56640625
213.0874329 8089.384765625
213.1601563 5590.9052734375
214.1182098 4279.5942382813
215.138916 5565.1240234375
217.1334534 20988.751953125
219.1492767 26696.3046875
226.1188049 7613.0615234375
227.1030121 12084.970703125
227.1754456 38729.66796875
228.134964 6763.1489257813
229.1188965 12769.67578125
240.1348724 6087.955078125
242.1135254 6180.6826171875
242.1508179 9638.5849609375
243.1339569 7275.0673828125
245.1266632 18816.23828125
247.144455 14231.103515625
251.1042328 5137.8408203125
255.146225 7136.8872070313
262.1151123 4674.2729492188
266.1509094 11217.6064453125
273.1599731 13193.060546875
274.1870422 39850.0078125
280.1635742 8081.4580078125
288.2026062 6109.2783203125
312.1546936 7041.8784179688
313.1879272 10589.9306640625
318.1829224 51669.3515625
320.1259766 6625.3696289063
340.1872559 5841.1357421875
358.1647034 8066.1762695313
362.1698303 54637.1328125
363.2064514 8780.080078125
399.2260437 10306.1240234375
403.2307129 41296.1796875
429.2008057 8811.9189453125
436.2002563 7246.5346679688
445.7315674 6007.6401367188
450.2105408 7062.6103515625
460.2625732 10375.080078125
518.2580566 8640.97265625
526.2940063 8134.7543945313
567.2880249 7991.7680664063
597.7970581 25849.048828125
646.3404541 8895.462890625
647.3459473 10088.9287109375
688.0016479 6978.087890625
733.3738403 8564.5205078125
734.3666382 10270.9208984375
761.3946533 42972.12890625
762.3713379 13740.068359375
780.4241943 8776.712890625
811.4119873 31422.224609375
831.4786987 7318.6459960938
833.4389648 11308.1875
834.454834 8015.80078125
850.4754639 10635.2548828125
851.8642578 8038.9765625
852.4428101 24341.244140625
911.4916992 12973.177734375
924.4562988 8799.5078125
928.510376 211872.640625
929.5171509 98832.8828125
930.5212402 11433.6943359375
968.4884033 25860.80078125
1057.551636 51803.171875
1058.549072 23721.908203125
1149.562988 8755.4560546875
1168.573975 36256.4296875
1169.57666 28218.72265625
1170.623047 45155.0625
1171.633179 29077.486328125
1177.577271 8392.3251953125
1194.577637 33117.39453125
1210.56897 7983.5205078125
1282.655518 9875.77734375
1285.664429 75881.734375
1286.66748 26670.2265625
1305.664673 7157.966796875
1378.658325 52160.9921875
1384.733276 12165.697265625
