1059.49279370609 2
84.04499054 226417.4375
84.08167267 270778.3125
86.09712219 2746570.5
87.05579376 182997.8125
88.0401001 771104.0
91.05449677 155111.09375
101.0719223 251083.8125
104.0535507 541611.5
120.0810623 1995307.375
127.0869598 926498.0
127.656311 122386.921875
129.1020203 165985.21875
130.0652771 711789.6875
130.0867157 134921.359375
136.0759735 576790.1875
148.8943329 129024.6328125
157.1339417 2076450.625
158.0922699 208170.453125
159.0920715 1025396.4375
172.0756073 156345.1875
175.086853 516432.0625
175.1193085 1235985.625
185.1286163 1710130.375
187.0878296 238676.84375
217.0980377 541343.125
217.1371307 499259.84375
220.7750244 127969.7578125
234.124054 2201981.25
235.1287079 213787.421875
244.1091461 138392.015625
258.160675 510646.625
262.1194153 317968.375
284.1976624 166213.734375
321.1558838 254410.859375
334.1211853 146248.1875
439.2288208 1098860.5
478.6214905 143243.65625
554.2588501 788991.3125
592.2868042 1774274.625
646.3820801 209140.515625
667.3369751 999886.6875
668.3375854 170906.90625
778.3682251 1391323.75
798.3826904 1022809.6875
799.3790894 303781.8125
834.9675903 142822.140625
877.430603 838959.125
933.6378784 140282.453125
