1256.70451395932 2
87.05596924 12510.8251953125
87.10066986 23455.724609375
88.04029083 6342.1625976563
97.76832581 5621.0458984375
101.0716248 12471.1240234375
102.055748 25301.595703125
104.05336 26301.6171875
110.0717697 30982.33984375
113.0718994 7363.3413085938
114.0920868 8845.2392578125
116.0708542 7511.2084960938
116.976265 5957.2573242188
117.2829056 5271.5615234375
120.0813522 94415.4453125
121.0840149 9914.1572265625
129.1027832 51121.66796875
130.0658264 33866.0234375
130.0866241 23171.927734375
130.1799774 5318.0981445313
130.2606049 5440.2202148438
132.0812683 27931.53515625
136.0760193 43485.0859375
141.102356 71597.0625
143.1185455 13579.3388671875
144.9048767 5388.4174804688
147.1131287 44765.7265625
159.0924835 129820.890625
159.1129761 222824.828125
160.1169128 14343.396484375
161.0747528 10302.5029296875
167.0826263 7480.1040039063
169.0974426 7851.4165039063
169.134079 43814.99609375
169.3100739 5721.66015625
171.1131439 10814.376953125
174.0588837 12981.6845703125
175.1197662 25155.53515625
183.1134949 6117.6201171875
183.151535 7102.8012695313
185.1292572 6446.1645507813
185.4498444 5813.01171875
187.0875549 28636.53125
187.1082764 142272.25
197.1285858 56655.03125
199.180481 7969.6064453125
201.1239319 13556.1015625
210.0263672 39039.0234375
210.0799255 44792.76953125
212.1038361 48013.953125
213.1613312 5999.8559570313
214.0982666 13199.916015625
215.1400452 38737.5390625
217.0823517 5473.4692382813
221.5678711 6126.158203125
225.123291 7050.9770507813
227.1765289 6470.6870117188
229.1165619 8411.1123046875
233.1287231 7858.9995117188
235.107193 44858.16796875
240.134613 33600.3828125
243.134613 9842.6162109375
244.1291809 8047.53125
247.8204041 5987.0883789063
255.1473999 11199.9375
255.1713562 10316.0390625
258.1440735 69101.6015625
259.1480408 8324.3701171875
261.1242371 9530.6904296875
263.1036682 11179.08203125
272.1242981 9236.2890625
272.1762085 58626.04296875
276.1565247 70508.3828125
286.1395569 8849.7197265625
300.1656189 45547.67578125
300.1980286 12018.125
303.1035767 8288.2001953125
325.1887817 8104.5434570313
326.1698303 41587.765625
327.1724548 8357.6884765625
345.2337341 5774.5849609375
373.1673584 31855.98046875
375.2232666 9219.9599609375
381.2510681 6354.81640625
397.2176208 6055.4360351563
408.6296387 6616.2329101563
409.2399597 10010.1328125
412.2304993 12820.97265625
433.2076721 7563.3408203125
439.2556458 6856.830078125
441.2497864 6894.7036132813
454.2663269 9292.05859375
472.2781677 273174.21875
473.2815247 72748.796875
486.2541199 28094.76171875
572.3510132 7448.5913085938
585.3613281 61398.21875
586.3644409 12795.8505859375
701.5712891 6934.9663085938
767.4037476 9764.37109375
771.4419556 54163.65234375
772.4385986 38791.7578125
811.4570923 7440.6318359375
816.4020386 31004.8359375
839.394043 7449.083984375
840.4161987 7572.734375
882.4052734 8801.5830078125
957.5067749 29835.810546875
958.5247192 8746.7041015625
995.5093994 8462.4267578125
1013.541809 11092.44921875
