1349.73411495822 2
98.65065765 123852.21875
101.0715332 1657322.375
102.0556717 160450.5
120.0810928 2724855.5
127.890358 115087.5703125
129.1025085 628550.8125
130.0862579 196908.75
136.0756683 712979.6875
142.1227264 541286.75
143.117981 535326.625
147.1126862 776329.3125
159.0920868 173391.484375
169.1334229 530901.25
171.1135406 164873.0
172.4166718 126864.2734375
175.1190491 276877.46875
186.1225891 124623.7421875
187.1442871 13686643.0
188.148468 1070300.125
197.1287994 542736.0625
201.1233978 184460.921875
215.1390991 4733888.5
216.1427002 640653.75
244.1667023 212735.84375
248.1594696 1028765.75
249.123642 744551.375
272.1609802 160805.9375
277.1179504 1238258.375
278.1138916 624075.0
290.1174927 151200.796875
298.1428833 159745.859375
298.1763 3268946.25
299.1776733 300201.0
304.3578186 142215.421875
316.1859436 1309970.125
379.1980591 461557.3125
383.2655945 610374.0
411.2611389 311711.0625
418.2139282 133563.59375
436.2217712 2420321.0
437.2237244 555176.625
459.2670898 181765.671875
486.2569275 178764.015625
489.2428284 169478.46875
549.3058472 272822.75
606.3320313 873469.125
607.3244019 153257.28125
661.3231812 702606.5
689.361084 175377.46875
693.3838501 147311.21875
707.3776245 1662751.25
708.3807983 871722.1875
709.3664551 161362.03125
776.3515625 675720.1875
822.4017334 1550407.0
823.401062 579191.375
896.3534546 147780.421875
903.4506226 256084.046875
921.4717407 2403499.0
922.4723511 1307656.75
923.4637451 296368.25
962.4319458 1092004.125
1034.545654 557334.75
1035.557617 268762.90625
1135.591797 1026551.5625
1136.602905 518373.125
