944.503791870034 2
70.06600952 473860.1875
84.0451355 483018.5625
84.08149719 634866.625
84.86559296 89858.8671875
86.09711456 2111654.0
88.04004669 113892.921875
101.0715942 104333.4453125
102.0555954 491613.59375
108.1490402 101508.828125
109.8394928 82771.40625
120.081192 189850.6875
129.0658875 333136.78125
129.1024933 879410.875
130.0865631 144974.78125
136.0758362 827914.4375
147.1132813 173378.609375
157.0981293 131461.734375
173.0921783 215846.09375
173.1291809 163108.453125
175.1190033 347261.84375
176.3396454 98935.8515625
187.1439667 143782.734375
197.1289673 1085825.0
201.0874023 428842.40625
204.1357117 675611.25
215.1391296 1460023.625
231.1503448 95306.9296875
234.1255798 104240.640625
315.1293945 189992.796875
317.2174683 396058.625
386.1650696 177300.859375
388.2587585 130564.984375
467.3370056 81684.15625
502.2984619 363703.0
702.375061 378874.6875
744.392334 163059.15625
825.2337036 98421.890625
915.3495483 93766.5390625
