1159.67581984218 2
84.04515839 438033.40625
84.08145905 363440.78125
85.41203308 94604.421875
86.09711456 5363376.5
87.05576324 112319.1484375
87.10031128 392890.25
95.79901886 80529.1171875
101.0714874 193788.21875
102.0557556 482022.0
104.0534973 216293.46875
105.2590637 102847.265625
119.1937408 84765.578125
120.0812454 938695.1875
122.5444412 105892.28125
129.0662689 133696.671875
129.1025543 435336.40625
130.086792 498165.75
136.0761566 221870.09375
140.361969 87436.9921875
141.7030945 113010.671875
143.0823975 112249.9609375
143.1173706 102640.703125
147.1131134 609611.75
163.645462 118783.4921875
170.11763 162358.859375
173.1283264 418879.53125
175.1190948 128363.1484375
179.4531708 101484.6484375
183.112442 154971.234375
197.1287231 1013597.25
199.1805878 102659.1328125
200.1378021 107836.9375
201.1230164 237091.25
215.1390839 2719809.5
216.1426239 585772.75
219.0804901 418228.53125
225.1218109 216789.296875
228.1344757 102821.5234375
231.8817291 100750.875
242.1500244 486574.15625
243.1335602 1060383.125
244.1658173 148404.234375
246.1820526 233526.265625
270.1764832 94843.1796875
275.3078613 103733.59375
284.338501 101117.234375
314.1523132 172749.828125
332.1641235 381243.9375
341.2176514 153928.4375
345.2503357 406119.09375
373.1921387 219098.3125
407.2308044 138133.703125
430.2314453 173168.0
455.3009033 154123.953125
460.2231445 178182.109375
461.2236938 140848.0
473.3099365 201779.125
474.309967 123414.5234375
559.2883301 395080.65625
586.3913574 501133.65625
612.6394043 116053.9375
717.4276123 166682.515625
804.463501 966210.625
805.463623 518276.53125
917.5449219 142678.546875
918.5338135 145208.9375
1124.524536 118282.5703125
