860.49327632232 2
69.07062531 157098.453125
70.06600952 2311037.5
72.08152008 907701.5625
74.06077576 538111.625
84.0449295 148092.046875
84.08154297 847115.125
86.06030273 89982.734375
86.09712219 4458913.5
86.10234833 177730.390625
87.10045624 173625.578125
98.06050873 85657.890625
101.0708618 82083.4921875
102.0921021 90628.0
104.0533371 168776.453125
109.6323929 86476.046875
115.0870056 79825.078125
116.0712738 179305.5
120.0810013 367332.90625
125.315567 70510.953125
129.0657043 99251.21875
129.1025543 857736.3125
130.0864716 351284.9375
136.0753479 150440.71875
141.1023712 161168.15625
147.1128693 673598.25
158.0918427 135320.703125
161.0924225 289866.15625
169.0973663 190470.421875
169.1341858 82056.890625
171.0767517 340207.71875
173.1286316 136445.34375
175.1192932 357514.34375
185.1657867 413062.0
186.1691132 87648.609375
201.1239014 363104.40625
202.0821533 97067.2578125
203.7706451 79337.90625
218.1501465 90126.9921875
316.1271362 99590.1953125
342.2068481 159277.6875
342.7087097 98440.15625
374.2067566 570004.9375
374.7080688 410116.125
417.1793518 128711.9921875
432.2813721 121605.359375
514.3740845 96853.9296875
579.3213501 83419.90625
617.1572266 84601.703125
648.3059082 109327.8359375
650.3547974 125418.234375
672.4415894 133925.59375
