804.445159534864 2
69.07065582 4570850.5
70.06578064 285649.03125
72.08164215 307120.78125
74.06087494 2344940.0
84.08140564 2006529.75
85.67533112 279227.4375
86.0970459 62283608.0
87.05596161 388507.75
87.10028076 2770357.25
101.071846 468068.40625
120.0809021 508089.5625
125.1076813 712073.125
129.1024628 3349002.75
130.086319 1296063.125
140.4687653 285201.75
142.1225586 6692643.5
143.1263885 403211.125
147.1127014 3251365.25
152.1072845 1694180.375
169.1333771 681719.3125
175.118515 375467.84375
187.1440277 16031622.0
188.1476898 1434637.5
197.1277771 2107764.75
215.138916 5464479.0
215.1559448 427840.25
216.0988617 698727.0625
216.1413727 506142.1875
226.1199646 423925.03125
244.1307678 564614.125
262.1396179 5060610.0
314.1000366 555986.25
323.1343384 394855.03125
331.1249695 2380234.0
332.1240234 334662.59375
359.1554565 2428638.5
376.1818237 4123107.75
377.1830444 535272.3125
430.326355 382317.03125
451.4966736 326324.8125
460.2050781 1599457.625
461.2041931 354153.3125
477.2306213 9014866.0
478.2340088 1630569.375
488.2099915 295473.1875
524.7061768 344963.9375
590.3140259 4659031.0
591.3165894 1883071.25
592.3238525 322509.875
662.1119995 402116.71875
691.362854 3514937.75
692.3613281 1561623.5
