1217.71440812934 2
86.09724426 752066.6875
88.75774384 35684.94921875
93.80081177 39880.65625
102.0559387 49916.62890625
103.0546722 82884.984375
110.6234436 44119.5859375
120.0811234 3575188.0
121.0846863 253713.234375
129.1026154 219436.890625
131.283371 42322.78125
136.0761719 84265.484375
147.1130219 248051.703125
150.1133881 42858.77734375
165.1971893 40623.66796875
173.1288452 359872.15625
175.118576 59380.515625
187.108139 185853.1875
201.123703 198671.59375
219.149353 1974108.375
220.1529236 212148.71875
226.1551361 197021.078125
227.1764526 56371.4453125
229.1188965 71385.046875
244.1660004 935847.8125
245.1690063 158453.59375
247.1443329 384092.1875
248.1481934 43414.703125
316.1485596 448375.375
334.1758118 182644.8125
342.2016296 80466.0078125
343.2337341 170517.609375
385.1719971 206006.359375
403.1828308 52105.80078125
411.2226563 45301.02734375
415.2192383 50188.44140625
429.2345581 395825.46875
430.2400818 52665.41796875
480.2423401 48357.953125
497.2955627 47536.51171875
498.2576904 423298.6875
499.2587585 58091.5390625
516.2667847 247532.21875
528.3068237 76349.4921875
611.3383179 319291.125
615.3357544 71474.8203125
629.3460083 156896.0
771.4628296 77278.7109375
971.5705566 235060.34375
972.5780029 155198.390625
