1587.77647536673 2
110.0714111 19783.55859375
115.0863876 13352.2275390625
116.0162888 6853.08203125
120.0805359 57699.8203125
128.9408569 6656.3842773438
129.0653839 8703.673828125
129.102356 79946.6328125
130.0858154 18794.03125
132.0792389 7752.31640625
133.0430603 21771.40625
136.0755157 93063.4375
141.1019287 15043.962890625
143.081604 19532.11328125
143.1178436 15242.544921875
147.1125641 54001.0
147.1226654 7845.0278320313
155.0813293 11968.771484375
156.9680481 7844.46484375
157.0605316 7473.134765625
157.1338501 143386.4375
158.0140076 7907.0083007813
158.027298 9147.3447265625
158.0922089 14258.73046875
159.0757599 12872.134765625
159.091568 54561.80078125
169.0970001 18603.0546875
169.1334229 18628.2421875
171.1131897 10355.5244140625
173.0919189 14340.3125
173.1279297 9208.5830078125
175.1188202 110482.4609375
183.1130981 14280.794921875
183.1494446 11557.3818359375
185.1287689 213060.390625
187.1437378 44969.3828125
191.0805206 10300.162109375
197.1287079 39843.7265625
199.0716248 14375.94921875
199.1446991 14277.3720703125
199.180481 47432.08984375
200.1027069 69258.046875
200.1395416 38988.59765625
201.086731 11645.9111328125
201.1064301 10296.2001953125
201.1233215 76849.0078125
201.1387177 10938.9169921875
203.1211853 9770.359375
211.1447296 23231.763671875
212.1019745 11407.3505859375
213.0871887 12899.7060546875
215.1389313 20439.986328125
217.0822754 14553.3671875
225.0991974 18462.30859375
226.0827332 12696.365234375
226.1191254 43358.515625
227.1754913 62009.84375
228.1345062 25681.17578125
229.1178284 55173.73046875
235.1093292 9527.693359375
237.1233215 13558.2451171875
243.1100311 21442.775390625
243.1326141 12368.3310546875
244.0930786 21793.40234375
248.0718842 11080.564453125
256.165741 197426.546875
257.1664429 10396.82421875
258.1102295 13578.142578125
260.1057434 13800.8486328125
270.1763306 9599.384765625
271.1395874 34904.2265625
284.197998 36659.8359375
286.1507568 20453.34765625
290.1493225 19044.8203125
296.1963501 15183.4677734375
297.1552734 12149.7314453125
299.1720886 20991.75390625
299.2072449 19170.509765625
300.1584473 10712.705078125
303.1774292 103736.203125
311.1698914 12771.1142578125
312.1569214 25248.494140625
314.1451721 23917.083984375
322.1776428 11806.015625
327.1325073 16668.849609375
327.203125 39885.43359375
339.1665344 22134.494140625
344.1500244 12289.296875
344.2257385 10143.4619140625
352.6195068 10497.38671875
354.1774597 12692.0146484375
356.1911621 15170.6123046875
360.1899414 14021.935546875
368.1580811 14779.68359375
376.1161499 15555.37109375
390.0903015 17736.376953125
409.2763977 13917.162109375
412.160614 12661.1279296875
421.2450562 11338.775390625
425.239563 43006.296875
432.2245789 22260.30078125
442.3040466 11621.6884765625
453.2458496 22427.669921875
459.2725525 14358.4921875
469.2478638 10769.025390625
471.2585144 13437.7216796875
476.2555847 11888.26953125
489.2674561 79744.6796875
498.2707825 19533.470703125
544.314209 18274.9296875
563.2610474 152145.671875
564.2625732 21339.80859375
571.3463135 16207.03515625
617.3358765 79323.84375
636.8111572 14153.4765625
671.421936 18244.8359375
678.2884521 84417.6328125
679.2932739 17190.73828125
742.461731 63113.16796875
743.4637451 17398.44921875
746.3803711 65959.8828125
795.4607544 59372.41796875
807.3264771 126220.96875
808.3325195 44805.6171875
821.3386841 18117.453125
906.3980713 302131.5625
907.4016724 109408.8125
908.4126587 22259.095703125
932.4557495 112154.203125
961.4903564 13574.7880859375
1019.474548 95777.4296875
1020.493225 24276.03125
1047.513428 14416.970703125
1089.54248 16292.998046875
1117.511108 12999.23046875
1118.535767 22035.62109375
1133.525269 183110.0625
1134.516357 82419.4296875
1135.528931 24345.33203125
1159.610596 25141.728515625
1199.680298 19749.248046875
1204.622192 15587.7236328125
1232.590332 37283.25390625
1244.565674 45233.1953125
1245.555298 20483.279296875
1261.577271 62266.4609375
1332.613892 46264.56640625
1333.619385 17375.53125
1361.636841 21548.513671875
